Trial no,Sensor position,Sample No,Sensor val,Matching condition
77,FP1,0,-9.277,S2M
77,FP1,1,-5.859,S2M
77,FP1,2,-2.930,S2M
77,FP1,3,-0.977,S2M
77,FP1,4,0.000,S2M
77,FP1,5,0.977,S2M
77,FP1,6,2.930,S2M
77,FP1,7,6.348,S2M
77,FP1,8,9.766,S2M
77,FP1,9,12.695,S2M
77,FP1,10,13.672,S2M
77,FP1,11,14.648,S2M
77,FP1,12,14.648,S2M
77,FP1,13,15.137,S2M
77,FP1,14,14.160,S2M
77,FP1,15,10.742,S2M
77,FP1,16,5.371,S2M
77,FP1,17,-0.488,S2M
77,FP1,18,-4.395,S2M
77,FP1,19,-5.859,S2M
77,FP1,20,-5.859,S2M
77,FP1,21,-5.859,S2M
77,FP1,22,-6.836,S2M
77,FP1,23,-8.301,S2M
77,FP1,24,-9.766,S2M
77,FP1,25,-9.766,S2M
77,FP1,26,-8.789,S2M
77,FP1,27,-8.789,S2M
77,FP1,28,-8.789,S2M
77,FP1,29,-8.789,S2M
77,FP1,30,-8.301,S2M
77,FP1,31,-5.859,S2M
77,FP1,32,-2.930,S2M
77,FP1,33,0.000,S2M
77,FP1,34,0.488,S2M
77,FP1,35,-0.977,S2M
77,FP1,36,-2.441,S2M
77,FP1,37,-1.953,S2M
77,FP1,38,0.488,S2M
77,FP1,39,4.395,S2M
77,FP1,40,6.348,S2M
77,FP1,41,5.371,S2M
77,FP1,42,2.441,S2M
77,FP1,43,-0.488,S2M
77,FP1,44,-1.953,S2M
77,FP1,45,-1.953,S2M
77,FP1,46,-1.465,S2M
77,FP1,47,-1.953,S2M
77,FP1,48,-4.883,S2M
77,FP1,49,-7.812,S2M
77,FP1,50,-9.766,S2M
77,FP1,51,-9.277,S2M
77,FP1,52,-7.324,S2M
77,FP1,53,-4.883,S2M
77,FP1,54,-2.930,S2M
77,FP1,55,-1.465,S2M
77,FP1,56,0.000,S2M
77,FP1,57,1.953,S2M
77,FP1,58,4.883,S2M
77,FP1,59,7.812,S2M
77,FP1,60,8.789,S2M
77,FP1,61,7.812,S2M
77,FP1,62,5.859,S2M
77,FP1,63,3.906,S2M
77,FP1,64,2.930,S2M
77,FP1,65,1.953,S2M
77,FP1,66,0.488,S2M
77,FP1,67,-2.441,S2M
77,FP1,68,-6.348,S2M
77,FP1,69,-8.789,S2M
77,FP1,70,-10.254,S2M
77,FP1,71,-9.766,S2M
77,FP1,72,-8.789,S2M
77,FP1,73,-8.789,S2M
77,FP1,74,-10.254,S2M
77,FP1,75,-12.207,S2M
77,FP1,76,-12.695,S2M
77,FP1,77,-12.207,S2M
77,FP1,78,-9.277,S2M
77,FP1,79,-4.883,S2M
77,FP1,80,-0.977,S2M
77,FP1,81,2.441,S2M
77,FP1,82,3.906,S2M
77,FP1,83,3.906,S2M
77,FP1,84,2.930,S2M
77,FP1,85,2.441,S2M
77,FP1,86,1.953,S2M
77,FP1,87,1.465,S2M
77,FP1,88,0.488,S2M
77,FP1,89,-0.977,S2M
77,FP1,90,-3.906,S2M
77,FP1,91,-7.324,S2M
77,FP1,92,-10.742,S2M
77,FP1,93,-13.672,S2M
77,FP1,94,-15.625,S2M
77,FP1,95,-16.602,S2M
77,FP1,96,-17.090,S2M
77,FP1,97,-17.090,S2M
77,FP1,98,-17.090,S2M
77,FP1,99,-17.578,S2M
77,FP1,100,-18.066,S2M
77,FP1,101,-18.066,S2M
77,FP1,102,-16.602,S2M
77,FP1,103,-14.648,S2M
77,FP1,104,-12.207,S2M
77,FP1,105,-10.254,S2M
77,FP1,106,-9.766,S2M
77,FP1,107,-9.277,S2M
77,FP1,108,-8.789,S2M
77,FP1,109,-7.812,S2M
77,FP1,110,-6.836,S2M
77,FP1,111,-5.371,S2M
77,FP1,112,-3.906,S2M
77,FP1,113,-2.441,S2M
77,FP1,114,-0.977,S2M
77,FP1,115,-0.488,S2M
77,FP1,116,-1.953,S2M
77,FP1,117,-4.883,S2M
77,FP1,118,-7.812,S2M
77,FP1,119,-10.254,S2M
77,FP1,120,-10.742,S2M
77,FP1,121,-10.742,S2M
77,FP1,122,-10.742,S2M
77,FP1,123,-10.742,S2M
77,FP1,124,-11.719,S2M
77,FP1,125,-11.719,S2M
77,FP1,126,-11.230,S2M
77,FP1,127,-10.254,S2M
77,FP1,128,-9.277,S2M
77,FP1,129,-7.812,S2M
77,FP1,130,-4.883,S2M
77,FP1,131,-0.488,S2M
77,FP1,132,4.883,S2M
77,FP1,133,9.277,S2M
77,FP1,134,10.742,S2M
77,FP1,135,9.277,S2M
77,FP1,136,6.836,S2M
77,FP1,137,5.371,S2M
77,FP1,138,4.883,S2M
77,FP1,139,6.348,S2M
77,FP1,140,6.836,S2M
77,FP1,141,5.859,S2M
77,FP1,142,3.906,S2M
77,FP1,143,1.953,S2M
77,FP1,144,0.488,S2M
77,FP1,145,-0.977,S2M
77,FP1,146,-2.441,S2M
77,FP1,147,-5.859,S2M
77,FP1,148,-9.766,S2M
77,FP1,149,-13.672,S2M
77,FP1,150,-16.113,S2M
77,FP1,151,-16.113,S2M
77,FP1,152,-14.160,S2M
77,FP1,153,-10.254,S2M
77,FP1,154,-6.836,S2M
77,FP1,155,-4.395,S2M
77,FP1,156,-2.930,S2M
77,FP1,157,-2.441,S2M
77,FP1,158,-1.953,S2M
77,FP1,159,-1.953,S2M
77,FP1,160,-1.953,S2M
77,FP1,161,-1.953,S2M
77,FP1,162,-2.930,S2M
77,FP1,163,-4.883,S2M
77,FP1,164,-6.348,S2M
77,FP1,165,-7.324,S2M
77,FP1,166,-6.836,S2M
77,FP1,167,-5.859,S2M
77,FP1,168,-5.859,S2M
77,FP1,169,-6.836,S2M
77,FP1,170,-8.789,S2M
77,FP1,171,-10.742,S2M
77,FP1,172,-11.230,S2M
77,FP1,173,-10.254,S2M
77,FP1,174,-8.789,S2M
77,FP1,175,-7.324,S2M
77,FP1,176,-6.348,S2M
77,FP1,177,-7.324,S2M
77,FP1,178,-7.812,S2M
77,FP1,179,-7.324,S2M
77,FP1,180,-4.883,S2M
77,FP1,181,-0.977,S2M
77,FP1,182,1.465,S2M
77,FP1,183,2.930,S2M
77,FP1,184,1.953,S2M
77,FP1,185,0.000,S2M
77,FP1,186,-1.953,S2M
77,FP1,187,-2.441,S2M
77,FP1,188,-2.441,S2M
77,FP1,189,-2.930,S2M
77,FP1,190,-3.418,S2M
77,FP1,191,-5.371,S2M
77,FP1,192,-7.324,S2M
77,FP1,193,-7.324,S2M
77,FP1,194,-5.859,S2M
77,FP1,195,-3.418,S2M
77,FP1,196,-0.488,S2M
77,FP1,197,1.465,S2M
77,FP1,198,0.977,S2M
77,FP1,199,0.000,S2M
77,FP1,200,-0.977,S2M
77,FP1,201,-1.953,S2M
77,FP1,202,-2.930,S2M
77,FP1,203,-4.395,S2M
77,FP1,204,-5.371,S2M
77,FP1,205,-6.348,S2M
77,FP1,206,-4.883,S2M
77,FP1,207,-3.418,S2M
77,FP1,208,-1.953,S2M
77,FP1,209,-1.465,S2M
77,FP1,210,-2.441,S2M
77,FP1,211,-3.906,S2M
77,FP1,212,-4.883,S2M
77,FP1,213,-4.883,S2M
77,FP1,214,-2.930,S2M
77,FP1,215,-0.488,S2M
77,FP1,216,2.441,S2M
77,FP1,217,4.883,S2M
77,FP1,218,4.883,S2M
77,FP1,219,2.441,S2M
77,FP1,220,-1.465,S2M
77,FP1,221,-4.395,S2M
77,FP1,222,-5.859,S2M
77,FP1,223,-4.395,S2M
77,FP1,224,-1.465,S2M
77,FP1,225,1.465,S2M
77,FP1,226,3.418,S2M
77,FP1,227,3.418,S2M
77,FP1,228,2.930,S2M
77,FP1,229,1.953,S2M
77,FP1,230,1.953,S2M
77,FP1,231,1.953,S2M
77,FP1,232,2.441,S2M
77,FP1,233,2.930,S2M
77,FP1,234,2.930,S2M
77,FP1,235,2.930,S2M
77,FP1,236,2.930,S2M
77,FP1,237,3.418,S2M
77,FP1,238,4.883,S2M
77,FP1,239,6.348,S2M
77,FP1,240,7.324,S2M
77,FP1,241,7.812,S2M
77,FP1,242,7.812,S2M
77,FP1,243,6.348,S2M
77,FP1,244,5.859,S2M
77,FP1,245,5.859,S2M
77,FP1,246,6.836,S2M
77,FP1,247,7.812,S2M
77,FP1,248,8.789,S2M
77,FP1,249,8.789,S2M
77,FP1,250,8.301,S2M
77,FP1,251,7.324,S2M
77,FP1,252,6.836,S2M
77,FP1,253,6.836,S2M
77,FP1,254,7.812,S2M
77,FP1,255,8.789,S2M
77,FP2,0,-10.783,S2M
77,FP2,1,-6.877,S2M
77,FP2,2,-3.947,S2M
77,FP2,3,-2.482,S2M
77,FP2,4,-2.482,S2M
77,FP2,5,-1.994,S2M
77,FP2,6,-0.529,S2M
77,FP2,7,2.889,S2M
77,FP2,8,7.772,S2M
77,FP2,9,13.143,S2M
77,FP2,10,16.561,S2M
77,FP2,11,18.514,S2M
77,FP2,12,18.514,S2M
77,FP2,13,17.537,S2M
77,FP2,14,15.096,S2M
77,FP2,15,11.678,S2M
77,FP2,16,6.795,S2M
77,FP2,17,1.912,S2M
77,FP2,18,-1.506,S2M
77,FP2,19,-2.970,S2M
77,FP2,20,-3.459,S2M
77,FP2,21,-3.459,S2M
77,FP2,22,-3.459,S2M
77,FP2,23,-4.435,S2M
77,FP2,24,-5.412,S2M
77,FP2,25,-6.388,S2M
77,FP2,26,-7.365,S2M
77,FP2,27,-7.853,S2M
77,FP2,28,-7.853,S2M
77,FP2,29,-7.365,S2M
77,FP2,30,-5.900,S2M
77,FP2,31,-3.459,S2M
77,FP2,32,-1.506,S2M
77,FP2,33,0.448,S2M
77,FP2,34,0.448,S2M
77,FP2,35,-0.041,S2M
77,FP2,36,-0.041,S2M
77,FP2,37,1.424,S2M
77,FP2,38,4.354,S2M
77,FP2,39,6.795,S2M
77,FP2,40,8.748,S2M
77,FP2,41,8.260,S2M
77,FP2,42,6.307,S2M
77,FP2,43,4.354,S2M
77,FP2,44,2.889,S2M
77,FP2,45,1.912,S2M
77,FP2,46,0.448,S2M
77,FP2,47,-2.970,S2M
77,FP2,48,-5.900,S2M
77,FP2,49,-8.341,S2M
77,FP2,50,-8.830,S2M
77,FP2,51,-7.853,S2M
77,FP2,52,-6.388,S2M
77,FP2,53,-5.412,S2M
77,FP2,54,-4.924,S2M
77,FP2,55,-3.459,S2M
77,FP2,56,-1.017,S2M
77,FP2,57,2.401,S2M
77,FP2,58,5.819,S2M
77,FP2,59,8.748,S2M
77,FP2,60,8.748,S2M
77,FP2,61,8.260,S2M
77,FP2,62,6.795,S2M
77,FP2,63,5.330,S2M
77,FP2,64,3.866,S2M
77,FP2,65,2.889,S2M
77,FP2,66,0.448,S2M
77,FP2,67,-3.459,S2M
77,FP2,68,-7.853,S2M
77,FP2,69,-10.783,S2M
77,FP2,70,-11.759,S2M
77,FP2,71,-10.295,S2M
77,FP2,72,-7.853,S2M
77,FP2,73,-7.365,S2M
77,FP2,74,-7.853,S2M
77,FP2,75,-9.318,S2M
77,FP2,76,-8.830,S2M
77,FP2,77,-6.877,S2M
77,FP2,78,-3.947,S2M
77,FP2,79,-1.017,S2M
77,FP2,80,-0.041,S2M
77,FP2,81,0.936,S2M
77,FP2,82,0.936,S2M
77,FP2,83,1.912,S2M
77,FP2,84,1.912,S2M
77,FP2,85,1.424,S2M
77,FP2,86,-0.529,S2M
77,FP2,87,-1.994,S2M
77,FP2,88,-2.970,S2M
77,FP2,89,-3.947,S2M
77,FP2,90,-5.900,S2M
77,FP2,91,-8.830,S2M
77,FP2,92,-12.736,S2M
77,FP2,93,-16.154,S2M
77,FP2,94,-17.131,S2M
77,FP2,95,-16.642,S2M
77,FP2,96,-16.642,S2M
77,FP2,97,-18.107,S2M
77,FP2,98,-21.037,S2M
77,FP2,99,-23.966,S2M
77,FP2,100,-24.455,S2M
77,FP2,101,-21.525,S2M
77,FP2,102,-16.642,S2M
77,FP2,103,-12.248,S2M
77,FP2,104,-10.295,S2M
77,FP2,105,-10.783,S2M
77,FP2,106,-12.736,S2M
77,FP2,107,-13.713,S2M
77,FP2,108,-13.713,S2M
77,FP2,109,-11.759,S2M
77,FP2,110,-9.318,S2M
77,FP2,111,-6.388,S2M
77,FP2,112,-3.459,S2M
77,FP2,113,-1.506,S2M
77,FP2,114,-0.529,S2M
77,FP2,115,-0.529,S2M
77,FP2,116,-2.482,S2M
77,FP2,117,-3.947,S2M
77,FP2,118,-5.900,S2M
77,FP2,119,-6.877,S2M
77,FP2,120,-7.365,S2M
77,FP2,121,-8.341,S2M
77,FP2,122,-9.318,S2M
77,FP2,123,-10.295,S2M
77,FP2,124,-10.783,S2M
77,FP2,125,-10.295,S2M
77,FP2,126,-8.830,S2M
77,FP2,127,-6.388,S2M
77,FP2,128,-4.435,S2M
77,FP2,129,-2.970,S2M
77,FP2,130,-1.506,S2M
77,FP2,131,-0.041,S2M
77,FP2,132,1.912,S2M
77,FP2,133,3.866,S2M
77,FP2,134,5.819,S2M
77,FP2,135,8.260,S2M
77,FP2,136,9.725,S2M
77,FP2,137,11.190,S2M
77,FP2,138,12.166,S2M
77,FP2,139,12.166,S2M
77,FP2,140,10.701,S2M
77,FP2,141,8.260,S2M
77,FP2,142,5.819,S2M
77,FP2,143,4.842,S2M
77,FP2,144,4.354,S2M
77,FP2,145,3.377,S2M
77,FP2,146,0.448,S2M
77,FP2,147,-4.435,S2M
77,FP2,148,-9.806,S2M
77,FP2,149,-14.201,S2M
77,FP2,150,-16.154,S2M
77,FP2,151,-15.177,S2M
77,FP2,152,-13.224,S2M
77,FP2,153,-11.271,S2M
77,FP2,154,-10.295,S2M
77,FP2,155,-10.295,S2M
77,FP2,156,-10.295,S2M
77,FP2,157,-9.806,S2M
77,FP2,158,-9.318,S2M
77,FP2,159,-8.341,S2M
77,FP2,160,-6.388,S2M
77,FP2,161,-4.435,S2M
77,FP2,162,-3.947,S2M
77,FP2,163,-5.412,S2M
77,FP2,164,-7.365,S2M
77,FP2,165,-10.295,S2M
77,FP2,166,-11.271,S2M
77,FP2,167,-11.759,S2M
77,FP2,168,-11.759,S2M
77,FP2,169,-12.248,S2M
77,FP2,170,-13.713,S2M
77,FP2,171,-15.666,S2M
77,FP2,172,-17.131,S2M
77,FP2,173,-16.642,S2M
77,FP2,174,-14.689,S2M
77,FP2,175,-12.736,S2M
77,FP2,176,-12.248,S2M
77,FP2,177,-13.224,S2M
77,FP2,178,-14.201,S2M
77,FP2,179,-13.713,S2M
77,FP2,180,-11.271,S2M
77,FP2,181,-7.853,S2M
77,FP2,182,-3.947,S2M
77,FP2,183,-1.506,S2M
77,FP2,184,-1.506,S2M
77,FP2,185,-2.970,S2M
77,FP2,186,-4.435,S2M
77,FP2,187,-4.924,S2M
77,FP2,188,-4.924,S2M
77,FP2,189,-4.924,S2M
77,FP2,190,-5.412,S2M
77,FP2,191,-6.877,S2M
77,FP2,192,-9.318,S2M
77,FP2,193,-11.759,S2M
77,FP2,194,-12.736,S2M
77,FP2,195,-12.736,S2M
77,FP2,196,-10.783,S2M
77,FP2,197,-8.341,S2M
77,FP2,198,-6.877,S2M
77,FP2,199,-6.388,S2M
77,FP2,200,-6.877,S2M
77,FP2,201,-8.830,S2M
77,FP2,202,-9.806,S2M
77,FP2,203,-9.806,S2M
77,FP2,204,-9.318,S2M
77,FP2,205,-7.853,S2M
77,FP2,206,-5.900,S2M
77,FP2,207,-3.947,S2M
77,FP2,208,-2.970,S2M
77,FP2,209,-2.970,S2M
77,FP2,210,-2.970,S2M
77,FP2,211,-3.947,S2M
77,FP2,212,-3.947,S2M
77,FP2,213,-3.947,S2M
77,FP2,214,-3.459,S2M
77,FP2,215,-2.482,S2M
77,FP2,216,-1.506,S2M
77,FP2,217,-0.041,S2M
77,FP2,218,0.448,S2M
77,FP2,219,-1.017,S2M
77,FP2,220,-2.970,S2M
77,FP2,221,-4.924,S2M
77,FP2,222,-6.388,S2M
77,FP2,223,-5.412,S2M
77,FP2,224,-2.970,S2M
77,FP2,225,0.936,S2M
77,FP2,226,3.377,S2M
77,FP2,227,3.866,S2M
77,FP2,228,2.889,S2M
77,FP2,229,0.936,S2M
77,FP2,230,-0.529,S2M
77,FP2,231,-0.041,S2M
77,FP2,232,1.424,S2M
77,FP2,233,3.866,S2M
77,FP2,234,5.819,S2M
77,FP2,235,5.330,S2M
77,FP2,236,3.377,S2M
77,FP2,237,0.448,S2M
77,FP2,238,-1.017,S2M
77,FP2,239,-1.017,S2M
77,FP2,240,0.936,S2M
77,FP2,241,3.377,S2M
77,FP2,242,4.354,S2M
77,FP2,243,3.866,S2M
77,FP2,244,2.889,S2M
77,FP2,245,2.889,S2M
77,FP2,246,3.866,S2M
77,FP2,247,4.842,S2M
77,FP2,248,4.842,S2M
77,FP2,249,3.866,S2M
77,FP2,250,2.401,S2M
77,FP2,251,1.912,S2M
77,FP2,252,2.401,S2M
77,FP2,253,4.354,S2M
77,FP2,254,5.819,S2M
77,FP2,255,6.307,S2M
77,F7,0,-12.614,S2M
77,F7,1,-9.196,S2M
77,F7,2,-4.801,S2M
77,F7,3,-0.407,S2M
77,F7,4,3.499,S2M
77,F7,5,6.429,S2M
77,F7,6,9.847,S2M
77,F7,7,12.777,S2M
77,F7,8,14.730,S2M
77,F7,9,14.730,S2M
77,F7,10,15.218,S2M
77,F7,11,15.706,S2M
77,F7,12,16.195,S2M
77,F7,13,17.171,S2M
77,F7,14,16.195,S2M
77,F7,15,12.777,S2M
77,F7,16,7.894,S2M
77,F7,17,3.499,S2M
77,F7,18,0.570,S2M
77,F7,19,-1.383,S2M
77,F7,20,-2.848,S2M
77,F7,21,-5.290,S2M
77,F7,22,-7.731,S2M
77,F7,23,-9.684,S2M
77,F7,24,-10.661,S2M
77,F7,25,-10.173,S2M
77,F7,26,-9.684,S2M
77,F7,27,-9.684,S2M
77,F7,28,-10.661,S2M
77,F7,29,-10.661,S2M
77,F7,30,-9.196,S2M
77,F7,31,-5.778,S2M
77,F7,32,-2.848,S2M
77,F7,33,-0.895,S2M
77,F7,34,-1.872,S2M
77,F7,35,-4.313,S2M
77,F7,36,-5.778,S2M
77,F7,37,-4.801,S2M
77,F7,38,-1.383,S2M
77,F7,39,3.011,S2M
77,F7,40,5.452,S2M
77,F7,41,4.964,S2M
77,F7,42,2.035,S2M
77,F7,43,-0.407,S2M
77,F7,44,-1.872,S2M
77,F7,45,-1.383,S2M
77,F7,46,-1.872,S2M
77,F7,47,-3.337,S2M
77,F7,48,-6.266,S2M
77,F7,49,-9.196,S2M
77,F7,50,-10.661,S2M
77,F7,51,-9.684,S2M
77,F7,52,-7.731,S2M
77,F7,53,-5.778,S2M
77,F7,54,-3.825,S2M
77,F7,55,-2.360,S2M
77,F7,56,0.081,S2M
77,F7,57,3.011,S2M
77,F7,58,5.941,S2M
77,F7,59,7.894,S2M
77,F7,60,7.894,S2M
77,F7,61,6.917,S2M
77,F7,62,5.452,S2M
77,F7,63,3.499,S2M
77,F7,64,2.035,S2M
77,F7,65,1.058,S2M
77,F7,66,0.570,S2M
77,F7,67,0.081,S2M
77,F7,68,-0.407,S2M
77,F7,69,-1.872,S2M
77,F7,70,-4.801,S2M
77,F7,71,-7.243,S2M
77,F7,72,-9.684,S2M
77,F7,73,-10.661,S2M
77,F7,74,-11.149,S2M
77,F7,75,-11.149,S2M
77,F7,76,-11.637,S2M
77,F7,77,-11.149,S2M
77,F7,78,-10.661,S2M
77,F7,79,-8.708,S2M
77,F7,80,-6.755,S2M
77,F7,81,-4.801,S2M
77,F7,82,-3.337,S2M
77,F7,83,-2.360,S2M
77,F7,84,-1.872,S2M
77,F7,85,-0.895,S2M
77,F7,86,0.081,S2M
77,F7,87,1.058,S2M
77,F7,88,1.546,S2M
77,F7,89,1.058,S2M
77,F7,90,-1.383,S2M
77,F7,91,-4.313,S2M
77,F7,92,-7.731,S2M
77,F7,93,-10.661,S2M
77,F7,94,-12.126,S2M
77,F7,95,-12.614,S2M
77,F7,96,-13.590,S2M
77,F7,97,-14.567,S2M
77,F7,98,-16.520,S2M
77,F7,99,-18.473,S2M
77,F7,100,-18.473,S2M
77,F7,101,-17.008,S2M
77,F7,102,-14.079,S2M
77,F7,103,-11.149,S2M
77,F7,104,-9.684,S2M
77,F7,105,-9.684,S2M
77,F7,106,-10.661,S2M
77,F7,107,-10.661,S2M
77,F7,108,-9.684,S2M
77,F7,109,-8.219,S2M
77,F7,110,-6.755,S2M
77,F7,111,-6.266,S2M
77,F7,112,-6.266,S2M
77,F7,113,-6.266,S2M
77,F7,114,-5.290,S2M
77,F7,115,-4.313,S2M
77,F7,116,-3.825,S2M
77,F7,117,-4.801,S2M
77,F7,118,-6.266,S2M
77,F7,119,-7.731,S2M
77,F7,120,-9.196,S2M
77,F7,121,-9.684,S2M
77,F7,122,-9.684,S2M
77,F7,123,-9.196,S2M
77,F7,124,-9.684,S2M
77,F7,125,-9.196,S2M
77,F7,126,-9.684,S2M
77,F7,127,-9.684,S2M
77,F7,128,-10.173,S2M
77,F7,129,-10.173,S2M
77,F7,130,-9.196,S2M
77,F7,131,-6.266,S2M
77,F7,132,-1.872,S2M
77,F7,133,2.523,S2M
77,F7,134,5.452,S2M
77,F7,135,6.429,S2M
77,F7,136,5.452,S2M
77,F7,137,4.476,S2M
77,F7,138,3.988,S2M
77,F7,139,4.476,S2M
77,F7,140,3.988,S2M
77,F7,141,2.035,S2M
77,F7,142,-0.407,S2M
77,F7,143,-1.872,S2M
77,F7,144,-2.360,S2M
77,F7,145,-1.872,S2M
77,F7,146,-2.360,S2M
77,F7,147,-3.825,S2M
77,F7,148,-7.731,S2M
77,F7,149,-11.149,S2M
77,F7,150,-13.102,S2M
77,F7,151,-13.590,S2M
77,F7,152,-12.614,S2M
77,F7,153,-11.637,S2M
77,F7,154,-10.661,S2M
77,F7,155,-9.684,S2M
77,F7,156,-7.731,S2M
77,F7,157,-6.266,S2M
77,F7,158,-4.313,S2M
77,F7,159,-3.825,S2M
77,F7,160,-3.825,S2M
77,F7,161,-5.778,S2M
77,F7,162,-7.731,S2M
77,F7,163,-9.684,S2M
77,F7,164,-10.173,S2M
77,F7,165,-10.661,S2M
77,F7,166,-9.684,S2M
77,F7,167,-9.196,S2M
77,F7,168,-7.731,S2M
77,F7,169,-7.243,S2M
77,F7,170,-6.755,S2M
77,F7,171,-7.243,S2M
77,F7,172,-7.731,S2M
77,F7,173,-8.708,S2M
77,F7,174,-9.196,S2M
77,F7,175,-9.684,S2M
77,F7,176,-9.196,S2M
77,F7,177,-8.708,S2M
77,F7,178,-8.219,S2M
77,F7,179,-7.731,S2M
77,F7,180,-7.243,S2M
77,F7,181,-6.266,S2M
77,F7,182,-5.778,S2M
77,F7,183,-5.778,S2M
77,F7,184,-5.778,S2M
77,F7,185,-6.266,S2M
77,F7,186,-5.778,S2M
77,F7,187,-5.778,S2M
77,F7,188,-5.290,S2M
77,F7,189,-5.290,S2M
77,F7,190,-5.778,S2M
77,F7,191,-7.731,S2M
77,F7,192,-9.196,S2M
77,F7,193,-10.661,S2M
77,F7,194,-10.661,S2M
77,F7,195,-8.708,S2M
77,F7,196,-4.801,S2M
77,F7,197,-0.407,S2M
77,F7,198,2.523,S2M
77,F7,199,2.523,S2M
77,F7,200,0.081,S2M
77,F7,201,-3.825,S2M
77,F7,202,-6.266,S2M
77,F7,203,-6.755,S2M
77,F7,204,-5.778,S2M
77,F7,205,-4.313,S2M
77,F7,206,-3.337,S2M
77,F7,207,-3.337,S2M
77,F7,208,-3.825,S2M
77,F7,209,-4.801,S2M
77,F7,210,-5.290,S2M
77,F7,211,-5.778,S2M
77,F7,212,-6.755,S2M
77,F7,213,-8.219,S2M
77,F7,214,-9.684,S2M
77,F7,215,-10.173,S2M
77,F7,216,-9.196,S2M
77,F7,217,-8.219,S2M
77,F7,218,-8.708,S2M
77,F7,219,-11.149,S2M
77,F7,220,-15.055,S2M
77,F7,221,-17.497,S2M
77,F7,222,-17.008,S2M
77,F7,223,-13.590,S2M
77,F7,224,-8.708,S2M
77,F7,225,-5.290,S2M
77,F7,226,-3.337,S2M
77,F7,227,-3.825,S2M
77,F7,228,-4.801,S2M
77,F7,229,-6.266,S2M
77,F7,230,-7.731,S2M
77,F7,231,-10.173,S2M
77,F7,232,-12.126,S2M
77,F7,233,-13.102,S2M
77,F7,234,-11.637,S2M
77,F7,235,-8.219,S2M
77,F7,236,-5.290,S2M
77,F7,237,-3.337,S2M
77,F7,238,-3.337,S2M
77,F7,239,-4.313,S2M
77,F7,240,-4.801,S2M
77,F7,241,-4.313,S2M
77,F7,242,-2.848,S2M
77,F7,243,-2.848,S2M
77,F7,244,-3.825,S2M
77,F7,245,-4.313,S2M
77,F7,246,-4.801,S2M
77,F7,247,-3.337,S2M
77,F7,248,-1.383,S2M
77,F7,249,0.081,S2M
77,F7,250,0.081,S2M
77,F7,251,-0.407,S2M
77,F7,252,-0.895,S2M
77,F7,253,-0.407,S2M
77,F7,254,0.570,S2M
77,F7,255,1.058,S2M
77,F8,0,-9.837,S2M
77,F8,1,-6.419,S2M
77,F8,2,-3.977,S2M
77,F8,3,-3.001,S2M
77,F8,4,-1.536,S2M
77,F8,5,-0.071,S2M
77,F8,6,2.370,S2M
77,F8,7,4.812,S2M
77,F8,8,7.741,S2M
77,F8,9,10.183,S2M
77,F8,10,14.089,S2M
77,F8,11,18.972,S2M
77,F8,12,24.343,S2M
77,F8,13,26.784,S2M
77,F8,14,25.319,S2M
77,F8,15,19.948,S2M
77,F8,16,13.112,S2M
77,F8,17,7.253,S2M
77,F8,18,4.812,S2M
77,F8,19,4.323,S2M
77,F8,20,4.812,S2M
77,F8,21,3.347,S2M
77,F8,22,-0.071,S2M
77,F8,23,-3.489,S2M
77,F8,24,-6.419,S2M
77,F8,25,-7.395,S2M
77,F8,26,-8.372,S2M
77,F8,27,-8.860,S2M
77,F8,28,-10.325,S2M
77,F8,29,-11.790,S2M
77,F8,30,-11.302,S2M
77,F8,31,-8.860,S2M
77,F8,32,-4.466,S2M
77,F8,33,-1.048,S2M
77,F8,34,-0.071,S2M
77,F8,35,-1.536,S2M
77,F8,36,-3.001,S2M
77,F8,37,-1.536,S2M
77,F8,38,4.323,S2M
77,F8,39,11.648,S2M
77,F8,40,17.507,S2M
77,F8,41,17.507,S2M
77,F8,42,13.112,S2M
77,F8,43,6.276,S2M
77,F8,44,1.394,S2M
77,F8,45,-0.071,S2M
77,F8,46,-1.536,S2M
77,F8,47,-4.466,S2M
77,F8,48,-9.837,S2M
77,F8,49,-15.208,S2M
77,F8,50,-17.649,S2M
77,F8,51,-14.720,S2M
77,F8,52,-8.860,S2M
77,F8,53,-3.977,S2M
77,F8,54,-2.513,S2M
77,F8,55,-3.489,S2M
77,F8,56,-4.466,S2M
77,F8,57,-3.977,S2M
77,F8,58,-1.536,S2M
77,F8,59,0.905,S2M
77,F8,60,3.347,S2M
77,F8,61,4.323,S2M
77,F8,62,3.835,S2M
77,F8,63,3.347,S2M
77,F8,64,2.370,S2M
77,F8,65,0.905,S2M
77,F8,66,-1.536,S2M
77,F8,67,-4.466,S2M
77,F8,68,-7.884,S2M
77,F8,69,-11.302,S2M
77,F8,70,-13.743,S2M
77,F8,71,-15.208,S2M
77,F8,72,-15.208,S2M
77,F8,73,-13.743,S2M
77,F8,74,-12.278,S2M
77,F8,75,-11.790,S2M
77,F8,76,-12.278,S2M
77,F8,77,-13.743,S2M
77,F8,78,-14.720,S2M
77,F8,79,-12.767,S2M
77,F8,80,-8.860,S2M
77,F8,81,-4.954,S2M
77,F8,82,-2.024,S2M
77,F8,83,-1.048,S2M
77,F8,84,-1.048,S2M
77,F8,85,-1.536,S2M
77,F8,86,-1.536,S2M
77,F8,87,-1.048,S2M
77,F8,88,-2.513,S2M
77,F8,89,-5.931,S2M
77,F8,90,-10.813,S2M
77,F8,91,-15.208,S2M
77,F8,92,-17.649,S2M
77,F8,93,-17.161,S2M
77,F8,94,-15.208,S2M
77,F8,95,-14.720,S2M
77,F8,96,-15.696,S2M
77,F8,97,-19.114,S2M
77,F8,98,-22.044,S2M
77,F8,99,-22.532,S2M
77,F8,100,-20.091,S2M
77,F8,101,-16.184,S2M
77,F8,102,-13.255,S2M
77,F8,103,-11.790,S2M
77,F8,104,-12.278,S2M
77,F8,105,-12.278,S2M
77,F8,106,-10.813,S2M
77,F8,107,-8.860,S2M
77,F8,108,-6.907,S2M
77,F8,109,-5.442,S2M
77,F8,110,-4.954,S2M
77,F8,111,-3.001,S2M
77,F8,112,-0.071,S2M
77,F8,113,2.858,S2M
77,F8,114,5.300,S2M
77,F8,115,5.300,S2M
77,F8,116,2.858,S2M
77,F8,117,-0.071,S2M
77,F8,118,-3.001,S2M
77,F8,119,-4.466,S2M
77,F8,120,-4.954,S2M
77,F8,121,-4.466,S2M
77,F8,122,-4.954,S2M
77,F8,123,-5.931,S2M
77,F8,124,-7.395,S2M
77,F8,125,-8.860,S2M
77,F8,126,-9.349,S2M
77,F8,127,-8.372,S2M
77,F8,128,-4.466,S2M
77,F8,129,-0.071,S2M
77,F8,130,3.835,S2M
77,F8,131,6.276,S2M
77,F8,132,6.276,S2M
77,F8,133,5.788,S2M
77,F8,134,5.788,S2M
77,F8,135,7.253,S2M
77,F8,136,9.206,S2M
77,F8,137,11.159,S2M
77,F8,138,11.159,S2M
77,F8,139,9.206,S2M
77,F8,140,6.276,S2M
77,F8,141,3.347,S2M
77,F8,142,0.905,S2M
77,F8,143,-0.559,S2M
77,F8,144,-2.513,S2M
77,F8,145,-3.977,S2M
77,F8,146,-6.419,S2M
77,F8,147,-8.372,S2M
77,F8,148,-10.325,S2M
77,F8,149,-11.790,S2M
77,F8,150,-12.767,S2M
77,F8,151,-12.767,S2M
77,F8,152,-12.767,S2M
77,F8,153,-11.790,S2M
77,F8,154,-9.837,S2M
77,F8,155,-7.884,S2M
77,F8,156,-5.442,S2M
77,F8,157,-3.001,S2M
77,F8,158,-0.559,S2M
77,F8,159,1.882,S2M
77,F8,160,2.858,S2M
77,F8,161,2.858,S2M
77,F8,162,1.394,S2M
77,F8,163,-0.559,S2M
77,F8,164,-3.001,S2M
77,F8,165,-4.466,S2M
77,F8,166,-6.419,S2M
77,F8,167,-7.395,S2M
77,F8,168,-9.349,S2M
77,F8,169,-10.813,S2M
77,F8,170,-11.790,S2M
77,F8,171,-11.790,S2M
77,F8,172,-11.302,S2M
77,F8,173,-10.813,S2M
77,F8,174,-10.325,S2M
77,F8,175,-9.837,S2M
77,F8,176,-10.325,S2M
77,F8,177,-10.813,S2M
77,F8,178,-11.302,S2M
77,F8,179,-10.325,S2M
77,F8,180,-9.349,S2M
77,F8,181,-7.884,S2M
77,F8,182,-6.907,S2M
77,F8,183,-6.419,S2M
77,F8,184,-6.907,S2M
77,F8,185,-6.419,S2M
77,F8,186,-6.419,S2M
77,F8,187,-6.419,S2M
77,F8,188,-5.931,S2M
77,F8,189,-5.931,S2M
77,F8,190,-5.442,S2M
77,F8,191,-5.442,S2M
77,F8,192,-7.395,S2M
77,F8,193,-10.813,S2M
77,F8,194,-15.208,S2M
77,F8,195,-18.626,S2M
77,F8,196,-19.114,S2M
77,F8,197,-16.673,S2M
77,F8,198,-13.255,S2M
77,F8,199,-10.325,S2M
77,F8,200,-9.349,S2M
77,F8,201,-10.325,S2M
77,F8,202,-11.302,S2M
77,F8,203,-11.790,S2M
77,F8,204,-10.813,S2M
77,F8,205,-8.860,S2M
77,F8,206,-6.419,S2M
77,F8,207,-4.466,S2M
77,F8,208,-3.977,S2M
77,F8,209,-4.466,S2M
77,F8,210,-5.931,S2M
77,F8,211,-7.395,S2M
77,F8,212,-8.860,S2M
77,F8,213,-7.884,S2M
77,F8,214,-5.442,S2M
77,F8,215,-2.024,S2M
77,F8,216,1.394,S2M
77,F8,217,2.858,S2M
77,F8,218,1.882,S2M
77,F8,219,-1.048,S2M
77,F8,220,-4.954,S2M
77,F8,221,-8.372,S2M
77,F8,222,-9.837,S2M
77,F8,223,-8.372,S2M
77,F8,224,-4.954,S2M
77,F8,225,-0.559,S2M
77,F8,226,2.370,S2M
77,F8,227,1.882,S2M
77,F8,228,-0.559,S2M
77,F8,229,-3.977,S2M
77,F8,230,-4.954,S2M
77,F8,231,-2.513,S2M
77,F8,232,2.370,S2M
77,F8,233,6.276,S2M
77,F8,234,7.741,S2M
77,F8,235,5.788,S2M
77,F8,236,2.858,S2M
77,F8,237,1.394,S2M
77,F8,238,2.370,S2M
77,F8,239,4.812,S2M
77,F8,240,7.741,S2M
77,F8,241,8.718,S2M
77,F8,242,7.253,S2M
77,F8,243,5.788,S2M
77,F8,244,4.812,S2M
77,F8,245,4.812,S2M
77,F8,246,5.788,S2M
77,F8,247,5.788,S2M
77,F8,248,3.835,S2M
77,F8,249,0.905,S2M
77,F8,250,-0.559,S2M
77,F8,251,1.394,S2M
77,F8,252,5.788,S2M
77,F8,253,10.671,S2M
77,F8,254,12.624,S2M
77,F8,255,11.159,S2M
77,AF1,0,-8.942,S2M
77,AF1,1,-6.989,S2M
77,AF1,2,-4.059,S2M
77,AF1,3,-2.594,S2M
77,AF1,4,-1.129,S2M
77,AF1,5,0.336,S2M
77,AF1,6,1.801,S2M
77,AF1,7,4.242,S2M
77,AF1,8,6.683,S2M
77,AF1,9,9.613,S2M
77,AF1,10,12.054,S2M
77,AF1,11,13.519,S2M
77,AF1,12,14.008,S2M
77,AF1,13,13.519,S2M
77,AF1,14,11.566,S2M
77,AF1,15,8.148,S2M
77,AF1,16,4.242,S2M
77,AF1,17,-0.153,S2M
77,AF1,18,-3.571,S2M
77,AF1,19,-5.035,S2M
77,AF1,20,-5.524,S2M
77,AF1,21,-5.035,S2M
77,AF1,22,-5.035,S2M
77,AF1,23,-5.035,S2M
77,AF1,24,-5.524,S2M
77,AF1,25,-6.012,S2M
77,AF1,26,-5.524,S2M
77,AF1,27,-5.035,S2M
77,AF1,28,-4.547,S2M
77,AF1,29,-4.059,S2M
77,AF1,30,-3.082,S2M
77,AF1,31,-2.594,S2M
77,AF1,32,-1.617,S2M
77,AF1,33,-0.153,S2M
77,AF1,34,0.824,S2M
77,AF1,35,1.312,S2M
77,AF1,36,1.801,S2M
77,AF1,37,2.777,S2M
77,AF1,38,4.730,S2M
77,AF1,39,6.195,S2M
77,AF1,40,7.172,S2M
77,AF1,41,7.172,S2M
77,AF1,42,6.195,S2M
77,AF1,43,5.219,S2M
77,AF1,44,5.219,S2M
77,AF1,45,4.730,S2M
77,AF1,46,3.754,S2M
77,AF1,47,2.289,S2M
77,AF1,48,0.336,S2M
77,AF1,49,-1.617,S2M
77,AF1,50,-2.594,S2M
77,AF1,51,-3.082,S2M
77,AF1,52,-2.594,S2M
77,AF1,53,-1.617,S2M
77,AF1,54,-0.153,S2M
77,AF1,55,1.312,S2M
77,AF1,56,3.754,S2M
77,AF1,57,6.683,S2M
77,AF1,58,9.613,S2M
77,AF1,59,11.566,S2M
77,AF1,60,12.054,S2M
77,AF1,61,11.078,S2M
77,AF1,62,9.125,S2M
77,AF1,63,6.683,S2M
77,AF1,64,4.730,S2M
77,AF1,65,3.265,S2M
77,AF1,66,1.801,S2M
77,AF1,67,0.824,S2M
77,AF1,68,-0.641,S2M
77,AF1,69,-2.594,S2M
77,AF1,70,-3.571,S2M
77,AF1,71,-4.547,S2M
77,AF1,72,-4.547,S2M
77,AF1,73,-4.547,S2M
77,AF1,74,-5.524,S2M
77,AF1,75,-5.524,S2M
77,AF1,76,-5.524,S2M
77,AF1,77,-4.547,S2M
77,AF1,78,-2.106,S2M
77,AF1,79,0.336,S2M
77,AF1,80,2.289,S2M
77,AF1,81,3.265,S2M
77,AF1,82,3.754,S2M
77,AF1,83,3.754,S2M
77,AF1,84,3.754,S2M
77,AF1,85,3.754,S2M
77,AF1,86,4.242,S2M
77,AF1,87,4.242,S2M
77,AF1,88,3.754,S2M
77,AF1,89,2.289,S2M
77,AF1,90,-0.153,S2M
77,AF1,91,-3.571,S2M
77,AF1,92,-6.989,S2M
77,AF1,93,-9.430,S2M
77,AF1,94,-10.895,S2M
77,AF1,95,-11.871,S2M
77,AF1,96,-12.360,S2M
77,AF1,97,-13.336,S2M
77,AF1,98,-14.313,S2M
77,AF1,99,-14.801,S2M
77,AF1,100,-13.824,S2M
77,AF1,101,-12.360,S2M
77,AF1,102,-9.430,S2M
77,AF1,103,-6.500,S2M
77,AF1,104,-5.035,S2M
77,AF1,105,-5.035,S2M
77,AF1,106,-5.524,S2M
77,AF1,107,-5.524,S2M
77,AF1,108,-5.524,S2M
77,AF1,109,-4.547,S2M
77,AF1,110,-3.082,S2M
77,AF1,111,-2.106,S2M
77,AF1,112,-1.129,S2M
77,AF1,113,-1.129,S2M
77,AF1,114,-1.129,S2M
77,AF1,115,-1.129,S2M
77,AF1,116,-2.106,S2M
77,AF1,117,-2.594,S2M
77,AF1,118,-4.059,S2M
77,AF1,119,-4.547,S2M
77,AF1,120,-5.035,S2M
77,AF1,121,-5.524,S2M
77,AF1,122,-6.012,S2M
77,AF1,123,-6.989,S2M
77,AF1,124,-7.477,S2M
77,AF1,125,-7.965,S2M
77,AF1,126,-8.453,S2M
77,AF1,127,-7.477,S2M
77,AF1,128,-6.012,S2M
77,AF1,129,-4.547,S2M
77,AF1,130,-3.082,S2M
77,AF1,131,-1.617,S2M
77,AF1,132,0.824,S2M
77,AF1,133,3.265,S2M
77,AF1,134,5.219,S2M
77,AF1,135,6.683,S2M
77,AF1,136,6.683,S2M
77,AF1,137,5.707,S2M
77,AF1,138,4.730,S2M
77,AF1,139,3.265,S2M
77,AF1,140,3.265,S2M
77,AF1,141,3.265,S2M
77,AF1,142,3.265,S2M
77,AF1,143,3.265,S2M
77,AF1,144,1.801,S2M
77,AF1,145,-0.153,S2M
77,AF1,146,-2.594,S2M
77,AF1,147,-5.035,S2M
77,AF1,148,-6.989,S2M
77,AF1,149,-8.453,S2M
77,AF1,150,-9.430,S2M
77,AF1,151,-8.942,S2M
77,AF1,152,-7.477,S2M
77,AF1,153,-5.035,S2M
77,AF1,154,-2.594,S2M
77,AF1,155,-0.641,S2M
77,AF1,156,0.336,S2M
77,AF1,157,0.336,S2M
77,AF1,158,-0.641,S2M
77,AF1,159,-0.641,S2M
77,AF1,160,-0.641,S2M
77,AF1,161,-1.129,S2M
77,AF1,162,-2.106,S2M
77,AF1,163,-4.059,S2M
77,AF1,164,-5.524,S2M
77,AF1,165,-6.012,S2M
77,AF1,166,-5.524,S2M
77,AF1,167,-4.059,S2M
77,AF1,168,-3.082,S2M
77,AF1,169,-3.571,S2M
77,AF1,170,-5.524,S2M
77,AF1,171,-7.477,S2M
77,AF1,172,-8.453,S2M
77,AF1,173,-8.942,S2M
77,AF1,174,-8.453,S2M
77,AF1,175,-7.965,S2M
77,AF1,176,-8.942,S2M
77,AF1,177,-9.918,S2M
77,AF1,178,-9.918,S2M
77,AF1,179,-8.453,S2M
77,AF1,180,-5.035,S2M
77,AF1,181,-1.129,S2M
77,AF1,182,1.312,S2M
77,AF1,183,1.801,S2M
77,AF1,184,0.824,S2M
77,AF1,185,-0.641,S2M
77,AF1,186,-2.106,S2M
77,AF1,187,-2.106,S2M
77,AF1,188,-1.617,S2M
77,AF1,189,-1.617,S2M
77,AF1,190,-2.594,S2M
77,AF1,191,-4.059,S2M
77,AF1,192,-5.035,S2M
77,AF1,193,-5.035,S2M
77,AF1,194,-3.571,S2M
77,AF1,195,-1.129,S2M
77,AF1,196,1.312,S2M
77,AF1,197,2.777,S2M
77,AF1,198,3.265,S2M
77,AF1,199,1.801,S2M
77,AF1,200,-0.641,S2M
77,AF1,201,-2.594,S2M
77,AF1,202,-5.035,S2M
77,AF1,203,-6.012,S2M
77,AF1,204,-6.012,S2M
77,AF1,205,-5.035,S2M
77,AF1,206,-4.059,S2M
77,AF1,207,-3.571,S2M
77,AF1,208,-3.082,S2M
77,AF1,209,-2.594,S2M
77,AF1,210,-2.106,S2M
77,AF1,211,-1.617,S2M
77,AF1,212,-1.129,S2M
77,AF1,213,-1.617,S2M
77,AF1,214,-1.617,S2M
77,AF1,215,-1.617,S2M
77,AF1,216,-0.153,S2M
77,AF1,217,1.312,S2M
77,AF1,218,1.801,S2M
77,AF1,219,1.312,S2M
77,AF1,220,-1.129,S2M
77,AF1,221,-3.082,S2M
77,AF1,222,-4.059,S2M
77,AF1,223,-3.082,S2M
77,AF1,224,-0.641,S2M
77,AF1,225,2.289,S2M
77,AF1,226,4.242,S2M
77,AF1,227,4.730,S2M
77,AF1,228,4.242,S2M
77,AF1,229,3.754,S2M
77,AF1,230,2.777,S2M
77,AF1,231,2.289,S2M
77,AF1,232,1.801,S2M
77,AF1,233,1.801,S2M
77,AF1,234,2.289,S2M
77,AF1,235,2.777,S2M
77,AF1,236,2.777,S2M
77,AF1,237,2.777,S2M
77,AF1,238,2.289,S2M
77,AF1,239,2.777,S2M
77,AF1,240,3.754,S2M
77,AF1,241,5.707,S2M
77,AF1,242,7.172,S2M
77,AF1,243,7.660,S2M
77,AF1,244,6.683,S2M
77,AF1,245,5.219,S2M
77,AF1,246,5.219,S2M
77,AF1,247,6.195,S2M
77,AF1,248,7.172,S2M
77,AF1,249,7.660,S2M
77,AF1,250,6.683,S2M
77,AF1,251,5.219,S2M
77,AF1,252,4.242,S2M
77,AF1,253,4.242,S2M
77,AF1,254,5.707,S2M
77,AF1,255,6.195,S2M
77,AF2,0,-9.247,S2M
77,AF2,1,-6.805,S2M
77,AF2,2,-4.852,S2M
77,AF2,3,-3.876,S2M
77,AF2,4,-3.387,S2M
77,AF2,5,-2.899,S2M
77,AF2,6,-1.434,S2M
77,AF2,7,1.495,S2M
77,AF2,8,5.402,S2M
77,AF2,9,9.308,S2M
77,AF2,10,12.238,S2M
77,AF2,11,14.679,S2M
77,AF2,12,15.656,S2M
77,AF2,13,15.656,S2M
77,AF2,14,14.191,S2M
77,AF2,15,11.261,S2M
77,AF2,16,6.866,S2M
77,AF2,17,1.984,S2M
77,AF2,18,-1.923,S2M
77,AF2,19,-2.899,S2M
77,AF2,20,-2.899,S2M
77,AF2,21,-2.411,S2M
77,AF2,22,-2.899,S2M
77,AF2,23,-4.364,S2M
77,AF2,24,-5.829,S2M
77,AF2,25,-6.317,S2M
77,AF2,26,-6.317,S2M
77,AF2,27,-5.341,S2M
77,AF2,28,-4.852,S2M
77,AF2,29,-4.852,S2M
77,AF2,30,-4.364,S2M
77,AF2,31,-3.387,S2M
77,AF2,32,-1.923,S2M
77,AF2,33,0.031,S2M
77,AF2,34,1.495,S2M
77,AF2,35,1.495,S2M
77,AF2,36,1.495,S2M
77,AF2,37,2.472,S2M
77,AF2,38,4.913,S2M
77,AF2,39,6.866,S2M
77,AF2,40,7.843,S2M
77,AF2,41,7.355,S2M
77,AF2,42,5.890,S2M
77,AF2,43,4.425,S2M
77,AF2,44,3.937,S2M
77,AF2,45,4.425,S2M
77,AF2,46,3.937,S2M
77,AF2,47,2.472,S2M
77,AF2,48,-0.458,S2M
77,AF2,49,-3.387,S2M
77,AF2,50,-5.829,S2M
77,AF2,51,-5.829,S2M
77,AF2,52,-4.852,S2M
77,AF2,53,-2.899,S2M
77,AF2,54,-1.434,S2M
77,AF2,55,-0.458,S2M
77,AF2,56,1.007,S2M
77,AF2,57,2.472,S2M
77,AF2,58,4.913,S2M
77,AF2,59,6.866,S2M
77,AF2,60,7.843,S2M
77,AF2,61,7.843,S2M
77,AF2,62,6.378,S2M
77,AF2,63,4.425,S2M
77,AF2,64,3.448,S2M
77,AF2,65,2.472,S2M
77,AF2,66,1.007,S2M
77,AF2,67,-0.946,S2M
77,AF2,68,-3.876,S2M
77,AF2,69,-6.805,S2M
77,AF2,70,-8.270,S2M
77,AF2,71,-8.270,S2M
77,AF2,72,-7.294,S2M
77,AF2,73,-6.317,S2M
77,AF2,74,-6.317,S2M
77,AF2,75,-6.805,S2M
77,AF2,76,-7.782,S2M
77,AF2,77,-7.782,S2M
77,AF2,78,-5.829,S2M
77,AF2,79,-3.876,S2M
77,AF2,80,-1.434,S2M
77,AF2,81,0.519,S2M
77,AF2,82,1.495,S2M
77,AF2,83,1.495,S2M
77,AF2,84,1.495,S2M
77,AF2,85,1.495,S2M
77,AF2,86,1.495,S2M
77,AF2,87,1.007,S2M
77,AF2,88,0.519,S2M
77,AF2,89,-0.946,S2M
77,AF2,90,-2.899,S2M
77,AF2,91,-5.829,S2M
77,AF2,92,-8.270,S2M
77,AF2,93,-10.712,S2M
77,AF2,94,-11.688,S2M
77,AF2,95,-12.177,S2M
77,AF2,96,-12.177,S2M
77,AF2,97,-13.153,S2M
77,AF2,98,-14.130,S2M
77,AF2,99,-14.130,S2M
77,AF2,100,-13.153,S2M
77,AF2,101,-11.688,S2M
77,AF2,102,-9.247,S2M
77,AF2,103,-7.782,S2M
77,AF2,104,-6.805,S2M
77,AF2,105,-6.317,S2M
77,AF2,106,-5.829,S2M
77,AF2,107,-4.852,S2M
77,AF2,108,-4.364,S2M
77,AF2,109,-2.899,S2M
77,AF2,110,-1.923,S2M
77,AF2,111,-0.946,S2M
77,AF2,112,0.031,S2M
77,AF2,113,1.007,S2M
77,AF2,114,1.495,S2M
77,AF2,115,1.495,S2M
77,AF2,116,1.007,S2M
77,AF2,117,-0.458,S2M
77,AF2,118,-1.434,S2M
77,AF2,119,-1.923,S2M
77,AF2,120,-1.923,S2M
77,AF2,121,-2.411,S2M
77,AF2,122,-3.876,S2M
77,AF2,123,-5.829,S2M
77,AF2,124,-7.294,S2M
77,AF2,125,-7.294,S2M
77,AF2,126,-6.317,S2M
77,AF2,127,-4.852,S2M
77,AF2,128,-2.411,S2M
77,AF2,129,-0.946,S2M
77,AF2,130,0.519,S2M
77,AF2,131,2.472,S2M
77,AF2,132,4.425,S2M
77,AF2,133,6.866,S2M
77,AF2,134,9.308,S2M
77,AF2,135,10.773,S2M
77,AF2,136,10.773,S2M
77,AF2,137,10.284,S2M
77,AF2,138,9.796,S2M
77,AF2,139,8.820,S2M
77,AF2,140,7.843,S2M
77,AF2,141,7.355,S2M
77,AF2,142,6.378,S2M
77,AF2,143,4.913,S2M
77,AF2,144,3.448,S2M
77,AF2,145,1.007,S2M
77,AF2,146,-0.946,S2M
77,AF2,147,-2.899,S2M
77,AF2,148,-4.852,S2M
77,AF2,149,-6.317,S2M
77,AF2,150,-7.294,S2M
77,AF2,151,-7.782,S2M
77,AF2,152,-6.805,S2M
77,AF2,153,-5.341,S2M
77,AF2,154,-2.411,S2M
77,AF2,155,-0.458,S2M
77,AF2,156,1.495,S2M
77,AF2,157,1.495,S2M
77,AF2,158,1.007,S2M
77,AF2,159,0.519,S2M
77,AF2,160,0.519,S2M
77,AF2,161,0.519,S2M
77,AF2,162,0.031,S2M
77,AF2,163,-1.434,S2M
77,AF2,164,-2.899,S2M
77,AF2,165,-3.387,S2M
77,AF2,166,-3.876,S2M
77,AF2,167,-3.387,S2M
77,AF2,168,-3.387,S2M
77,AF2,169,-4.364,S2M
77,AF2,170,-6.317,S2M
77,AF2,171,-7.782,S2M
77,AF2,172,-8.759,S2M
77,AF2,173,-8.759,S2M
77,AF2,174,-7.782,S2M
77,AF2,175,-7.294,S2M
77,AF2,176,-6.805,S2M
77,AF2,177,-7.294,S2M
77,AF2,178,-7.294,S2M
77,AF2,179,-6.317,S2M
77,AF2,180,-3.876,S2M
77,AF2,181,-0.946,S2M
77,AF2,182,1.495,S2M
77,AF2,183,1.984,S2M
77,AF2,184,1.984,S2M
77,AF2,185,1.495,S2M
77,AF2,186,1.007,S2M
77,AF2,187,1.007,S2M
77,AF2,188,1.007,S2M
77,AF2,189,1.007,S2M
77,AF2,190,-0.458,S2M
77,AF2,191,-1.923,S2M
77,AF2,192,-2.899,S2M
77,AF2,193,-3.387,S2M
77,AF2,194,-2.411,S2M
77,AF2,195,-0.946,S2M
77,AF2,196,0.519,S2M
77,AF2,197,1.495,S2M
77,AF2,198,1.495,S2M
77,AF2,199,1.007,S2M
77,AF2,200,-0.458,S2M
77,AF2,201,-1.923,S2M
77,AF2,202,-3.387,S2M
77,AF2,203,-3.876,S2M
77,AF2,204,-3.876,S2M
77,AF2,205,-2.899,S2M
77,AF2,206,-1.923,S2M
77,AF2,207,-0.458,S2M
77,AF2,208,1.007,S2M
77,AF2,209,1.984,S2M
77,AF2,210,2.472,S2M
77,AF2,211,2.472,S2M
77,AF2,212,1.495,S2M
77,AF2,213,1.007,S2M
77,AF2,214,1.007,S2M
77,AF2,215,1.495,S2M
77,AF2,216,2.960,S2M
77,AF2,217,4.425,S2M
77,AF2,218,5.890,S2M
77,AF2,219,4.913,S2M
77,AF2,220,2.960,S2M
77,AF2,221,1.007,S2M
77,AF2,222,-0.946,S2M
77,AF2,223,-0.946,S2M
77,AF2,224,0.519,S2M
77,AF2,225,3.448,S2M
77,AF2,226,6.378,S2M
77,AF2,227,7.843,S2M
77,AF2,228,7.843,S2M
77,AF2,229,6.866,S2M
77,AF2,230,6.378,S2M
77,AF2,231,6.378,S2M
77,AF2,232,7.355,S2M
77,AF2,233,8.331,S2M
77,AF2,234,8.820,S2M
77,AF2,235,7.843,S2M
77,AF2,236,6.378,S2M
77,AF2,237,5.402,S2M
77,AF2,238,4.913,S2M
77,AF2,239,6.378,S2M
77,AF2,240,8.331,S2M
77,AF2,241,10.284,S2M
77,AF2,242,10.773,S2M
77,AF2,243,9.796,S2M
77,AF2,244,8.331,S2M
77,AF2,245,7.843,S2M
77,AF2,246,7.843,S2M
77,AF2,247,8.820,S2M
77,AF2,248,9.308,S2M
77,AF2,249,8.820,S2M
77,AF2,250,7.843,S2M
77,AF2,251,6.378,S2M
77,AF2,252,6.378,S2M
77,AF2,253,7.355,S2M
77,AF2,254,9.308,S2M
77,AF2,255,9.308,S2M
77,FZ,0,-7.253,S2M
77,FZ,1,-5.788,S2M
77,FZ,2,-4.812,S2M
77,FZ,3,-4.323,S2M
77,FZ,4,-3.835,S2M
77,FZ,5,-3.347,S2M
77,FZ,6,-2.370,S2M
77,FZ,7,-0.417,S2M
77,FZ,8,2.024,S2M
77,FZ,9,4.466,S2M
77,FZ,10,6.907,S2M
77,FZ,11,8.860,S2M
77,FZ,12,9.349,S2M
77,FZ,13,9.349,S2M
77,FZ,14,7.884,S2M
77,FZ,15,4.954,S2M
77,FZ,16,1.536,S2M
77,FZ,17,-2.370,S2M
77,FZ,18,-4.812,S2M
77,FZ,19,-6.765,S2M
77,FZ,20,-7.253,S2M
77,FZ,21,-6.765,S2M
77,FZ,22,-6.765,S2M
77,FZ,23,-6.765,S2M
77,FZ,24,-6.765,S2M
77,FZ,25,-7.253,S2M
77,FZ,26,-6.765,S2M
77,FZ,27,-6.276,S2M
77,FZ,28,-5.300,S2M
77,FZ,29,-4.323,S2M
77,FZ,30,-3.835,S2M
77,FZ,31,-3.347,S2M
77,FZ,32,-2.370,S2M
77,FZ,33,-1.394,S2M
77,FZ,34,-0.417,S2M
77,FZ,35,-0.417,S2M
77,FZ,36,-0.417,S2M
77,FZ,37,-0.417,S2M
77,FZ,38,0.071,S2M
77,FZ,39,1.048,S2M
77,FZ,40,2.024,S2M
77,FZ,41,2.513,S2M
77,FZ,42,3.001,S2M
77,FZ,43,2.513,S2M
77,FZ,44,2.513,S2M
77,FZ,45,3.001,S2M
77,FZ,46,2.513,S2M
77,FZ,47,1.536,S2M
77,FZ,48,-0.417,S2M
77,FZ,49,-2.858,S2M
77,FZ,50,-4.323,S2M
77,FZ,51,-5.300,S2M
77,FZ,52,-4.812,S2M
77,FZ,53,-3.835,S2M
77,FZ,54,-2.370,S2M
77,FZ,55,-0.417,S2M
77,FZ,56,1.048,S2M
77,FZ,57,3.489,S2M
77,FZ,58,5.442,S2M
77,FZ,59,7.395,S2M
77,FZ,60,8.372,S2M
77,FZ,61,7.884,S2M
77,FZ,62,5.931,S2M
77,FZ,63,4.466,S2M
77,FZ,64,3.001,S2M
77,FZ,65,1.536,S2M
77,FZ,66,1.048,S2M
77,FZ,67,0.071,S2M
77,FZ,68,-1.394,S2M
77,FZ,69,-2.858,S2M
77,FZ,70,-3.835,S2M
77,FZ,71,-4.323,S2M
77,FZ,72,-4.323,S2M
77,FZ,73,-4.323,S2M
77,FZ,74,-4.323,S2M
77,FZ,75,-4.323,S2M
77,FZ,76,-4.323,S2M
77,FZ,77,-3.835,S2M
77,FZ,78,-2.858,S2M
77,FZ,79,-1.394,S2M
77,FZ,80,0.071,S2M
77,FZ,81,1.048,S2M
77,FZ,82,2.024,S2M
77,FZ,83,2.024,S2M
77,FZ,84,2.024,S2M
77,FZ,85,1.536,S2M
77,FZ,86,1.536,S2M
77,FZ,87,2.024,S2M
77,FZ,88,2.024,S2M
77,FZ,89,1.536,S2M
77,FZ,90,0.559,S2M
77,FZ,91,-1.394,S2M
77,FZ,92,-4.323,S2M
77,FZ,93,-6.765,S2M
77,FZ,94,-8.230,S2M
77,FZ,95,-8.230,S2M
77,FZ,96,-8.230,S2M
77,FZ,97,-8.230,S2M
77,FZ,98,-8.718,S2M
77,FZ,99,-9.694,S2M
77,FZ,100,-9.694,S2M
77,FZ,101,-8.718,S2M
77,FZ,102,-7.253,S2M
77,FZ,103,-5.300,S2M
77,FZ,104,-3.835,S2M
77,FZ,105,-2.858,S2M
77,FZ,106,-2.858,S2M
77,FZ,107,-2.370,S2M
77,FZ,108,-1.882,S2M
77,FZ,109,-1.394,S2M
77,FZ,110,-0.417,S2M
77,FZ,111,0.559,S2M
77,FZ,112,0.559,S2M
77,FZ,113,0.559,S2M
77,FZ,114,0.559,S2M
77,FZ,115,0.559,S2M
77,FZ,116,0.071,S2M
77,FZ,117,-0.417,S2M
77,FZ,118,-1.394,S2M
77,FZ,119,-1.394,S2M
77,FZ,120,-1.394,S2M
77,FZ,121,-1.882,S2M
77,FZ,122,-1.882,S2M
77,FZ,123,-2.370,S2M
77,FZ,124,-3.347,S2M
77,FZ,125,-4.323,S2M
77,FZ,126,-4.323,S2M
77,FZ,127,-3.347,S2M
77,FZ,128,-2.370,S2M
77,FZ,129,-1.394,S2M
77,FZ,130,-0.417,S2M
77,FZ,131,1.048,S2M
77,FZ,132,2.024,S2M
77,FZ,133,3.001,S2M
77,FZ,134,4.466,S2M
77,FZ,135,4.954,S2M
77,FZ,136,4.954,S2M
77,FZ,137,4.954,S2M
77,FZ,138,4.466,S2M
77,FZ,139,3.977,S2M
77,FZ,140,3.489,S2M
77,FZ,141,3.001,S2M
77,FZ,142,2.513,S2M
77,FZ,143,2.024,S2M
77,FZ,144,1.048,S2M
77,FZ,145,0.071,S2M
77,FZ,146,-1.394,S2M
77,FZ,147,-2.858,S2M
77,FZ,148,-4.323,S2M
77,FZ,149,-5.788,S2M
77,FZ,150,-6.276,S2M
77,FZ,151,-5.300,S2M
77,FZ,152,-3.835,S2M
77,FZ,153,-1.882,S2M
77,FZ,154,0.559,S2M
77,FZ,155,2.024,S2M
77,FZ,156,3.001,S2M
77,FZ,157,2.513,S2M
77,FZ,158,1.536,S2M
77,FZ,159,1.048,S2M
77,FZ,160,0.559,S2M
77,FZ,161,0.559,S2M
77,FZ,162,0.071,S2M
77,FZ,163,-1.394,S2M
77,FZ,164,-2.370,S2M
77,FZ,165,-3.347,S2M
77,FZ,166,-2.858,S2M
77,FZ,167,-1.882,S2M
77,FZ,168,-1.394,S2M
77,FZ,169,-2.370,S2M
77,FZ,170,-3.347,S2M
77,FZ,171,-4.812,S2M
77,FZ,172,-5.788,S2M
77,FZ,173,-5.788,S2M
77,FZ,174,-5.788,S2M
77,FZ,175,-5.300,S2M
77,FZ,176,-5.300,S2M
77,FZ,177,-5.788,S2M
77,FZ,178,-5.300,S2M
77,FZ,179,-3.835,S2M
77,FZ,180,-1.882,S2M
77,FZ,181,1.048,S2M
77,FZ,182,2.513,S2M
77,FZ,183,3.001,S2M
77,FZ,184,2.513,S2M
77,FZ,185,2.024,S2M
77,FZ,186,1.536,S2M
77,FZ,187,1.536,S2M
77,FZ,188,1.536,S2M
77,FZ,189,1.048,S2M
77,FZ,190,0.071,S2M
77,FZ,191,-0.905,S2M
77,FZ,192,-1.394,S2M
77,FZ,193,-0.417,S2M
77,FZ,194,1.048,S2M
77,FZ,195,3.001,S2M
77,FZ,196,3.977,S2M
77,FZ,197,4.466,S2M
77,FZ,198,3.977,S2M
77,FZ,199,2.024,S2M
77,FZ,200,0.071,S2M
77,FZ,201,-1.882,S2M
77,FZ,202,-3.347,S2M
77,FZ,203,-3.835,S2M
77,FZ,204,-3.347,S2M
77,FZ,205,-2.370,S2M
77,FZ,206,-1.394,S2M
77,FZ,207,-0.905,S2M
77,FZ,208,-0.417,S2M
77,FZ,209,-0.417,S2M
77,FZ,210,-0.417,S2M
77,FZ,211,0.071,S2M
77,FZ,212,0.071,S2M
77,FZ,213,0.071,S2M
77,FZ,214,-0.417,S2M
77,FZ,215,-0.417,S2M
77,FZ,216,0.071,S2M
77,FZ,217,1.048,S2M
77,FZ,218,2.024,S2M
77,FZ,219,2.024,S2M
77,FZ,220,1.048,S2M
77,FZ,221,-0.417,S2M
77,FZ,222,-1.394,S2M
77,FZ,223,-1.394,S2M
77,FZ,224,0.071,S2M
77,FZ,225,2.513,S2M
77,FZ,226,4.466,S2M
77,FZ,227,5.442,S2M
77,FZ,228,5.442,S2M
77,FZ,229,4.466,S2M
77,FZ,230,3.489,S2M
77,FZ,231,3.489,S2M
77,FZ,232,3.977,S2M
77,FZ,233,4.466,S2M
77,FZ,234,4.954,S2M
77,FZ,235,4.466,S2M
77,FZ,236,3.489,S2M
77,FZ,237,2.513,S2M
77,FZ,238,2.513,S2M
77,FZ,239,3.489,S2M
77,FZ,240,5.442,S2M
77,FZ,241,7.395,S2M
77,FZ,242,8.372,S2M
77,FZ,243,7.884,S2M
77,FZ,244,6.419,S2M
77,FZ,245,5.442,S2M
77,FZ,246,4.954,S2M
77,FZ,247,5.442,S2M
77,FZ,248,5.931,S2M
77,FZ,249,5.931,S2M
77,FZ,250,4.954,S2M
77,FZ,251,3.977,S2M
77,FZ,252,3.489,S2M
77,FZ,253,3.977,S2M
77,FZ,254,5.442,S2M
77,FZ,255,5.931,S2M
77,F4,0,-9.033,S2M
77,F4,1,-7.080,S2M
77,F4,2,-5.127,S2M
77,F4,3,-4.639,S2M
77,F4,4,-4.639,S2M
77,F4,5,-4.639,S2M
77,F4,6,-3.174,S2M
77,F4,7,-0.244,S2M
77,F4,8,3.662,S2M
77,F4,9,8.545,S2M
77,F4,10,11.963,S2M
77,F4,11,13.916,S2M
77,F4,12,15.381,S2M
77,F4,13,15.869,S2M
77,F4,14,15.869,S2M
77,F4,15,13.916,S2M
77,F4,16,10.010,S2M
77,F4,17,5.127,S2M
77,F4,18,1.221,S2M
77,F4,19,-1.221,S2M
77,F4,20,-1.221,S2M
77,F4,21,-1.221,S2M
77,F4,22,-1.221,S2M
77,F4,23,-2.686,S2M
77,F4,24,-4.639,S2M
77,F4,25,-6.104,S2M
77,F4,26,-6.592,S2M
77,F4,27,-6.104,S2M
77,F4,28,-5.127,S2M
77,F4,29,-4.150,S2M
77,F4,30,-4.150,S2M
77,F4,31,-3.174,S2M
77,F4,32,-2.197,S2M
77,F4,33,-0.732,S2M
77,F4,34,1.221,S2M
77,F4,35,2.686,S2M
77,F4,36,3.662,S2M
77,F4,37,4.150,S2M
77,F4,38,5.127,S2M
77,F4,39,6.104,S2M
77,F4,40,6.592,S2M
77,F4,41,6.104,S2M
77,F4,42,5.615,S2M
77,F4,43,5.615,S2M
77,F4,44,6.104,S2M
77,F4,45,6.104,S2M
77,F4,46,5.615,S2M
77,F4,47,3.174,S2M
77,F4,48,-0.244,S2M
77,F4,49,-3.174,S2M
77,F4,50,-4.639,S2M
77,F4,51,-4.639,S2M
77,F4,52,-3.662,S2M
77,F4,53,-2.197,S2M
77,F4,54,-1.709,S2M
77,F4,55,-1.709,S2M
77,F4,56,-1.221,S2M
77,F4,57,0.244,S2M
77,F4,58,3.174,S2M
77,F4,59,5.127,S2M
77,F4,60,6.592,S2M
77,F4,61,7.080,S2M
77,F4,62,6.104,S2M
77,F4,63,5.615,S2M
77,F4,64,5.127,S2M
77,F4,65,3.662,S2M
77,F4,66,2.197,S2M
77,F4,67,0.244,S2M
77,F4,68,-2.686,S2M
77,F4,69,-4.639,S2M
77,F4,70,-6.592,S2M
77,F4,71,-6.592,S2M
77,F4,72,-6.592,S2M
77,F4,73,-6.592,S2M
77,F4,74,-7.080,S2M
77,F4,75,-7.568,S2M
77,F4,76,-8.545,S2M
77,F4,77,-8.057,S2M
77,F4,78,-6.592,S2M
77,F4,79,-4.150,S2M
77,F4,80,-1.221,S2M
77,F4,81,0.244,S2M
77,F4,82,1.221,S2M
77,F4,83,1.221,S2M
77,F4,84,0.732,S2M
77,F4,85,0.244,S2M
77,F4,86,0.732,S2M
77,F4,87,0.732,S2M
77,F4,88,1.221,S2M
77,F4,89,0.244,S2M
77,F4,90,-1.709,S2M
77,F4,91,-4.150,S2M
77,F4,92,-6.592,S2M
77,F4,93,-8.545,S2M
77,F4,94,-9.033,S2M
77,F4,95,-8.545,S2M
77,F4,96,-8.057,S2M
77,F4,97,-8.545,S2M
77,F4,98,-10.010,S2M
77,F4,99,-10.986,S2M
77,F4,100,-11.475,S2M
77,F4,101,-10.986,S2M
77,F4,102,-8.545,S2M
77,F4,103,-5.615,S2M
77,F4,104,-3.174,S2M
77,F4,105,-2.197,S2M
77,F4,106,-1.709,S2M
77,F4,107,-1.221,S2M
77,F4,108,-2.197,S2M
77,F4,109,-1.709,S2M
77,F4,110,-0.732,S2M
77,F4,111,0.732,S2M
77,F4,112,2.197,S2M
77,F4,113,2.686,S2M
77,F4,114,3.174,S2M
77,F4,115,3.174,S2M
77,F4,116,3.174,S2M
77,F4,117,2.686,S2M
77,F4,118,1.709,S2M
77,F4,119,0.732,S2M
77,F4,120,-0.732,S2M
77,F4,121,-2.197,S2M
77,F4,122,-4.150,S2M
77,F4,123,-6.104,S2M
77,F4,124,-6.592,S2M
77,F4,125,-6.592,S2M
77,F4,126,-5.127,S2M
77,F4,127,-3.174,S2M
77,F4,128,-1.221,S2M
77,F4,129,0.244,S2M
77,F4,130,1.221,S2M
77,F4,131,2.197,S2M
77,F4,132,3.174,S2M
77,F4,133,4.639,S2M
77,F4,134,5.615,S2M
77,F4,135,6.592,S2M
77,F4,136,7.568,S2M
77,F4,137,8.057,S2M
77,F4,138,8.545,S2M
77,F4,139,8.545,S2M
77,F4,140,7.568,S2M
77,F4,141,5.615,S2M
77,F4,142,3.174,S2M
77,F4,143,1.221,S2M
77,F4,144,-0.732,S2M
77,F4,145,-2.197,S2M
77,F4,146,-3.662,S2M
77,F4,147,-4.639,S2M
77,F4,148,-6.104,S2M
77,F4,149,-6.592,S2M
77,F4,150,-7.080,S2M
77,F4,151,-6.592,S2M
77,F4,152,-6.104,S2M
77,F4,153,-4.150,S2M
77,F4,154,-2.197,S2M
77,F4,155,-0.732,S2M
77,F4,156,0.244,S2M
77,F4,157,0.244,S2M
77,F4,158,-0.732,S2M
77,F4,159,-0.732,S2M
77,F4,160,-0.732,S2M
77,F4,161,-0.244,S2M
77,F4,162,0.244,S2M
77,F4,163,-0.244,S2M
77,F4,164,-0.732,S2M
77,F4,165,-1.709,S2M
77,F4,166,-2.686,S2M
77,F4,167,-3.174,S2M
77,F4,168,-3.662,S2M
77,F4,169,-5.127,S2M
77,F4,170,-7.080,S2M
77,F4,171,-8.545,S2M
77,F4,172,-9.033,S2M
77,F4,173,-8.545,S2M
77,F4,174,-8.057,S2M
77,F4,175,-8.057,S2M
77,F4,176,-8.057,S2M
77,F4,177,-8.057,S2M
77,F4,178,-7.568,S2M
77,F4,179,-6.592,S2M
77,F4,180,-4.639,S2M
77,F4,181,-3.174,S2M
77,F4,182,-1.709,S2M
77,F4,183,-0.732,S2M
77,F4,184,-0.732,S2M
77,F4,185,-0.732,S2M
77,F4,186,-0.244,S2M
77,F4,187,0.244,S2M
77,F4,188,1.221,S2M
77,F4,189,1.221,S2M
77,F4,190,0.244,S2M
77,F4,191,-1.709,S2M
77,F4,192,-3.662,S2M
77,F4,193,-4.639,S2M
77,F4,194,-4.639,S2M
77,F4,195,-3.174,S2M
77,F4,196,-1.709,S2M
77,F4,197,-0.732,S2M
77,F4,198,-1.709,S2M
77,F4,199,-3.174,S2M
77,F4,200,-5.127,S2M
77,F4,201,-6.592,S2M
77,F4,202,-7.080,S2M
77,F4,203,-6.592,S2M
77,F4,204,-5.615,S2M
77,F4,205,-4.150,S2M
77,F4,206,-2.686,S2M
77,F4,207,-1.709,S2M
77,F4,208,-0.732,S2M
77,F4,209,0.244,S2M
77,F4,210,0.244,S2M
77,F4,211,0.244,S2M
77,F4,212,-0.244,S2M
77,F4,213,-0.732,S2M
77,F4,214,-0.244,S2M
77,F4,215,0.732,S2M
77,F4,216,2.197,S2M
77,F4,217,3.174,S2M
77,F4,218,3.662,S2M
77,F4,219,2.686,S2M
77,F4,220,0.244,S2M
77,F4,221,-2.197,S2M
77,F4,222,-3.174,S2M
77,F4,223,-3.174,S2M
77,F4,224,-1.221,S2M
77,F4,225,1.221,S2M
77,F4,226,3.174,S2M
77,F4,227,4.639,S2M
77,F4,228,4.150,S2M
77,F4,229,3.174,S2M
77,F4,230,3.174,S2M
77,F4,231,3.662,S2M
77,F4,232,5.615,S2M
77,F4,233,7.080,S2M
77,F4,234,7.568,S2M
77,F4,235,6.104,S2M
77,F4,236,4.639,S2M
77,F4,237,3.174,S2M
77,F4,238,3.662,S2M
77,F4,239,5.127,S2M
77,F4,240,7.080,S2M
77,F4,241,8.545,S2M
77,F4,242,8.545,S2M
77,F4,243,7.568,S2M
77,F4,244,5.615,S2M
77,F4,245,5.127,S2M
77,F4,246,5.127,S2M
77,F4,247,6.592,S2M
77,F4,248,7.568,S2M
77,F4,249,7.080,S2M
77,F4,250,5.615,S2M
77,F4,251,3.662,S2M
77,F4,252,3.174,S2M
77,F4,253,3.662,S2M
77,F4,254,5.615,S2M
77,F4,255,6.592,S2M
77,F3,0,-5.005,S2M
77,F3,1,-3.052,S2M
77,F3,2,-1.099,S2M
77,F3,3,0.366,S2M
77,F3,4,1.831,S2M
77,F3,5,2.808,S2M
77,F3,6,4.272,S2M
77,F3,7,6.714,S2M
77,F3,8,8.667,S2M
77,F3,9,10.132,S2M
77,F3,10,10.620,S2M
77,F3,11,11.108,S2M
77,F3,12,11.108,S2M
77,F3,13,10.620,S2M
77,F3,14,9.155,S2M
77,F3,15,7.690,S2M
77,F3,16,4.761,S2M
77,F3,17,1.343,S2M
77,F3,18,-1.587,S2M
77,F3,19,-3.540,S2M
77,F3,20,-4.028,S2M
77,F3,21,-4.028,S2M
77,F3,22,-4.028,S2M
77,F3,23,-4.517,S2M
77,F3,24,-4.517,S2M
77,F3,25,-4.028,S2M
77,F3,26,-3.540,S2M
77,F3,27,-3.052,S2M
77,F3,28,-2.075,S2M
77,F3,29,-2.075,S2M
77,F3,30,-1.587,S2M
77,F3,31,-1.099,S2M
77,F3,32,-0.122,S2M
77,F3,33,0.854,S2M
77,F3,34,2.319,S2M
77,F3,35,2.319,S2M
77,F3,36,2.808,S2M
77,F3,37,3.784,S2M
77,F3,38,5.249,S2M
77,F3,39,7.202,S2M
77,F3,40,8.179,S2M
77,F3,41,8.179,S2M
77,F3,42,7.690,S2M
77,F3,43,6.714,S2M
77,F3,44,6.226,S2M
77,F3,45,5.737,S2M
77,F3,46,4.761,S2M
77,F3,47,3.296,S2M
77,F3,48,1.343,S2M
77,F3,49,-0.122,S2M
77,F3,50,-1.587,S2M
77,F3,51,-1.587,S2M
77,F3,52,-1.099,S2M
77,F3,53,-0.122,S2M
77,F3,54,1.831,S2M
77,F3,55,4.272,S2M
77,F3,56,6.226,S2M
77,F3,57,8.179,S2M
77,F3,58,9.644,S2M
77,F3,59,10.620,S2M
77,F3,60,10.620,S2M
77,F3,61,9.644,S2M
77,F3,62,8.179,S2M
77,F3,63,6.226,S2M
77,F3,64,4.761,S2M
77,F3,65,3.784,S2M
77,F3,66,3.296,S2M
77,F3,67,2.808,S2M
77,F3,68,2.808,S2M
77,F3,69,1.831,S2M
77,F3,70,0.854,S2M
77,F3,71,-1.099,S2M
77,F3,72,-2.075,S2M
77,F3,73,-3.052,S2M
77,F3,74,-3.540,S2M
77,F3,75,-3.540,S2M
77,F3,76,-3.052,S2M
77,F3,77,-2.075,S2M
77,F3,78,-1.099,S2M
77,F3,79,0.366,S2M
77,F3,80,1.831,S2M
77,F3,81,2.808,S2M
77,F3,82,3.296,S2M
77,F3,83,3.784,S2M
77,F3,84,4.272,S2M
77,F3,85,4.761,S2M
77,F3,86,4.761,S2M
77,F3,87,5.737,S2M
77,F3,88,6.226,S2M
77,F3,89,5.737,S2M
77,F3,90,4.761,S2M
77,F3,91,2.319,S2M
77,F3,92,-0.610,S2M
77,F3,93,-4.028,S2M
77,F3,94,-5.981,S2M
77,F3,95,-7.446,S2M
77,F3,96,-7.935,S2M
77,F3,97,-8.423,S2M
77,F3,98,-8.423,S2M
77,F3,99,-8.423,S2M
77,F3,100,-7.446,S2M
77,F3,101,-5.493,S2M
77,F3,102,-3.052,S2M
77,F3,103,-1.587,S2M
77,F3,104,-1.099,S2M
77,F3,105,-1.587,S2M
77,F3,106,-2.075,S2M
77,F3,107,-2.075,S2M
77,F3,108,-1.587,S2M
77,F3,109,-0.610,S2M
77,F3,110,0.366,S2M
77,F3,111,0.366,S2M
77,F3,112,0.854,S2M
77,F3,113,0.854,S2M
77,F3,114,0.854,S2M
77,F3,115,0.366,S2M
77,F3,116,0.366,S2M
77,F3,117,-0.122,S2M
77,F3,118,-0.610,S2M
77,F3,119,-1.587,S2M
77,F3,120,-2.075,S2M
77,F3,121,-2.075,S2M
77,F3,122,-1.587,S2M
77,F3,123,-1.587,S2M
77,F3,124,-1.587,S2M
77,F3,125,-1.587,S2M
77,F3,126,-2.563,S2M
77,F3,127,-3.052,S2M
77,F3,128,-3.052,S2M
77,F3,129,-2.563,S2M
77,F3,130,-1.099,S2M
77,F3,131,0.366,S2M
77,F3,132,2.808,S2M
77,F3,133,4.761,S2M
77,F3,134,5.737,S2M
77,F3,135,6.226,S2M
77,F3,136,5.737,S2M
77,F3,137,5.249,S2M
77,F3,138,5.249,S2M
77,F3,139,5.249,S2M
77,F3,140,4.761,S2M
77,F3,141,4.761,S2M
77,F3,142,4.761,S2M
77,F3,143,4.272,S2M
77,F3,144,3.784,S2M
77,F3,145,2.319,S2M
77,F3,146,0.854,S2M
77,F3,147,-1.587,S2M
77,F3,148,-3.540,S2M
77,F3,149,-4.517,S2M
77,F3,150,-4.517,S2M
77,F3,151,-3.540,S2M
77,F3,152,-1.587,S2M
77,F3,153,0.854,S2M
77,F3,154,2.319,S2M
77,F3,155,2.808,S2M
77,F3,156,2.319,S2M
77,F3,157,1.831,S2M
77,F3,158,0.854,S2M
77,F3,159,0.854,S2M
77,F3,160,0.854,S2M
77,F3,161,0.366,S2M
77,F3,162,-0.610,S2M
77,F3,163,-1.587,S2M
77,F3,164,-2.075,S2M
77,F3,165,-2.075,S2M
77,F3,166,-0.610,S2M
77,F3,167,0.366,S2M
77,F3,168,0.854,S2M
77,F3,169,0.366,S2M
77,F3,170,-1.099,S2M
77,F3,171,-3.052,S2M
77,F3,172,-4.028,S2M
77,F3,173,-5.005,S2M
77,F3,174,-5.005,S2M
77,F3,175,-5.005,S2M
77,F3,176,-5.981,S2M
77,F3,177,-5.981,S2M
77,F3,178,-5.493,S2M
77,F3,179,-3.052,S2M
77,F3,180,-0.122,S2M
77,F3,181,2.808,S2M
77,F3,182,3.784,S2M
77,F3,183,3.296,S2M
77,F3,184,0.854,S2M
77,F3,185,-1.099,S2M
77,F3,186,-1.587,S2M
77,F3,187,-1.099,S2M
77,F3,188,-0.610,S2M
77,F3,189,-0.122,S2M
77,F3,190,-1.099,S2M
77,F3,191,-2.075,S2M
77,F3,192,-2.563,S2M
77,F3,193,-1.587,S2M
77,F3,194,0.854,S2M
77,F3,195,2.808,S2M
77,F3,196,4.761,S2M
77,F3,197,5.737,S2M
77,F3,198,5.249,S2M
77,F3,199,3.784,S2M
77,F3,200,1.831,S2M
77,F3,201,-0.610,S2M
77,F3,202,-2.075,S2M
77,F3,203,-2.563,S2M
77,F3,204,-2.075,S2M
77,F3,205,-1.099,S2M
77,F3,206,-0.122,S2M
77,F3,207,-0.122,S2M
77,F3,208,-0.122,S2M
77,F3,209,-0.610,S2M
77,F3,210,-0.122,S2M
77,F3,211,0.366,S2M
77,F3,212,0.366,S2M
77,F3,213,0.366,S2M
77,F3,214,-0.610,S2M
77,F3,215,-1.587,S2M
77,F3,216,-1.099,S2M
77,F3,217,-0.122,S2M
77,F3,218,1.343,S2M
77,F3,219,0.854,S2M
77,F3,220,-0.122,S2M
77,F3,221,-1.587,S2M
77,F3,222,-2.075,S2M
77,F3,223,-1.587,S2M
77,F3,224,0.366,S2M
77,F3,225,2.808,S2M
77,F3,226,4.272,S2M
77,F3,227,4.761,S2M
77,F3,228,4.272,S2M
77,F3,229,3.784,S2M
77,F3,230,2.808,S2M
77,F3,231,1.343,S2M
77,F3,232,0.366,S2M
77,F3,233,-0.122,S2M
77,F3,234,0.366,S2M
77,F3,235,1.343,S2M
77,F3,236,2.319,S2M
77,F3,237,2.808,S2M
77,F3,238,2.319,S2M
77,F3,239,2.319,S2M
77,F3,240,2.808,S2M
77,F3,241,3.784,S2M
77,F3,242,5.249,S2M
77,F3,243,5.737,S2M
77,F3,244,4.761,S2M
77,F3,245,3.784,S2M
77,F3,246,3.784,S2M
77,F3,247,4.761,S2M
77,F3,248,5.737,S2M
77,F3,249,6.226,S2M
77,F3,250,5.249,S2M
77,F3,251,3.784,S2M
77,F3,252,2.808,S2M
77,F3,253,3.296,S2M
77,F3,254,4.272,S2M
77,F3,255,4.761,S2M
77,FC6,0,-7.548,S2M
77,FC6,1,-6.083,S2M
77,FC6,2,-4.618,S2M
77,FC6,3,-3.642,S2M
77,FC6,4,-3.153,S2M
77,FC6,5,-2.665,S2M
77,FC6,6,-0.712,S2M
77,FC6,7,2.218,S2M
77,FC6,8,5.636,S2M
77,FC6,9,8.565,S2M
77,FC6,10,11.495,S2M
77,FC6,11,14.913,S2M
77,FC6,12,17.843,S2M
77,FC6,13,20.284,S2M
77,FC6,14,20.772,S2M
77,FC6,15,18.331,S2M
77,FC6,16,13.448,S2M
77,FC6,17,8.077,S2M
77,FC6,18,4.171,S2M
77,FC6,19,2.706,S2M
77,FC6,20,2.706,S2M
77,FC6,21,2.706,S2M
77,FC6,22,1.729,S2M
77,FC6,23,-1.200,S2M
77,FC6,24,-4.618,S2M
77,FC6,25,-7.060,S2M
77,FC6,26,-8.525,S2M
77,FC6,27,-9.501,S2M
77,FC6,28,-9.501,S2M
77,FC6,29,-9.989,S2M
77,FC6,30,-9.501,S2M
77,FC6,31,-8.036,S2M
77,FC6,32,-6.571,S2M
77,FC6,33,-5.107,S2M
77,FC6,34,-3.153,S2M
77,FC6,35,-1.689,S2M
77,FC6,36,0.264,S2M
77,FC6,37,2.706,S2M
77,FC6,38,5.636,S2M
77,FC6,39,8.077,S2M
77,FC6,40,9.054,S2M
77,FC6,41,9.054,S2M
77,FC6,42,8.565,S2M
77,FC6,43,7.589,S2M
77,FC6,44,6.612,S2M
77,FC6,45,5.147,S2M
77,FC6,46,3.194,S2M
77,FC6,47,-0.712,S2M
77,FC6,48,-4.618,S2M
77,FC6,49,-7.060,S2M
77,FC6,50,-7.548,S2M
77,FC6,51,-6.571,S2M
77,FC6,52,-5.107,S2M
77,FC6,53,-4.618,S2M
77,FC6,54,-5.107,S2M
77,FC6,55,-6.571,S2M
77,FC6,56,-7.548,S2M
77,FC6,57,-6.083,S2M
77,FC6,58,-3.153,S2M
77,FC6,59,-0.712,S2M
77,FC6,60,1.241,S2M
77,FC6,61,1.729,S2M
77,FC6,62,1.729,S2M
77,FC6,63,2.218,S2M
77,FC6,64,2.218,S2M
77,FC6,65,2.218,S2M
77,FC6,66,0.753,S2M
77,FC6,67,-1.689,S2M
77,FC6,68,-5.107,S2M
77,FC6,69,-8.036,S2M
77,FC6,70,-10.478,S2M
77,FC6,71,-11.454,S2M
77,FC6,72,-11.454,S2M
77,FC6,73,-11.454,S2M
77,FC6,74,-11.943,S2M
77,FC6,75,-12.431,S2M
77,FC6,76,-12.431,S2M
77,FC6,77,-11.454,S2M
77,FC6,78,-9.989,S2M
77,FC6,79,-8.036,S2M
77,FC6,80,-5.595,S2M
77,FC6,81,-4.130,S2M
77,FC6,82,-3.642,S2M
77,FC6,83,-3.642,S2M
77,FC6,84,-4.130,S2M
77,FC6,85,-4.618,S2M
77,FC6,86,-4.618,S2M
77,FC6,87,-4.618,S2M
77,FC6,88,-4.618,S2M
77,FC6,89,-5.595,S2M
77,FC6,90,-7.060,S2M
77,FC6,91,-8.525,S2M
77,FC6,92,-10.478,S2M
77,FC6,93,-11.454,S2M
77,FC6,94,-10.966,S2M
77,FC6,95,-10.478,S2M
77,FC6,96,-9.013,S2M
77,FC6,97,-9.501,S2M
77,FC6,98,-9.989,S2M
77,FC6,99,-11.454,S2M
77,FC6,100,-11.943,S2M
77,FC6,101,-11.454,S2M
77,FC6,102,-9.989,S2M
77,FC6,103,-8.036,S2M
77,FC6,104,-6.571,S2M
77,FC6,105,-5.107,S2M
77,FC6,106,-4.130,S2M
77,FC6,107,-4.130,S2M
77,FC6,108,-4.130,S2M
77,FC6,109,-3.642,S2M
77,FC6,110,-2.665,S2M
77,FC6,111,-0.712,S2M
77,FC6,112,1.241,S2M
77,FC6,113,2.706,S2M
77,FC6,114,3.194,S2M
77,FC6,115,3.194,S2M
77,FC6,116,2.218,S2M
77,FC6,117,0.753,S2M
77,FC6,118,-0.224,S2M
77,FC6,119,-1.689,S2M
77,FC6,120,-3.153,S2M
77,FC6,121,-4.618,S2M
77,FC6,122,-6.083,S2M
77,FC6,123,-7.548,S2M
77,FC6,124,-8.036,S2M
77,FC6,125,-8.525,S2M
77,FC6,126,-7.548,S2M
77,FC6,127,-6.083,S2M
77,FC6,128,-4.618,S2M
77,FC6,129,-2.665,S2M
77,FC6,130,-1.689,S2M
77,FC6,131,-0.712,S2M
77,FC6,132,0.264,S2M
77,FC6,133,1.241,S2M
77,FC6,134,2.218,S2M
77,FC6,135,3.194,S2M
77,FC6,136,3.682,S2M
77,FC6,137,4.659,S2M
77,FC6,138,4.659,S2M
77,FC6,139,4.171,S2M
77,FC6,140,3.194,S2M
77,FC6,141,1.241,S2M
77,FC6,142,-0.712,S2M
77,FC6,143,-2.665,S2M
77,FC6,144,-4.618,S2M
77,FC6,145,-6.571,S2M
77,FC6,146,-8.036,S2M
77,FC6,147,-9.989,S2M
77,FC6,148,-10.966,S2M
77,FC6,149,-10.966,S2M
77,FC6,150,-10.966,S2M
77,FC6,151,-9.989,S2M
77,FC6,152,-9.013,S2M
77,FC6,153,-8.036,S2M
77,FC6,154,-7.548,S2M
77,FC6,155,-6.571,S2M
77,FC6,156,-5.595,S2M
77,FC6,157,-4.618,S2M
77,FC6,158,-3.642,S2M
77,FC6,159,-2.177,S2M
77,FC6,160,-0.712,S2M
77,FC6,161,0.753,S2M
77,FC6,162,1.729,S2M
77,FC6,163,1.241,S2M
77,FC6,164,0.753,S2M
77,FC6,165,-0.224,S2M
77,FC6,166,-1.689,S2M
77,FC6,167,-3.642,S2M
77,FC6,168,-6.083,S2M
77,FC6,169,-8.525,S2M
77,FC6,170,-10.478,S2M
77,FC6,171,-10.966,S2M
77,FC6,172,-10.966,S2M
77,FC6,173,-10.478,S2M
77,FC6,174,-10.478,S2M
77,FC6,175,-10.478,S2M
77,FC6,176,-10.966,S2M
77,FC6,177,-10.478,S2M
77,FC6,178,-9.501,S2M
77,FC6,179,-8.525,S2M
77,FC6,180,-8.036,S2M
77,FC6,181,-8.036,S2M
77,FC6,182,-8.036,S2M
77,FC6,183,-7.060,S2M
77,FC6,184,-6.083,S2M
77,FC6,185,-4.130,S2M
77,FC6,186,-3.153,S2M
77,FC6,187,-2.665,S2M
77,FC6,188,-2.665,S2M
77,FC6,189,-3.153,S2M
77,FC6,190,-4.130,S2M
77,FC6,191,-5.595,S2M
77,FC6,192,-8.036,S2M
77,FC6,193,-10.966,S2M
77,FC6,194,-13.407,S2M
77,FC6,195,-14.872,S2M
77,FC6,196,-14.872,S2M
77,FC6,197,-14.384,S2M
77,FC6,198,-13.896,S2M
77,FC6,199,-14.384,S2M
77,FC6,200,-14.384,S2M
77,FC6,201,-14.384,S2M
77,FC6,202,-12.919,S2M
77,FC6,203,-10.966,S2M
77,FC6,204,-9.013,S2M
77,FC6,205,-7.548,S2M
77,FC6,206,-6.571,S2M
77,FC6,207,-5.595,S2M
77,FC6,208,-5.107,S2M
77,FC6,209,-4.618,S2M
77,FC6,210,-4.130,S2M
77,FC6,211,-5.107,S2M
77,FC6,212,-5.595,S2M
77,FC6,213,-6.083,S2M
77,FC6,214,-5.595,S2M
77,FC6,215,-3.642,S2M
77,FC6,216,-1.689,S2M
77,FC6,217,0.264,S2M
77,FC6,218,0.753,S2M
77,FC6,219,-0.712,S2M
77,FC6,220,-2.665,S2M
77,FC6,221,-5.595,S2M
77,FC6,222,-7.548,S2M
77,FC6,223,-8.036,S2M
77,FC6,224,-6.571,S2M
77,FC6,225,-4.618,S2M
77,FC6,226,-2.177,S2M
77,FC6,227,-1.200,S2M
77,FC6,228,-1.200,S2M
77,FC6,229,-1.689,S2M
77,FC6,230,-2.177,S2M
77,FC6,231,-1.200,S2M
77,FC6,232,0.264,S2M
77,FC6,233,2.218,S2M
77,FC6,234,3.194,S2M
77,FC6,235,2.706,S2M
77,FC6,236,1.729,S2M
77,FC6,237,1.241,S2M
77,FC6,238,1.729,S2M
77,FC6,239,2.706,S2M
77,FC6,240,3.682,S2M
77,FC6,241,3.682,S2M
77,FC6,242,2.706,S2M
77,FC6,243,1.729,S2M
77,FC6,244,0.264,S2M
77,FC6,245,0.264,S2M
77,FC6,246,0.753,S2M
77,FC6,247,0.753,S2M
77,FC6,248,0.264,S2M
77,FC6,249,-0.712,S2M
77,FC6,250,-2.177,S2M
77,FC6,251,-2.177,S2M
77,FC6,252,-1.200,S2M
77,FC6,253,0.753,S2M
77,FC6,254,2.706,S2M
77,FC6,255,3.682,S2M
77,FC5,0,-1.851,S2M
77,FC5,1,-0.875,S2M
77,FC5,2,1.078,S2M
77,FC5,3,3.520,S2M
77,FC5,4,5.473,S2M
77,FC5,5,7.426,S2M
77,FC5,6,8.891,S2M
77,FC5,7,11.332,S2M
77,FC5,8,13.774,S2M
77,FC5,9,15.238,S2M
77,FC5,10,15.727,S2M
77,FC5,11,14.750,S2M
77,FC5,12,12.309,S2M
77,FC5,13,10.356,S2M
77,FC5,14,8.891,S2M
77,FC5,15,7.914,S2M
77,FC5,16,6.938,S2M
77,FC5,17,5.961,S2M
77,FC5,18,4.008,S2M
77,FC5,19,1.567,S2M
77,FC5,20,-0.387,S2M
77,FC5,21,-2.828,S2M
77,FC5,22,-4.293,S2M
77,FC5,23,-5.269,S2M
77,FC5,24,-5.758,S2M
77,FC5,25,-5.758,S2M
77,FC5,26,-5.269,S2M
77,FC5,27,-4.781,S2M
77,FC5,28,-3.805,S2M
77,FC5,29,-3.805,S2M
77,FC5,30,-3.316,S2M
77,FC5,31,-2.828,S2M
77,FC5,32,-1.851,S2M
77,FC5,33,-0.875,S2M
77,FC5,34,0.590,S2M
77,FC5,35,2.055,S2M
77,FC5,36,3.031,S2M
77,FC5,37,4.496,S2M
77,FC5,38,5.961,S2M
77,FC5,39,7.426,S2M
77,FC5,40,8.403,S2M
77,FC5,41,8.891,S2M
77,FC5,42,7.914,S2M
77,FC5,43,6.449,S2M
77,FC5,44,4.985,S2M
77,FC5,45,3.520,S2M
77,FC5,46,3.031,S2M
77,FC5,47,1.567,S2M
77,FC5,48,0.102,S2M
77,FC5,49,-2.340,S2M
77,FC5,50,-4.293,S2M
77,FC5,51,-4.781,S2M
77,FC5,52,-4.293,S2M
77,FC5,53,-1.851,S2M
77,FC5,54,1.078,S2M
77,FC5,55,4.008,S2M
77,FC5,56,5.961,S2M
77,FC5,57,6.938,S2M
77,FC5,58,7.426,S2M
77,FC5,59,7.426,S2M
77,FC5,60,7.426,S2M
77,FC5,61,7.426,S2M
77,FC5,62,6.938,S2M
77,FC5,63,6.449,S2M
77,FC5,64,5.961,S2M
77,FC5,65,5.961,S2M
77,FC5,66,5.961,S2M
77,FC5,67,5.473,S2M
77,FC5,68,4.008,S2M
77,FC5,69,2.055,S2M
77,FC5,70,0.590,S2M
77,FC5,71,-0.875,S2M
77,FC5,72,-1.363,S2M
77,FC5,73,-1.851,S2M
77,FC5,74,-2.340,S2M
77,FC5,75,-3.316,S2M
77,FC5,76,-3.805,S2M
77,FC5,77,-3.805,S2M
77,FC5,78,-2.828,S2M
77,FC5,79,-1.851,S2M
77,FC5,80,-1.363,S2M
77,FC5,81,-0.875,S2M
77,FC5,82,0.102,S2M
77,FC5,83,0.590,S2M
77,FC5,84,2.055,S2M
77,FC5,85,3.520,S2M
77,FC5,86,4.496,S2M
77,FC5,87,4.496,S2M
77,FC5,88,4.496,S2M
77,FC5,89,3.520,S2M
77,FC5,90,3.031,S2M
77,FC5,91,1.078,S2M
77,FC5,92,-0.875,S2M
77,FC5,93,-2.828,S2M
77,FC5,94,-4.293,S2M
77,FC5,95,-5.269,S2M
77,FC5,96,-5.758,S2M
77,FC5,97,-6.246,S2M
77,FC5,98,-6.734,S2M
77,FC5,99,-6.734,S2M
77,FC5,100,-5.758,S2M
77,FC5,101,-4.293,S2M
77,FC5,102,-2.828,S2M
77,FC5,103,-1.851,S2M
77,FC5,104,-2.340,S2M
77,FC5,105,-3.805,S2M
77,FC5,106,-4.781,S2M
77,FC5,107,-4.293,S2M
77,FC5,108,-2.828,S2M
77,FC5,109,-0.875,S2M
77,FC5,110,0.102,S2M
77,FC5,111,0.102,S2M
77,FC5,112,-0.387,S2M
77,FC5,113,0.102,S2M
77,FC5,114,1.078,S2M
77,FC5,115,2.543,S2M
77,FC5,116,3.031,S2M
77,FC5,117,2.543,S2M
77,FC5,118,1.078,S2M
77,FC5,119,-0.387,S2M
77,FC5,120,-1.363,S2M
77,FC5,121,-0.387,S2M
77,FC5,122,0.590,S2M
77,FC5,123,1.567,S2M
77,FC5,124,1.567,S2M
77,FC5,125,0.590,S2M
77,FC5,126,-1.363,S2M
77,FC5,127,-3.316,S2M
77,FC5,128,-3.805,S2M
77,FC5,129,-3.805,S2M
77,FC5,130,-2.340,S2M
77,FC5,131,-0.875,S2M
77,FC5,132,0.102,S2M
77,FC5,133,0.590,S2M
77,FC5,134,1.567,S2M
77,FC5,135,2.543,S2M
77,FC5,136,3.520,S2M
77,FC5,137,4.496,S2M
77,FC5,138,5.473,S2M
77,FC5,139,5.473,S2M
77,FC5,140,4.985,S2M
77,FC5,141,4.008,S2M
77,FC5,142,3.520,S2M
77,FC5,143,3.031,S2M
77,FC5,144,3.031,S2M
77,FC5,145,3.031,S2M
77,FC5,146,2.055,S2M
77,FC5,147,0.102,S2M
77,FC5,148,-2.828,S2M
77,FC5,149,-4.781,S2M
77,FC5,150,-5.758,S2M
77,FC5,151,-5.269,S2M
77,FC5,152,-2.828,S2M
77,FC5,153,-0.875,S2M
77,FC5,154,0.102,S2M
77,FC5,155,-0.875,S2M
77,FC5,156,-2.340,S2M
77,FC5,157,-2.828,S2M
77,FC5,158,-2.828,S2M
77,FC5,159,-1.851,S2M
77,FC5,160,-1.851,S2M
77,FC5,161,-2.828,S2M
77,FC5,162,-4.293,S2M
77,FC5,163,-5.269,S2M
77,FC5,164,-5.269,S2M
77,FC5,165,-4.293,S2M
77,FC5,166,-2.340,S2M
77,FC5,167,-0.875,S2M
77,FC5,168,-0.387,S2M
77,FC5,169,-0.875,S2M
77,FC5,170,-2.340,S2M
77,FC5,171,-3.316,S2M
77,FC5,172,-3.805,S2M
77,FC5,173,-3.316,S2M
77,FC5,174,-2.828,S2M
77,FC5,175,-3.316,S2M
77,FC5,176,-4.293,S2M
77,FC5,177,-5.758,S2M
77,FC5,178,-6.246,S2M
77,FC5,179,-4.781,S2M
77,FC5,180,-2.340,S2M
77,FC5,181,0.590,S2M
77,FC5,182,1.567,S2M
77,FC5,183,0.590,S2M
77,FC5,184,-2.828,S2M
77,FC5,185,-5.269,S2M
77,FC5,186,-6.734,S2M
77,FC5,187,-5.758,S2M
77,FC5,188,-4.781,S2M
77,FC5,189,-4.293,S2M
77,FC5,190,-5.269,S2M
77,FC5,191,-6.734,S2M
77,FC5,192,-7.222,S2M
77,FC5,193,-6.246,S2M
77,FC5,194,-3.805,S2M
77,FC5,195,-1.851,S2M
77,FC5,196,-0.875,S2M
77,FC5,197,-0.875,S2M
77,FC5,198,-1.851,S2M
77,FC5,199,-2.340,S2M
77,FC5,200,-2.340,S2M
77,FC5,201,-1.851,S2M
77,FC5,202,-1.363,S2M
77,FC5,203,-0.875,S2M
77,FC5,204,-1.363,S2M
77,FC5,205,-1.363,S2M
77,FC5,206,-1.363,S2M
77,FC5,207,-1.363,S2M
77,FC5,208,-1.851,S2M
77,FC5,209,-2.340,S2M
77,FC5,210,-3.316,S2M
77,FC5,211,-4.293,S2M
77,FC5,212,-4.781,S2M
77,FC5,213,-5.269,S2M
77,FC5,214,-6.246,S2M
77,FC5,215,-6.734,S2M
77,FC5,216,-7.711,S2M
77,FC5,217,-7.711,S2M
77,FC5,218,-7.222,S2M
77,FC5,219,-6.734,S2M
77,FC5,220,-6.734,S2M
77,FC5,221,-6.734,S2M
77,FC5,222,-6.246,S2M
77,FC5,223,-5.758,S2M
77,FC5,224,-4.293,S2M
77,FC5,225,-2.340,S2M
77,FC5,226,-0.875,S2M
77,FC5,227,-0.387,S2M
77,FC5,228,-0.387,S2M
77,FC5,229,-0.875,S2M
77,FC5,230,-1.851,S2M
77,FC5,231,-4.293,S2M
77,FC5,232,-6.734,S2M
77,FC5,233,-7.711,S2M
77,FC5,234,-7.711,S2M
77,FC5,235,-5.758,S2M
77,FC5,236,-3.316,S2M
77,FC5,237,-1.363,S2M
77,FC5,238,-1.363,S2M
77,FC5,239,-2.828,S2M
77,FC5,240,-3.805,S2M
77,FC5,241,-3.316,S2M
77,FC5,242,-2.828,S2M
77,FC5,243,-1.363,S2M
77,FC5,244,-1.363,S2M
77,FC5,245,-1.363,S2M
77,FC5,246,-1.363,S2M
77,FC5,247,-0.387,S2M
77,FC5,248,1.078,S2M
77,FC5,249,1.567,S2M
77,FC5,250,1.078,S2M
77,FC5,251,-0.875,S2M
77,FC5,252,-2.340,S2M
77,FC5,253,-2.828,S2M
77,FC5,254,-0.875,S2M
77,FC5,255,0.102,S2M
77,FC2,0,-5.951,S2M
77,FC2,1,-4.974,S2M
77,FC2,2,-4.486,S2M
77,FC2,3,-4.486,S2M
77,FC2,4,-4.974,S2M
77,FC2,5,-4.974,S2M
77,FC2,6,-4.486,S2M
77,FC2,7,-2.533,S2M
77,FC2,8,-0.092,S2M
77,FC2,9,2.838,S2M
77,FC2,10,5.280,S2M
77,FC2,11,6.744,S2M
77,FC2,12,8.209,S2M
77,FC2,13,8.698,S2M
77,FC2,14,8.209,S2M
77,FC2,15,6.744,S2M
77,FC2,16,4.791,S2M
77,FC2,17,2.350,S2M
77,FC2,18,-0.092,S2M
77,FC2,19,-1.068,S2M
77,FC2,20,-1.556,S2M
77,FC2,21,-1.068,S2M
77,FC2,22,-1.556,S2M
77,FC2,23,-2.533,S2M
77,FC2,24,-3.510,S2M
77,FC2,25,-3.998,S2M
77,FC2,26,-4.486,S2M
77,FC2,27,-4.486,S2M
77,FC2,28,-3.998,S2M
77,FC2,29,-3.510,S2M
77,FC2,30,-3.021,S2M
77,FC2,31,-2.533,S2M
77,FC2,32,-1.556,S2M
77,FC2,33,-0.580,S2M
77,FC2,34,0.885,S2M
77,FC2,35,1.373,S2M
77,FC2,36,1.862,S2M
77,FC2,37,2.350,S2M
77,FC2,38,2.350,S2M
77,FC2,39,1.862,S2M
77,FC2,40,1.862,S2M
77,FC2,41,1.862,S2M
77,FC2,42,1.862,S2M
77,FC2,43,2.350,S2M
77,FC2,44,2.838,S2M
77,FC2,45,3.815,S2M
77,FC2,46,3.815,S2M
77,FC2,47,2.838,S2M
77,FC2,48,1.373,S2M
77,FC2,49,-0.092,S2M
77,FC2,50,-1.556,S2M
77,FC2,51,-2.045,S2M
77,FC2,52,-2.045,S2M
77,FC2,53,-2.045,S2M
77,FC2,54,-2.533,S2M
77,FC2,55,-2.533,S2M
77,FC2,56,-2.045,S2M
77,FC2,57,-0.580,S2M
77,FC2,58,1.373,S2M
77,FC2,59,3.326,S2M
77,FC2,60,4.303,S2M
77,FC2,61,3.815,S2M
77,FC2,62,2.838,S2M
77,FC2,63,1.862,S2M
77,FC2,64,1.373,S2M
77,FC2,65,0.885,S2M
77,FC2,66,0.397,S2M
77,FC2,67,-0.092,S2M
77,FC2,68,-1.068,S2M
77,FC2,69,-2.045,S2M
77,FC2,70,-3.021,S2M
77,FC2,71,-3.021,S2M
77,FC2,72,-3.021,S2M
77,FC2,73,-3.510,S2M
77,FC2,74,-3.998,S2M
77,FC2,75,-4.486,S2M
77,FC2,76,-4.486,S2M
77,FC2,77,-4.486,S2M
77,FC2,78,-3.510,S2M
77,FC2,79,-2.045,S2M
77,FC2,80,-0.580,S2M
77,FC2,81,0.397,S2M
77,FC2,82,0.885,S2M
77,FC2,83,0.885,S2M
77,FC2,84,0.397,S2M
77,FC2,85,-0.092,S2M
77,FC2,86,-0.092,S2M
77,FC2,87,-0.092,S2M
77,FC2,88,0.397,S2M
77,FC2,89,0.397,S2M
77,FC2,90,-0.580,S2M
77,FC2,91,-2.045,S2M
77,FC2,92,-3.021,S2M
77,FC2,93,-3.998,S2M
77,FC2,94,-3.998,S2M
77,FC2,95,-3.998,S2M
77,FC2,96,-3.998,S2M
77,FC2,97,-3.998,S2M
77,FC2,98,-4.486,S2M
77,FC2,99,-4.974,S2M
77,FC2,100,-5.463,S2M
77,FC2,101,-4.974,S2M
77,FC2,102,-3.998,S2M
77,FC2,103,-3.021,S2M
77,FC2,104,-1.556,S2M
77,FC2,105,-1.068,S2M
77,FC2,106,-0.580,S2M
77,FC2,107,-1.068,S2M
77,FC2,108,-1.068,S2M
77,FC2,109,-1.068,S2M
77,FC2,110,-1.068,S2M
77,FC2,111,-0.580,S2M
77,FC2,112,0.397,S2M
77,FC2,113,0.397,S2M
77,FC2,114,0.885,S2M
77,FC2,115,1.373,S2M
77,FC2,116,1.373,S2M
77,FC2,117,0.885,S2M
77,FC2,118,0.397,S2M
77,FC2,119,-0.092,S2M
77,FC2,120,-1.068,S2M
77,FC2,121,-2.045,S2M
77,FC2,122,-3.021,S2M
77,FC2,123,-3.998,S2M
77,FC2,124,-4.974,S2M
77,FC2,125,-4.486,S2M
77,FC2,126,-3.998,S2M
77,FC2,127,-3.021,S2M
77,FC2,128,-2.045,S2M
77,FC2,129,-1.556,S2M
77,FC2,130,-0.580,S2M
77,FC2,131,-0.092,S2M
77,FC2,132,0.397,S2M
77,FC2,133,1.373,S2M
77,FC2,134,1.862,S2M
77,FC2,135,2.350,S2M
77,FC2,136,2.350,S2M
77,FC2,137,2.838,S2M
77,FC2,138,3.326,S2M
77,FC2,139,3.326,S2M
77,FC2,140,2.838,S2M
77,FC2,141,2.350,S2M
77,FC2,142,1.373,S2M
77,FC2,143,-0.092,S2M
77,FC2,144,-1.068,S2M
77,FC2,145,-1.556,S2M
77,FC2,146,-2.045,S2M
77,FC2,147,-2.533,S2M
77,FC2,148,-2.533,S2M
77,FC2,149,-3.021,S2M
77,FC2,150,-3.021,S2M
77,FC2,151,-3.021,S2M
77,FC2,152,-2.533,S2M
77,FC2,153,-2.045,S2M
77,FC2,154,-1.068,S2M
77,FC2,155,-0.092,S2M
77,FC2,156,0.397,S2M
77,FC2,157,0.397,S2M
77,FC2,158,0.397,S2M
77,FC2,159,0.397,S2M
77,FC2,160,0.397,S2M
77,FC2,161,0.397,S2M
77,FC2,162,1.373,S2M
77,FC2,163,1.373,S2M
77,FC2,164,1.373,S2M
77,FC2,165,0.885,S2M
77,FC2,166,0.397,S2M
77,FC2,167,-0.092,S2M
77,FC2,168,-1.068,S2M
77,FC2,169,-2.045,S2M
77,FC2,170,-3.021,S2M
77,FC2,171,-3.998,S2M
77,FC2,172,-3.998,S2M
77,FC2,173,-3.998,S2M
77,FC2,174,-3.998,S2M
77,FC2,175,-4.486,S2M
77,FC2,176,-4.486,S2M
77,FC2,177,-4.486,S2M
77,FC2,178,-3.510,S2M
77,FC2,179,-3.021,S2M
77,FC2,180,-2.533,S2M
77,FC2,181,-1.068,S2M
77,FC2,182,-0.580,S2M
77,FC2,183,0.397,S2M
77,FC2,184,0.885,S2M
77,FC2,185,1.373,S2M
77,FC2,186,1.373,S2M
77,FC2,187,1.373,S2M
77,FC2,188,1.373,S2M
77,FC2,189,1.373,S2M
77,FC2,190,0.397,S2M
77,FC2,191,-0.092,S2M
77,FC2,192,-0.580,S2M
77,FC2,193,-0.580,S2M
77,FC2,194,-0.580,S2M
77,FC2,195,-0.092,S2M
77,FC2,196,-0.092,S2M
77,FC2,197,-0.580,S2M
77,FC2,198,-1.068,S2M
77,FC2,199,-2.533,S2M
77,FC2,200,-3.510,S2M
77,FC2,201,-3.998,S2M
77,FC2,202,-3.998,S2M
77,FC2,203,-3.021,S2M
77,FC2,204,-3.021,S2M
77,FC2,205,-2.533,S2M
77,FC2,206,-2.045,S2M
77,FC2,207,-1.556,S2M
77,FC2,208,-0.580,S2M
77,FC2,209,-0.092,S2M
77,FC2,210,0.397,S2M
77,FC2,211,0.397,S2M
77,FC2,212,0.397,S2M
77,FC2,213,0.397,S2M
77,FC2,214,-0.092,S2M
77,FC2,215,0.397,S2M
77,FC2,216,0.885,S2M
77,FC2,217,1.862,S2M
77,FC2,218,2.350,S2M
77,FC2,219,2.350,S2M
77,FC2,220,1.862,S2M
77,FC2,221,0.397,S2M
77,FC2,222,-1.068,S2M
77,FC2,223,-1.068,S2M
77,FC2,224,-0.580,S2M
77,FC2,225,0.397,S2M
77,FC2,226,1.373,S2M
77,FC2,227,1.862,S2M
77,FC2,228,1.862,S2M
77,FC2,229,1.862,S2M
77,FC2,230,2.350,S2M
77,FC2,231,2.838,S2M
77,FC2,232,4.303,S2M
77,FC2,233,4.791,S2M
77,FC2,234,4.791,S2M
77,FC2,235,4.303,S2M
77,FC2,236,3.326,S2M
77,FC2,237,2.350,S2M
77,FC2,238,2.350,S2M
77,FC2,239,3.326,S2M
77,FC2,240,4.791,S2M
77,FC2,241,5.768,S2M
77,FC2,242,5.768,S2M
77,FC2,243,5.280,S2M
77,FC2,244,3.815,S2M
77,FC2,245,3.326,S2M
77,FC2,246,3.326,S2M
77,FC2,247,3.815,S2M
77,FC2,248,3.815,S2M
77,FC2,249,3.326,S2M
77,FC2,250,2.350,S2M
77,FC2,251,1.373,S2M
77,FC2,252,1.862,S2M
77,FC2,253,2.350,S2M
77,FC2,254,3.815,S2M
77,FC2,255,4.303,S2M
77,FC1,0,-1.149,S2M
77,FC1,1,-0.173,S2M
77,FC1,2,0.804,S2M
77,FC1,3,0.804,S2M
77,FC1,4,0.804,S2M
77,FC1,5,1.292,S2M
77,FC1,6,2.268,S2M
77,FC1,7,3.245,S2M
77,FC1,8,5.198,S2M
77,FC1,9,6.175,S2M
77,FC1,10,6.663,S2M
77,FC1,11,6.663,S2M
77,FC1,12,6.663,S2M
77,FC1,13,5.686,S2M
77,FC1,14,4.710,S2M
77,FC1,15,3.733,S2M
77,FC1,16,2.268,S2M
77,FC1,17,0.315,S2M
77,FC1,18,-1.149,S2M
77,FC1,19,-2.126,S2M
77,FC1,20,-2.126,S2M
77,FC1,21,-2.614,S2M
77,FC1,22,-2.126,S2M
77,FC1,23,-2.126,S2M
77,FC1,24,-1.638,S2M
77,FC1,25,-1.638,S2M
77,FC1,26,-1.149,S2M
77,FC1,27,-0.661,S2M
77,FC1,28,-0.661,S2M
77,FC1,29,-0.173,S2M
77,FC1,30,0.315,S2M
77,FC1,31,0.315,S2M
77,FC1,32,0.804,S2M
77,FC1,33,1.292,S2M
77,FC1,34,2.268,S2M
77,FC1,35,2.757,S2M
77,FC1,36,3.733,S2M
77,FC1,37,4.710,S2M
77,FC1,38,6.175,S2M
77,FC1,39,6.663,S2M
77,FC1,40,7.640,S2M
77,FC1,41,8.128,S2M
77,FC1,42,8.128,S2M
77,FC1,43,8.128,S2M
77,FC1,44,7.640,S2M
77,FC1,45,7.151,S2M
77,FC1,46,5.686,S2M
77,FC1,47,4.222,S2M
77,FC1,48,2.757,S2M
77,FC1,49,1.292,S2M
77,FC1,50,0.315,S2M
77,FC1,51,-0.173,S2M
77,FC1,52,-0.173,S2M
77,FC1,53,0.804,S2M
77,FC1,54,2.268,S2M
77,FC1,55,3.733,S2M
77,FC1,56,5.198,S2M
77,FC1,57,6.175,S2M
77,FC1,58,7.151,S2M
77,FC1,59,7.151,S2M
77,FC1,60,7.151,S2M
77,FC1,61,6.663,S2M
77,FC1,62,5.686,S2M
77,FC1,63,4.710,S2M
77,FC1,64,4.222,S2M
77,FC1,65,3.733,S2M
77,FC1,66,4.222,S2M
77,FC1,67,4.710,S2M
77,FC1,68,4.222,S2M
77,FC1,69,3.245,S2M
77,FC1,70,2.757,S2M
77,FC1,71,1.780,S2M
77,FC1,72,1.292,S2M
77,FC1,73,1.292,S2M
77,FC1,74,0.804,S2M
77,FC1,75,0.315,S2M
77,FC1,76,0.315,S2M
77,FC1,77,0.315,S2M
77,FC1,78,0.315,S2M
77,FC1,79,0.804,S2M
77,FC1,80,1.780,S2M
77,FC1,81,2.268,S2M
77,FC1,82,2.757,S2M
77,FC1,83,3.245,S2M
77,FC1,84,3.245,S2M
77,FC1,85,3.733,S2M
77,FC1,86,3.733,S2M
77,FC1,87,4.222,S2M
77,FC1,88,4.710,S2M
77,FC1,89,5.198,S2M
77,FC1,90,4.222,S2M
77,FC1,91,2.757,S2M
77,FC1,92,1.292,S2M
77,FC1,93,-0.661,S2M
77,FC1,94,-2.126,S2M
77,FC1,95,-2.614,S2M
77,FC1,96,-2.614,S2M
77,FC1,97,-3.103,S2M
77,FC1,98,-3.591,S2M
77,FC1,99,-3.591,S2M
77,FC1,100,-3.103,S2M
77,FC1,101,-2.126,S2M
77,FC1,102,-1.149,S2M
77,FC1,103,-0.173,S2M
77,FC1,104,-0.173,S2M
77,FC1,105,-0.661,S2M
77,FC1,106,-0.661,S2M
77,FC1,107,-0.661,S2M
77,FC1,108,-0.173,S2M
77,FC1,109,0.315,S2M
77,FC1,110,0.804,S2M
77,FC1,111,0.804,S2M
77,FC1,112,1.292,S2M
77,FC1,113,1.292,S2M
77,FC1,114,1.292,S2M
77,FC1,115,1.292,S2M
77,FC1,116,1.292,S2M
77,FC1,117,0.804,S2M
77,FC1,118,0.315,S2M
77,FC1,119,0.315,S2M
77,FC1,120,0.315,S2M
77,FC1,121,0.315,S2M
77,FC1,122,0.315,S2M
77,FC1,123,0.315,S2M
77,FC1,124,-0.173,S2M
77,FC1,125,-0.661,S2M
77,FC1,126,-0.661,S2M
77,FC1,127,-1.638,S2M
77,FC1,128,-1.638,S2M
77,FC1,129,-1.149,S2M
77,FC1,130,-0.661,S2M
77,FC1,131,0.315,S2M
77,FC1,132,1.292,S2M
77,FC1,133,2.268,S2M
77,FC1,134,2.757,S2M
77,FC1,135,3.245,S2M
77,FC1,136,2.757,S2M
77,FC1,137,2.757,S2M
77,FC1,138,2.757,S2M
77,FC1,139,2.268,S2M
77,FC1,140,2.268,S2M
77,FC1,141,2.268,S2M
77,FC1,142,2.268,S2M
77,FC1,143,2.268,S2M
77,FC1,144,2.268,S2M
77,FC1,145,1.780,S2M
77,FC1,146,0.804,S2M
77,FC1,147,-0.173,S2M
77,FC1,148,-1.149,S2M
77,FC1,149,-2.126,S2M
77,FC1,150,-1.638,S2M
77,FC1,151,-0.173,S2M
77,FC1,152,1.292,S2M
77,FC1,153,2.757,S2M
77,FC1,154,3.733,S2M
77,FC1,155,3.245,S2M
77,FC1,156,2.757,S2M
77,FC1,157,2.268,S2M
77,FC1,158,1.292,S2M
77,FC1,159,0.804,S2M
77,FC1,160,0.315,S2M
77,FC1,161,0.315,S2M
77,FC1,162,-0.173,S2M
77,FC1,163,-0.661,S2M
77,FC1,164,-0.661,S2M
77,FC1,165,-0.661,S2M
77,FC1,166,0.315,S2M
77,FC1,167,0.804,S2M
77,FC1,168,1.292,S2M
77,FC1,169,0.315,S2M
77,FC1,170,-0.661,S2M
77,FC1,171,-2.126,S2M
77,FC1,172,-2.614,S2M
77,FC1,173,-2.614,S2M
77,FC1,174,-2.614,S2M
77,FC1,175,-2.126,S2M
77,FC1,176,-2.614,S2M
77,FC1,177,-3.103,S2M
77,FC1,178,-3.103,S2M
77,FC1,179,-1.638,S2M
77,FC1,180,-0.173,S2M
77,FC1,181,2.268,S2M
77,FC1,182,2.757,S2M
77,FC1,183,2.268,S2M
77,FC1,184,1.292,S2M
77,FC1,185,-0.173,S2M
77,FC1,186,-0.661,S2M
77,FC1,187,-0.661,S2M
77,FC1,188,-0.173,S2M
77,FC1,189,-0.661,S2M
77,FC1,190,-1.149,S2M
77,FC1,191,-1.149,S2M
77,FC1,192,-1.149,S2M
77,FC1,193,0.315,S2M
77,FC1,194,1.780,S2M
77,FC1,195,3.245,S2M
77,FC1,196,4.222,S2M
77,FC1,197,3.733,S2M
77,FC1,198,3.245,S2M
77,FC1,199,2.268,S2M
77,FC1,200,1.292,S2M
77,FC1,201,0.804,S2M
77,FC1,202,-0.173,S2M
77,FC1,203,-0.661,S2M
77,FC1,204,-0.661,S2M
77,FC1,205,-0.661,S2M
77,FC1,206,-0.661,S2M
77,FC1,207,-0.661,S2M
77,FC1,208,-0.661,S2M
77,FC1,209,-0.661,S2M
77,FC1,210,-0.173,S2M
77,FC1,211,0.315,S2M
77,FC1,212,0.804,S2M
77,FC1,213,0.315,S2M
77,FC1,214,-0.173,S2M
77,FC1,215,-0.661,S2M
77,FC1,216,-0.661,S2M
77,FC1,217,-0.661,S2M
77,FC1,218,-0.173,S2M
77,FC1,219,-0.173,S2M
77,FC1,220,-0.173,S2M
77,FC1,221,-0.661,S2M
77,FC1,222,-0.661,S2M
77,FC1,223,0.315,S2M
77,FC1,224,1.292,S2M
77,FC1,225,2.268,S2M
77,FC1,226,2.757,S2M
77,FC1,227,2.757,S2M
77,FC1,228,2.757,S2M
77,FC1,229,2.268,S2M
77,FC1,230,1.292,S2M
77,FC1,231,0.804,S2M
77,FC1,232,0.315,S2M
77,FC1,233,0.804,S2M
77,FC1,234,1.292,S2M
77,FC1,235,1.780,S2M
77,FC1,236,1.780,S2M
77,FC1,237,1.780,S2M
77,FC1,238,1.292,S2M
77,FC1,239,1.292,S2M
77,FC1,240,1.780,S2M
77,FC1,241,2.757,S2M
77,FC1,242,3.245,S2M
77,FC1,243,3.733,S2M
77,FC1,244,2.757,S2M
77,FC1,245,2.757,S2M
77,FC1,246,2.757,S2M
77,FC1,247,3.733,S2M
77,FC1,248,4.222,S2M
77,FC1,249,4.222,S2M
77,FC1,250,3.245,S2M
77,FC1,251,1.780,S2M
77,FC1,252,1.780,S2M
77,FC1,253,1.780,S2M
77,FC1,254,2.268,S2M
77,FC1,255,2.268,S2M
77,T8,0,-3.825,S2M
77,T8,1,-2.848,S2M
77,T8,2,-1.383,S2M
77,T8,3,-0.407,S2M
77,T8,4,1.058,S2M
77,T8,5,2.523,S2M
77,T8,6,5.941,S2M
77,T8,7,9.359,S2M
77,T8,8,13.265,S2M
77,T8,9,15.706,S2M
77,T8,10,17.171,S2M
77,T8,11,19.124,S2M
77,T8,12,21.077,S2M
77,T8,13,24.007,S2M
77,T8,14,24.495,S2M
77,T8,15,22.054,S2M
77,T8,16,17.171,S2M
77,T8,17,10.824,S2M
77,T8,18,6.917,S2M
77,T8,19,5.452,S2M
77,T8,20,5.941,S2M
77,T8,21,5.941,S2M
77,T8,22,3.988,S2M
77,T8,23,0.081,S2M
77,T8,24,-4.313,S2M
77,T8,25,-7.731,S2M
77,T8,26,-10.173,S2M
77,T8,27,-11.637,S2M
77,T8,28,-12.614,S2M
77,T8,29,-13.590,S2M
77,T8,30,-13.102,S2M
77,T8,31,-11.149,S2M
77,T8,32,-9.684,S2M
77,T8,33,-7.731,S2M
77,T8,34,-5.778,S2M
77,T8,35,-4.313,S2M
77,T8,36,-1.383,S2M
77,T8,37,2.523,S2M
77,T8,38,6.917,S2M
77,T8,39,10.335,S2M
77,T8,40,11.800,S2M
77,T8,41,11.312,S2M
77,T8,42,9.847,S2M
77,T8,43,7.406,S2M
77,T8,44,5.452,S2M
77,T8,45,2.523,S2M
77,T8,46,-0.895,S2M
77,T8,47,-5.290,S2M
77,T8,48,-9.196,S2M
77,T8,49,-11.637,S2M
77,T8,50,-11.149,S2M
77,T8,51,-8.708,S2M
77,T8,52,-6.266,S2M
77,T8,53,-5.290,S2M
77,T8,54,-6.755,S2M
77,T8,55,-9.196,S2M
77,T8,56,-10.661,S2M
77,T8,57,-10.661,S2M
77,T8,58,-8.219,S2M
77,T8,59,-4.801,S2M
77,T8,60,-1.872,S2M
77,T8,61,0.081,S2M
77,T8,62,1.058,S2M
77,T8,63,1.546,S2M
77,T8,64,1.546,S2M
77,T8,65,1.058,S2M
77,T8,66,-0.407,S2M
77,T8,67,-3.825,S2M
77,T8,68,-7.731,S2M
77,T8,69,-12.126,S2M
77,T8,70,-14.567,S2M
77,T8,71,-16.032,S2M
77,T8,72,-16.520,S2M
77,T8,73,-16.520,S2M
77,T8,74,-17.008,S2M
77,T8,75,-17.497,S2M
77,T8,76,-17.985,S2M
77,T8,77,-17.497,S2M
77,T8,78,-15.544,S2M
77,T8,79,-13.102,S2M
77,T8,80,-10.173,S2M
77,T8,81,-8.219,S2M
77,T8,82,-7.243,S2M
77,T8,83,-7.243,S2M
77,T8,84,-7.243,S2M
77,T8,85,-6.755,S2M
77,T8,86,-6.266,S2M
77,T8,87,-6.266,S2M
77,T8,88,-7.243,S2M
77,T8,89,-9.684,S2M
77,T8,90,-12.126,S2M
77,T8,91,-14.079,S2M
77,T8,92,-15.055,S2M
77,T8,93,-14.567,S2M
77,T8,94,-13.590,S2M
77,T8,95,-12.614,S2M
77,T8,96,-11.637,S2M
77,T8,97,-11.637,S2M
77,T8,98,-12.614,S2M
77,T8,99,-14.567,S2M
77,T8,100,-16.032,S2M
77,T8,101,-16.032,S2M
77,T8,102,-14.079,S2M
77,T8,103,-10.661,S2M
77,T8,104,-7.731,S2M
77,T8,105,-6.266,S2M
77,T8,106,-6.266,S2M
77,T8,107,-7.731,S2M
77,T8,108,-8.708,S2M
77,T8,109,-7.731,S2M
77,T8,110,-4.801,S2M
77,T8,111,-1.383,S2M
77,T8,112,1.546,S2M
77,T8,113,3.011,S2M
77,T8,114,3.011,S2M
77,T8,115,2.035,S2M
77,T8,116,0.570,S2M
77,T8,117,-1.383,S2M
77,T8,118,-3.337,S2M
77,T8,119,-5.290,S2M
77,T8,120,-6.755,S2M
77,T8,121,-7.243,S2M
77,T8,122,-7.731,S2M
77,T8,123,-7.731,S2M
77,T8,124,-8.708,S2M
77,T8,125,-9.684,S2M
77,T8,126,-10.661,S2M
77,T8,127,-9.684,S2M
77,T8,128,-8.219,S2M
77,T8,129,-5.778,S2M
77,T8,130,-4.313,S2M
77,T8,131,-3.337,S2M
77,T8,132,-2.848,S2M
77,T8,133,-2.848,S2M
77,T8,134,-2.360,S2M
77,T8,135,-1.383,S2M
77,T8,136,-0.895,S2M
77,T8,137,-0.407,S2M
77,T8,138,-0.895,S2M
77,T8,139,-1.383,S2M
77,T8,140,-1.383,S2M
77,T8,141,-1.383,S2M
77,T8,142,-2.360,S2M
77,T8,143,-3.825,S2M
77,T8,144,-6.266,S2M
77,T8,145,-9.684,S2M
77,T8,146,-13.102,S2M
77,T8,147,-15.055,S2M
77,T8,148,-16.520,S2M
77,T8,149,-16.032,S2M
77,T8,150,-15.055,S2M
77,T8,151,-14.079,S2M
77,T8,152,-12.614,S2M
77,T8,153,-11.637,S2M
77,T8,154,-10.173,S2M
77,T8,155,-9.196,S2M
77,T8,156,-8.708,S2M
77,T8,157,-7.731,S2M
77,T8,158,-6.266,S2M
77,T8,159,-4.313,S2M
77,T8,160,-2.360,S2M
77,T8,161,0.081,S2M
77,T8,162,0.570,S2M
77,T8,163,0.570,S2M
77,T8,164,-0.407,S2M
77,T8,165,-1.383,S2M
77,T8,166,-3.337,S2M
77,T8,167,-5.778,S2M
77,T8,168,-8.219,S2M
77,T8,169,-11.149,S2M
77,T8,170,-12.614,S2M
77,T8,171,-12.614,S2M
77,T8,172,-12.126,S2M
77,T8,173,-11.637,S2M
77,T8,174,-12.126,S2M
77,T8,175,-12.614,S2M
77,T8,176,-14.079,S2M
77,T8,177,-14.079,S2M
77,T8,178,-13.590,S2M
77,T8,179,-12.126,S2M
77,T8,180,-11.637,S2M
77,T8,181,-11.149,S2M
77,T8,182,-11.149,S2M
77,T8,183,-10.173,S2M
77,T8,184,-8.219,S2M
77,T8,185,-5.778,S2M
77,T8,186,-3.825,S2M
77,T8,187,-3.337,S2M
77,T8,188,-4.313,S2M
77,T8,189,-5.290,S2M
77,T8,190,-6.266,S2M
77,T8,191,-8.219,S2M
77,T8,192,-11.149,S2M
77,T8,193,-15.544,S2M
77,T8,194,-20.426,S2M
77,T8,195,-23.356,S2M
77,T8,196,-24.333,S2M
77,T8,197,-22.868,S2M
77,T8,198,-20.915,S2M
77,T8,199,-19.450,S2M
77,T8,200,-18.473,S2M
77,T8,201,-17.985,S2M
77,T8,202,-17.008,S2M
77,T8,203,-15.055,S2M
77,T8,204,-13.102,S2M
77,T8,205,-11.149,S2M
77,T8,206,-10.173,S2M
77,T8,207,-9.684,S2M
77,T8,208,-8.708,S2M
77,T8,209,-8.219,S2M
77,T8,210,-7.731,S2M
77,T8,211,-8.219,S2M
77,T8,212,-8.708,S2M
77,T8,213,-9.196,S2M
77,T8,214,-8.708,S2M
77,T8,215,-7.243,S2M
77,T8,216,-4.801,S2M
77,T8,217,-2.848,S2M
77,T8,218,-1.872,S2M
77,T8,219,-2.848,S2M
77,T8,220,-4.801,S2M
77,T8,221,-7.243,S2M
77,T8,222,-9.684,S2M
77,T8,223,-10.173,S2M
77,T8,224,-8.708,S2M
77,T8,225,-6.755,S2M
77,T8,226,-4.313,S2M
77,T8,227,-3.337,S2M
77,T8,228,-3.337,S2M
77,T8,229,-4.313,S2M
77,T8,230,-5.290,S2M
77,T8,231,-5.778,S2M
77,T8,232,-4.801,S2M
77,T8,233,-2.848,S2M
77,T8,234,-0.895,S2M
77,T8,235,0.570,S2M
77,T8,236,1.058,S2M
77,T8,237,2.035,S2M
77,T8,238,2.523,S2M
77,T8,239,3.499,S2M
77,T8,240,3.499,S2M
77,T8,241,2.523,S2M
77,T8,242,0.570,S2M
77,T8,243,-1.383,S2M
77,T8,244,-2.360,S2M
77,T8,245,-2.360,S2M
77,T8,246,-1.872,S2M
77,T8,247,-1.872,S2M
77,T8,248,-2.848,S2M
77,T8,249,-4.801,S2M
77,T8,250,-5.290,S2M
77,T8,251,-4.313,S2M
77,T8,252,-2.360,S2M
77,T8,253,0.081,S2M
77,T8,254,1.546,S2M
77,T8,255,1.546,S2M
77,T7,0,-3.031,S2M
77,T7,1,-2.055,S2M
77,T7,2,1.851,S2M
77,T7,3,7.711,S2M
77,T7,4,12.594,S2M
77,T7,5,15.523,S2M
77,T7,6,16.988,S2M
77,T7,7,17.965,S2M
77,T7,8,18.941,S2M
77,T7,9,19.430,S2M
77,T7,10,18.941,S2M
77,T7,11,17.965,S2M
77,T7,12,16.988,S2M
77,T7,13,16.012,S2M
77,T7,14,14.547,S2M
77,T7,15,12.594,S2M
77,T7,16,10.640,S2M
77,T7,17,8.687,S2M
77,T7,18,6.734,S2M
77,T7,19,5.758,S2M
77,T7,20,4.781,S2M
77,T7,21,2.340,S2M
77,T7,22,-0.590,S2M
77,T7,23,-4.008,S2M
77,T7,24,-5.473,S2M
77,T7,25,-6.938,S2M
77,T7,26,-7.426,S2M
77,T7,27,-7.426,S2M
77,T7,28,-7.914,S2M
77,T7,29,-7.914,S2M
77,T7,30,-7.426,S2M
77,T7,31,-5.473,S2M
77,T7,32,-2.543,S2M
77,T7,33,0.387,S2M
77,T7,34,3.805,S2M
77,T7,35,5.269,S2M
77,T7,36,5.758,S2M
77,T7,37,5.758,S2M
77,T7,38,5.758,S2M
77,T7,39,6.246,S2M
77,T7,40,7.222,S2M
77,T7,41,7.711,S2M
77,T7,42,6.734,S2M
77,T7,43,4.293,S2M
77,T7,44,2.340,S2M
77,T7,45,0.875,S2M
77,T7,46,0.387,S2M
77,T7,47,-0.590,S2M
77,T7,48,-3.031,S2M
77,T7,49,-5.473,S2M
77,T7,50,-7.426,S2M
77,T7,51,-7.914,S2M
77,T7,52,-6.449,S2M
77,T7,53,-4.008,S2M
77,T7,54,-1.567,S2M
77,T7,55,0.875,S2M
77,T7,56,3.316,S2M
77,T7,57,5.269,S2M
77,T7,58,7.222,S2M
77,T7,59,7.711,S2M
77,T7,60,7.222,S2M
77,T7,61,5.758,S2M
77,T7,62,4.781,S2M
77,T7,63,4.781,S2M
77,T7,64,5.758,S2M
77,T7,65,6.246,S2M
77,T7,66,6.734,S2M
77,T7,67,6.734,S2M
77,T7,68,5.758,S2M
77,T7,69,4.293,S2M
77,T7,70,1.851,S2M
77,T7,71,-1.078,S2M
77,T7,72,-4.008,S2M
77,T7,73,-5.473,S2M
77,T7,74,-4.985,S2M
77,T7,75,-3.520,S2M
77,T7,76,-2.055,S2M
77,T7,77,-2.543,S2M
77,T7,78,-4.496,S2M
77,T7,79,-6.449,S2M
77,T7,80,-6.938,S2M
77,T7,81,-5.473,S2M
77,T7,82,-2.543,S2M
77,T7,83,-0.590,S2M
77,T7,84,0.387,S2M
77,T7,85,-0.102,S2M
77,T7,86,-1.078,S2M
77,T7,87,-0.590,S2M
77,T7,88,-0.102,S2M
77,T7,89,0.875,S2M
77,T7,90,0.875,S2M
77,T7,91,-0.590,S2M
77,T7,92,-2.543,S2M
77,T7,93,-4.496,S2M
77,T7,94,-5.473,S2M
77,T7,95,-5.961,S2M
77,T7,96,-5.961,S2M
77,T7,97,-6.449,S2M
77,T7,98,-7.426,S2M
77,T7,99,-8.891,S2M
77,T7,100,-9.867,S2M
77,T7,101,-9.379,S2M
77,T7,102,-7.914,S2M
77,T7,103,-6.938,S2M
77,T7,104,-6.938,S2M
77,T7,105,-7.914,S2M
77,T7,106,-8.891,S2M
77,T7,107,-8.891,S2M
77,T7,108,-7.426,S2M
77,T7,109,-5.473,S2M
77,T7,110,-3.520,S2M
77,T7,111,-3.031,S2M
77,T7,112,-3.520,S2M
77,T7,113,-3.031,S2M
77,T7,114,-2.055,S2M
77,T7,115,0.387,S2M
77,T7,116,1.851,S2M
77,T7,117,2.340,S2M
77,T7,118,1.363,S2M
77,T7,119,-0.590,S2M
77,T7,120,-2.543,S2M
77,T7,121,-3.520,S2M
77,T7,122,-3.031,S2M
77,T7,123,-2.055,S2M
77,T7,124,-1.567,S2M
77,T7,125,-2.543,S2M
77,T7,126,-4.008,S2M
77,T7,127,-5.961,S2M
77,T7,128,-7.426,S2M
77,T7,129,-8.403,S2M
77,T7,130,-7.914,S2M
77,T7,131,-6.449,S2M
77,T7,132,-4.985,S2M
77,T7,133,-3.520,S2M
77,T7,134,-3.031,S2M
77,T7,135,-2.543,S2M
77,T7,136,-2.055,S2M
77,T7,137,-1.078,S2M
77,T7,138,0.387,S2M
77,T7,139,0.875,S2M
77,T7,140,0.875,S2M
77,T7,141,0.387,S2M
77,T7,142,-0.102,S2M
77,T7,143,-0.590,S2M
77,T7,144,-0.590,S2M
77,T7,145,-0.590,S2M
77,T7,146,-1.078,S2M
77,T7,147,-3.031,S2M
77,T7,148,-4.985,S2M
77,T7,149,-7.426,S2M
77,T7,150,-8.403,S2M
77,T7,151,-9.379,S2M
77,T7,152,-9.379,S2M
77,T7,153,-9.379,S2M
77,T7,154,-9.867,S2M
77,T7,155,-10.356,S2M
77,T7,156,-10.844,S2M
77,T7,157,-10.844,S2M
77,T7,158,-9.379,S2M
77,T7,159,-7.914,S2M
77,T7,160,-6.449,S2M
77,T7,161,-6.449,S2M
77,T7,162,-7.914,S2M
77,T7,163,-9.379,S2M
77,T7,164,-10.356,S2M
77,T7,165,-8.403,S2M
77,T7,166,-5.473,S2M
77,T7,167,-2.543,S2M
77,T7,168,-1.567,S2M
77,T7,169,-3.031,S2M
77,T7,170,-5.473,S2M
77,T7,171,-6.938,S2M
77,T7,172,-6.449,S2M
77,T7,173,-4.496,S2M
77,T7,174,-3.520,S2M
77,T7,175,-3.520,S2M
77,T7,176,-4.985,S2M
77,T7,177,-5.961,S2M
77,T7,178,-5.961,S2M
77,T7,179,-4.496,S2M
77,T7,180,-3.520,S2M
77,T7,181,-3.520,S2M
77,T7,182,-4.496,S2M
77,T7,183,-6.938,S2M
77,T7,184,-8.403,S2M
77,T7,185,-8.891,S2M
77,T7,186,-8.403,S2M
77,T7,187,-8.403,S2M
77,T7,188,-8.891,S2M
77,T7,189,-10.356,S2M
77,T7,190,-11.820,S2M
77,T7,191,-13.285,S2M
77,T7,192,-14.262,S2M
77,T7,193,-15.238,S2M
77,T7,194,-15.238,S2M
77,T7,195,-14.750,S2M
77,T7,196,-12.309,S2M
77,T7,197,-8.403,S2M
77,T7,198,-4.496,S2M
77,T7,199,-2.055,S2M
77,T7,200,-1.567,S2M
77,T7,201,-3.520,S2M
77,T7,202,-4.985,S2M
77,T7,203,-5.473,S2M
77,T7,204,-3.520,S2M
77,T7,205,-1.567,S2M
77,T7,206,-0.590,S2M
77,T7,207,-2.543,S2M
77,T7,208,-5.473,S2M
77,T7,209,-8.403,S2M
77,T7,210,-10.356,S2M
77,T7,211,-11.332,S2M
77,T7,212,-12.309,S2M
77,T7,213,-13.285,S2M
77,T7,214,-14.262,S2M
77,T7,215,-14.750,S2M
77,T7,216,-13.774,S2M
77,T7,217,-11.332,S2M
77,T7,218,-9.867,S2M
77,T7,219,-9.867,S2M
77,T7,220,-10.844,S2M
77,T7,221,-12.797,S2M
77,T7,222,-12.797,S2M
77,T7,223,-11.332,S2M
77,T7,224,-9.379,S2M
77,T7,225,-7.914,S2M
77,T7,226,-6.938,S2M
77,T7,227,-6.449,S2M
77,T7,228,-5.961,S2M
77,T7,229,-4.985,S2M
77,T7,230,-5.473,S2M
77,T7,231,-7.914,S2M
77,T7,232,-11.332,S2M
77,T7,233,-14.750,S2M
77,T7,234,-15.238,S2M
77,T7,235,-12.797,S2M
77,T7,236,-9.379,S2M
77,T7,237,-6.938,S2M
77,T7,238,-7.426,S2M
77,T7,239,-9.867,S2M
77,T7,240,-12.309,S2M
77,T7,241,-12.309,S2M
77,T7,242,-11.332,S2M
77,T7,243,-9.379,S2M
77,T7,244,-8.403,S2M
77,T7,245,-8.403,S2M
77,T7,246,-8.891,S2M
77,T7,247,-7.914,S2M
77,T7,248,-5.961,S2M
77,T7,249,-4.496,S2M
77,T7,250,-4.496,S2M
77,T7,251,-5.961,S2M
77,T7,252,-7.914,S2M
77,T7,253,-8.403,S2M
77,T7,254,-7.426,S2M
77,T7,255,-4.985,S2M
77,CZ,0,-14.984,S2M
77,CZ,1,-13.031,S2M
77,CZ,2,-9.613,S2M
77,CZ,3,-5.707,S2M
77,CZ,4,-0.824,S2M
77,CZ,5,4.059,S2M
77,CZ,6,8.942,S2M
77,CZ,7,13.824,S2M
77,CZ,8,17.242,S2M
77,CZ,9,18.707,S2M
77,CZ,10,19.684,S2M
77,CZ,11,20.172,S2M
77,CZ,12,21.149,S2M
77,CZ,13,22.125,S2M
77,CZ,14,21.149,S2M
77,CZ,15,17.731,S2M
77,CZ,16,11.383,S2M
77,CZ,17,4.547,S2M
77,CZ,18,-0.824,S2M
77,CZ,19,-2.289,S2M
77,CZ,20,-1.801,S2M
77,CZ,21,-0.336,S2M
77,CZ,22,0.153,S2M
77,CZ,23,-1.312,S2M
77,CZ,24,-3.265,S2M
77,CZ,25,-6.195,S2M
77,CZ,26,-9.125,S2M
77,CZ,27,-11.566,S2M
77,CZ,28,-13.031,S2M
77,CZ,29,-12.054,S2M
77,CZ,30,-10.101,S2M
77,CZ,31,-6.683,S2M
77,CZ,32,-6.683,S2M
77,CZ,33,-10.101,S2M
77,CZ,34,-16.937,S2M
77,CZ,35,-23.773,S2M
77,CZ,36,-26.703,S2M
77,CZ,37,-23.285,S2M
77,CZ,38,-14.496,S2M
77,CZ,39,-5.219,S2M
77,CZ,40,1.129,S2M
77,CZ,41,1.617,S2M
77,CZ,42,-1.801,S2M
77,CZ,43,-6.195,S2M
77,CZ,44,-9.125,S2M
77,CZ,45,-10.590,S2M
77,CZ,46,-12.054,S2M
77,CZ,47,-14.984,S2M
77,CZ,48,-17.914,S2M
77,CZ,49,-20.844,S2M
77,CZ,50,-21.332,S2M
77,CZ,51,-19.379,S2M
77,CZ,52,-16.449,S2M
77,CZ,53,-14.496,S2M
77,CZ,54,-14.008,S2M
77,CZ,55,-14.008,S2M
77,CZ,56,-13.519,S2M
77,CZ,57,-11.566,S2M
77,CZ,58,-9.125,S2M
77,CZ,59,-6.683,S2M
77,CZ,60,-5.219,S2M
77,CZ,61,-4.730,S2M
77,CZ,62,-4.730,S2M
77,CZ,63,-4.730,S2M
77,CZ,64,-4.730,S2M
77,CZ,65,-5.707,S2M
77,CZ,66,-7.660,S2M
77,CZ,67,-11.566,S2M
77,CZ,68,-15.472,S2M
77,CZ,69,-19.867,S2M
77,CZ,70,-22.797,S2M
77,CZ,71,-24.750,S2M
77,CZ,72,-25.238,S2M
77,CZ,73,-25.238,S2M
77,CZ,74,-25.238,S2M
77,CZ,75,-24.261,S2M
77,CZ,76,-23.773,S2M
77,CZ,77,-21.820,S2M
77,CZ,78,-19.867,S2M
77,CZ,79,-17.426,S2M
77,CZ,80,-14.984,S2M
77,CZ,81,-13.031,S2M
77,CZ,82,-11.078,S2M
77,CZ,83,-10.101,S2M
77,CZ,84,-10.101,S2M
77,CZ,85,-10.590,S2M
77,CZ,86,-11.566,S2M
77,CZ,87,-13.519,S2M
77,CZ,88,-15.961,S2M
77,CZ,89,-19.379,S2M
77,CZ,90,-22.797,S2M
77,CZ,91,-26.215,S2M
77,CZ,92,-28.656,S2M
77,CZ,93,-31.097,S2M
77,CZ,94,-33.051,S2M
77,CZ,95,-36.469,S2M
77,CZ,96,-39.886,S2M
77,CZ,97,-43.304,S2M
77,CZ,98,-46.234,S2M
77,CZ,99,-47.211,S2M
77,CZ,100,-46.722,S2M
77,CZ,101,-44.281,S2M
77,CZ,102,-41.351,S2M
77,CZ,103,-38.422,S2M
77,CZ,104,-35.980,S2M
77,CZ,105,-33.539,S2M
77,CZ,106,-31.586,S2M
77,CZ,107,-29.633,S2M
77,CZ,108,-27.679,S2M
77,CZ,109,-25.726,S2M
77,CZ,110,-23.773,S2M
77,CZ,111,-21.820,S2M
77,CZ,112,-20.355,S2M
77,CZ,113,-19.379,S2M
77,CZ,114,-18.402,S2M
77,CZ,115,-17.426,S2M
77,CZ,116,-16.937,S2M
77,CZ,117,-16.937,S2M
77,CZ,118,-17.426,S2M
77,CZ,119,-18.890,S2M
77,CZ,120,-19.867,S2M
77,CZ,121,-20.844,S2M
77,CZ,122,-21.332,S2M
77,CZ,123,-22.308,S2M
77,CZ,124,-23.773,S2M
77,CZ,125,-25.238,S2M
77,CZ,126,-25.726,S2M
77,CZ,127,-24.750,S2M
77,CZ,128,-22.308,S2M
77,CZ,129,-19.379,S2M
77,CZ,130,-15.472,S2M
77,CZ,131,-12.054,S2M
77,CZ,132,-9.125,S2M
77,CZ,133,-6.683,S2M
77,CZ,134,-5.219,S2M
77,CZ,135,-3.754,S2M
77,CZ,136,-2.289,S2M
77,CZ,137,-1.312,S2M
77,CZ,138,-0.824,S2M
77,CZ,139,-0.336,S2M
77,CZ,140,-1.801,S2M
77,CZ,141,-3.265,S2M
77,CZ,142,-4.730,S2M
77,CZ,143,-7.172,S2M
77,CZ,144,-9.613,S2M
77,CZ,145,-12.543,S2M
77,CZ,146,-15.961,S2M
77,CZ,147,-19.379,S2M
77,CZ,148,-21.820,S2M
77,CZ,149,-23.285,S2M
77,CZ,150,-24.750,S2M
77,CZ,151,-26.215,S2M
77,CZ,152,-27.191,S2M
77,CZ,153,-27.679,S2M
77,CZ,154,-26.703,S2M
77,CZ,155,-25.238,S2M
77,CZ,156,-23.285,S2M
77,CZ,157,-21.820,S2M
77,CZ,158,-20.355,S2M
77,CZ,159,-19.379,S2M
77,CZ,160,-17.914,S2M
77,CZ,161,-16.449,S2M
77,CZ,162,-15.961,S2M
77,CZ,163,-16.937,S2M
77,CZ,164,-18.890,S2M
77,CZ,165,-21.332,S2M
77,CZ,166,-22.797,S2M
77,CZ,167,-22.797,S2M
77,CZ,168,-21.820,S2M
77,CZ,169,-20.844,S2M
77,CZ,170,-20.844,S2M
77,CZ,171,-21.332,S2M
77,CZ,172,-22.797,S2M
77,CZ,173,-24.261,S2M
77,CZ,174,-24.750,S2M
77,CZ,175,-24.750,S2M
77,CZ,176,-24.750,S2M
77,CZ,177,-24.750,S2M
77,CZ,178,-24.261,S2M
77,CZ,179,-22.797,S2M
77,CZ,180,-21.332,S2M
77,CZ,181,-18.890,S2M
77,CZ,182,-17.914,S2M
77,CZ,183,-17.914,S2M
77,CZ,184,-18.402,S2M
77,CZ,185,-18.890,S2M
77,CZ,186,-18.402,S2M
77,CZ,187,-17.426,S2M
77,CZ,188,-16.449,S2M
77,CZ,189,-16.937,S2M
77,CZ,190,-18.402,S2M
77,CZ,191,-21.820,S2M
77,CZ,192,-25.238,S2M
77,CZ,193,-29.144,S2M
77,CZ,194,-32.074,S2M
77,CZ,195,-33.539,S2M
77,CZ,196,-32.074,S2M
77,CZ,197,-28.168,S2M
77,CZ,198,-23.285,S2M
77,CZ,199,-19.379,S2M
77,CZ,200,-17.914,S2M
77,CZ,201,-19.379,S2M
77,CZ,202,-22.308,S2M
77,CZ,203,-23.285,S2M
77,CZ,204,-21.332,S2M
77,CZ,205,-16.937,S2M
77,CZ,206,-12.054,S2M
77,CZ,207,-10.101,S2M
77,CZ,208,-11.566,S2M
77,CZ,209,-15.472,S2M
77,CZ,210,-19.379,S2M
77,CZ,211,-21.332,S2M
77,CZ,212,-21.332,S2M
77,CZ,213,-18.890,S2M
77,CZ,214,-16.449,S2M
77,CZ,215,-14.496,S2M
77,CZ,216,-12.543,S2M
77,CZ,217,-11.566,S2M
77,CZ,218,-12.054,S2M
77,CZ,219,-15.472,S2M
77,CZ,220,-19.867,S2M
77,CZ,221,-23.773,S2M
77,CZ,222,-24.750,S2M
77,CZ,223,-20.355,S2M
77,CZ,224,-13.031,S2M
77,CZ,225,-5.707,S2M
77,CZ,226,-1.801,S2M
77,CZ,227,-1.801,S2M
77,CZ,228,-4.730,S2M
77,CZ,229,-7.172,S2M
77,CZ,230,-9.125,S2M
77,CZ,231,-10.101,S2M
77,CZ,232,-10.590,S2M
77,CZ,233,-11.078,S2M
77,CZ,234,-10.101,S2M
77,CZ,235,-8.636,S2M
77,CZ,236,-5.707,S2M
77,CZ,237,-4.242,S2M
77,CZ,238,-4.730,S2M
77,CZ,239,-5.707,S2M
77,CZ,240,-6.195,S2M
77,CZ,241,-5.219,S2M
77,CZ,242,-2.289,S2M
77,CZ,243,-0.824,S2M
77,CZ,244,-1.312,S2M
77,CZ,245,-3.265,S2M
77,CZ,246,-5.219,S2M
77,CZ,247,-5.707,S2M
77,CZ,248,-4.242,S2M
77,CZ,249,-2.777,S2M
77,CZ,250,-2.777,S2M
77,CZ,251,-3.265,S2M
77,CZ,252,-3.754,S2M
77,CZ,253,-1.801,S2M
77,CZ,254,1.129,S2M
77,CZ,255,3.571,S2M
77,C3,0,2.828,S2M
77,C3,1,2.828,S2M
77,C3,2,3.316,S2M
77,C3,3,4.293,S2M
77,C3,4,4.781,S2M
77,C3,5,4.781,S2M
77,C3,6,4.781,S2M
77,C3,7,4.781,S2M
77,C3,8,5.269,S2M
77,C3,9,5.758,S2M
77,C3,10,5.269,S2M
77,C3,11,3.805,S2M
77,C3,12,1.851,S2M
77,C3,13,0.875,S2M
77,C3,14,0.387,S2M
77,C3,15,1.363,S2M
77,C3,16,2.340,S2M
77,C3,17,3.316,S2M
77,C3,18,3.805,S2M
77,C3,19,3.316,S2M
77,C3,20,2.828,S2M
77,C3,21,1.363,S2M
77,C3,22,0.387,S2M
77,C3,23,-0.590,S2M
77,C3,24,-2.055,S2M
77,C3,25,-3.031,S2M
77,C3,26,-3.520,S2M
77,C3,27,-4.008,S2M
77,C3,28,-4.008,S2M
77,C3,29,-4.008,S2M
77,C3,30,-4.008,S2M
77,C3,31,-3.520,S2M
77,C3,32,-3.031,S2M
77,C3,33,-2.055,S2M
77,C3,34,-0.590,S2M
77,C3,35,-0.102,S2M
77,C3,36,0.875,S2M
77,C3,37,2.340,S2M
77,C3,38,3.805,S2M
77,C3,39,5.758,S2M
77,C3,40,7.711,S2M
77,C3,41,8.199,S2M
77,C3,42,8.199,S2M
77,C3,43,7.222,S2M
77,C3,44,5.269,S2M
77,C3,45,3.316,S2M
77,C3,46,1.851,S2M
77,C3,47,0.387,S2M
77,C3,48,-0.590,S2M
77,C3,49,-1.567,S2M
77,C3,50,-2.055,S2M
77,C3,51,-2.543,S2M
77,C3,52,-1.567,S2M
77,C3,53,0.387,S2M
77,C3,54,2.340,S2M
77,C3,55,3.805,S2M
77,C3,56,3.805,S2M
77,C3,57,2.828,S2M
77,C3,58,0.875,S2M
77,C3,59,-0.102,S2M
77,C3,60,-0.102,S2M
77,C3,61,0.387,S2M
77,C3,62,1.851,S2M
77,C3,63,3.316,S2M
77,C3,64,4.293,S2M
77,C3,65,5.758,S2M
77,C3,66,6.246,S2M
77,C3,67,6.734,S2M
77,C3,68,6.246,S2M
77,C3,69,5.269,S2M
77,C3,70,4.293,S2M
77,C3,71,3.316,S2M
77,C3,72,2.828,S2M
77,C3,73,2.828,S2M
77,C3,74,2.828,S2M
77,C3,75,2.828,S2M
77,C3,76,2.340,S2M
77,C3,77,0.875,S2M
77,C3,78,-0.102,S2M
77,C3,79,-1.567,S2M
77,C3,80,-2.543,S2M
77,C3,81,-2.543,S2M
77,C3,82,-1.567,S2M
77,C3,83,-0.102,S2M
77,C3,84,1.363,S2M
77,C3,85,2.828,S2M
77,C3,86,3.316,S2M
77,C3,87,3.805,S2M
77,C3,88,3.805,S2M
77,C3,89,4.293,S2M
77,C3,90,4.293,S2M
77,C3,91,4.293,S2M
77,C3,92,4.293,S2M
77,C3,93,3.316,S2M
77,C3,94,3.316,S2M
77,C3,95,3.316,S2M
77,C3,96,2.828,S2M
77,C3,97,2.828,S2M
77,C3,98,1.851,S2M
77,C3,99,0.875,S2M
77,C3,100,0.875,S2M
77,C3,101,0.875,S2M
77,C3,102,1.363,S2M
77,C3,103,1.363,S2M
77,C3,104,0.387,S2M
77,C3,105,-0.590,S2M
77,C3,106,-0.590,S2M
77,C3,107,-0.102,S2M
77,C3,108,1.363,S2M
77,C3,109,3.316,S2M
77,C3,110,3.805,S2M
77,C3,111,3.805,S2M
77,C3,112,3.316,S2M
77,C3,113,3.316,S2M
77,C3,114,4.293,S2M
77,C3,115,5.269,S2M
77,C3,116,6.246,S2M
77,C3,117,5.758,S2M
77,C3,118,5.269,S2M
77,C3,119,4.781,S2M
77,C3,120,4.781,S2M
77,C3,121,5.269,S2M
77,C3,122,5.758,S2M
77,C3,123,7.222,S2M
77,C3,124,7.711,S2M
77,C3,125,7.222,S2M
77,C3,126,6.246,S2M
77,C3,127,4.781,S2M
77,C3,128,3.316,S2M
77,C3,129,2.340,S2M
77,C3,130,1.851,S2M
77,C3,131,1.851,S2M
77,C3,132,2.340,S2M
77,C3,133,2.828,S2M
77,C3,134,3.316,S2M
77,C3,135,3.805,S2M
77,C3,136,3.805,S2M
77,C3,137,4.293,S2M
77,C3,138,4.781,S2M
77,C3,139,4.781,S2M
77,C3,140,4.781,S2M
77,C3,141,5.269,S2M
77,C3,142,6.246,S2M
77,C3,143,7.222,S2M
77,C3,144,7.711,S2M
77,C3,145,8.199,S2M
77,C3,146,7.222,S2M
77,C3,147,6.246,S2M
77,C3,148,4.781,S2M
77,C3,149,3.805,S2M
77,C3,150,3.805,S2M
77,C3,151,4.781,S2M
77,C3,152,5.758,S2M
77,C3,153,5.758,S2M
77,C3,154,5.269,S2M
77,C3,155,4.293,S2M
77,C3,156,2.828,S2M
77,C3,157,1.851,S2M
77,C3,158,1.851,S2M
77,C3,159,1.851,S2M
77,C3,160,1.851,S2M
77,C3,161,1.363,S2M
77,C3,162,0.387,S2M
77,C3,163,-0.590,S2M
77,C3,164,-0.590,S2M
77,C3,165,0.387,S2M
77,C3,166,2.340,S2M
77,C3,167,3.316,S2M
77,C3,168,4.293,S2M
77,C3,169,4.293,S2M
77,C3,170,3.805,S2M
77,C3,171,3.805,S2M
77,C3,172,3.805,S2M
77,C3,173,3.805,S2M
77,C3,174,3.805,S2M
77,C3,175,3.805,S2M
77,C3,176,3.316,S2M
77,C3,177,3.316,S2M
77,C3,178,3.316,S2M
77,C3,179,3.316,S2M
77,C3,180,3.805,S2M
77,C3,181,4.293,S2M
77,C3,182,3.805,S2M
77,C3,183,2.340,S2M
77,C3,184,0.875,S2M
77,C3,185,-0.102,S2M
77,C3,186,-0.590,S2M
77,C3,187,-0.590,S2M
77,C3,188,-0.102,S2M
77,C3,189,-0.590,S2M
77,C3,190,-1.567,S2M
77,C3,191,-2.055,S2M
77,C3,192,-2.055,S2M
77,C3,193,-1.078,S2M
77,C3,194,-0.102,S2M
77,C3,195,0.875,S2M
77,C3,196,1.851,S2M
77,C3,197,2.828,S2M
77,C3,198,3.805,S2M
77,C3,199,4.293,S2M
77,C3,200,4.781,S2M
77,C3,201,4.293,S2M
77,C3,202,4.293,S2M
77,C3,203,3.805,S2M
77,C3,204,4.293,S2M
77,C3,205,4.293,S2M
77,C3,206,4.293,S2M
77,C3,207,3.316,S2M
77,C3,208,1.851,S2M
77,C3,209,0.387,S2M
77,C3,210,-0.590,S2M
77,C3,211,-0.590,S2M
77,C3,212,-0.102,S2M
77,C3,213,-0.102,S2M
77,C3,214,-0.590,S2M
77,C3,215,-1.567,S2M
77,C3,216,-2.543,S2M
77,C3,217,-3.031,S2M
77,C3,218,-3.031,S2M
77,C3,219,-2.543,S2M
77,C3,220,-1.078,S2M
77,C3,221,-0.102,S2M
77,C3,222,0.875,S2M
77,C3,223,1.851,S2M
77,C3,224,2.340,S2M
77,C3,225,2.340,S2M
77,C3,226,2.340,S2M
77,C3,227,2.340,S2M
77,C3,228,1.851,S2M
77,C3,229,1.363,S2M
77,C3,230,-0.102,S2M
77,C3,231,-2.055,S2M
77,C3,232,-3.520,S2M
77,C3,233,-4.008,S2M
77,C3,234,-3.520,S2M
77,C3,235,-2.055,S2M
77,C3,236,-0.102,S2M
77,C3,237,-0.102,S2M
77,C3,238,-1.567,S2M
77,C3,239,-3.520,S2M
77,C3,240,-5.473,S2M
77,C3,241,-5.961,S2M
77,C3,242,-4.985,S2M
77,C3,243,-3.520,S2M
77,C3,244,-2.055,S2M
77,C3,245,-1.567,S2M
77,C3,246,-0.590,S2M
77,C3,247,0.387,S2M
77,C3,248,0.875,S2M
77,C3,249,0.875,S2M
77,C3,250,0.875,S2M
77,C3,251,-1.078,S2M
77,C3,252,-2.055,S2M
77,C3,253,-3.520,S2M
77,C3,254,-4.008,S2M
77,C3,255,-3.520,S2M
77,C4,0,-5.697,S2M
77,C4,1,-5.208,S2M
77,C4,2,-4.720,S2M
77,C4,3,-4.232,S2M
77,C4,4,-4.232,S2M
77,C4,5,-3.743,S2M
77,C4,6,-3.255,S2M
77,C4,7,-2.279,S2M
77,C4,8,-0.814,S2M
77,C4,9,0.163,S2M
77,C4,10,1.628,S2M
77,C4,11,4.069,S2M
77,C4,12,6.510,S2M
77,C4,13,9.440,S2M
77,C4,14,11.393,S2M
77,C4,15,11.393,S2M
77,C4,16,9.928,S2M
77,C4,17,7.487,S2M
77,C4,18,5.534,S2M
77,C4,19,4.557,S2M
77,C4,20,4.557,S2M
77,C4,21,4.557,S2M
77,C4,22,4.069,S2M
77,C4,23,1.628,S2M
77,C4,24,-0.814,S2M
77,C4,25,-3.743,S2M
77,C4,26,-5.208,S2M
77,C4,27,-6.673,S2M
77,C4,28,-7.650,S2M
77,C4,29,-7.650,S2M
77,C4,30,-7.161,S2M
77,C4,31,-6.673,S2M
77,C4,32,-6.673,S2M
77,C4,33,-6.185,S2M
77,C4,34,-5.697,S2M
77,C4,35,-4.720,S2M
77,C4,36,-3.743,S2M
77,C4,37,-1.790,S2M
77,C4,38,-0.814,S2M
77,C4,39,0.163,S2M
77,C4,40,0.163,S2M
77,C4,41,0.163,S2M
77,C4,42,0.651,S2M
77,C4,43,1.628,S2M
77,C4,44,2.604,S2M
77,C4,45,3.092,S2M
77,C4,46,2.604,S2M
77,C4,47,1.628,S2M
77,C4,48,-0.326,S2M
77,C4,49,-0.814,S2M
77,C4,50,-0.814,S2M
77,C4,51,-0.326,S2M
77,C4,52,-0.326,S2M
77,C4,53,-1.302,S2M
77,C4,54,-3.743,S2M
77,C4,55,-6.185,S2M
77,C4,56,-7.650,S2M
77,C4,57,-6.673,S2M
77,C4,58,-4.720,S2M
77,C4,59,-2.279,S2M
77,C4,60,-1.790,S2M
77,C4,61,-1.302,S2M
77,C4,62,-1.302,S2M
77,C4,63,-1.302,S2M
77,C4,64,-0.814,S2M
77,C4,65,-0.814,S2M
77,C4,66,-1.302,S2M
77,C4,67,-1.790,S2M
77,C4,68,-3.255,S2M
77,C4,69,-4.232,S2M
77,C4,70,-4.720,S2M
77,C4,71,-5.697,S2M
77,C4,72,-5.697,S2M
77,C4,73,-5.697,S2M
77,C4,74,-6.185,S2M
77,C4,75,-6.185,S2M
77,C4,76,-5.697,S2M
77,C4,77,-5.208,S2M
77,C4,78,-4.720,S2M
77,C4,79,-3.743,S2M
77,C4,80,-3.255,S2M
77,C4,81,-3.255,S2M
77,C4,82,-3.255,S2M
77,C4,83,-3.743,S2M
77,C4,84,-4.232,S2M
77,C4,85,-4.232,S2M
77,C4,86,-4.232,S2M
77,C4,87,-4.232,S2M
77,C4,88,-4.232,S2M
77,C4,89,-4.720,S2M
77,C4,90,-5.208,S2M
77,C4,91,-5.697,S2M
77,C4,92,-5.697,S2M
77,C4,93,-4.720,S2M
77,C4,94,-3.743,S2M
77,C4,95,-2.767,S2M
77,C4,96,-1.790,S2M
77,C4,97,-2.279,S2M
77,C4,98,-2.767,S2M
77,C4,99,-3.743,S2M
77,C4,100,-4.232,S2M
77,C4,101,-4.232,S2M
77,C4,102,-3.255,S2M
77,C4,103,-2.279,S2M
77,C4,104,-1.302,S2M
77,C4,105,-0.814,S2M
77,C4,106,-0.814,S2M
77,C4,107,-1.302,S2M
77,C4,108,-1.302,S2M
77,C4,109,-1.302,S2M
77,C4,110,-0.814,S2M
77,C4,111,0.163,S2M
77,C4,112,1.139,S2M
77,C4,113,1.628,S2M
77,C4,114,2.604,S2M
77,C4,115,2.604,S2M
77,C4,116,3.092,S2M
77,C4,117,3.092,S2M
77,C4,118,2.116,S2M
77,C4,119,1.139,S2M
77,C4,120,0.163,S2M
77,C4,121,-1.302,S2M
77,C4,122,-2.279,S2M
77,C4,123,-3.255,S2M
77,C4,124,-3.743,S2M
77,C4,125,-3.743,S2M
77,C4,126,-3.743,S2M
77,C4,127,-2.767,S2M
77,C4,128,-2.279,S2M
77,C4,129,-1.790,S2M
77,C4,130,-1.302,S2M
77,C4,131,-1.302,S2M
77,C4,132,-1.790,S2M
77,C4,133,-1.302,S2M
77,C4,134,-0.814,S2M
77,C4,135,-0.326,S2M
77,C4,136,0.651,S2M
77,C4,137,1.628,S2M
77,C4,138,2.604,S2M
77,C4,139,2.604,S2M
77,C4,140,2.604,S2M
77,C4,141,1.628,S2M
77,C4,142,0.651,S2M
77,C4,143,-0.814,S2M
77,C4,144,-2.279,S2M
77,C4,145,-3.743,S2M
77,C4,146,-4.720,S2M
77,C4,147,-4.720,S2M
77,C4,148,-4.720,S2M
77,C4,149,-4.720,S2M
77,C4,150,-4.720,S2M
77,C4,151,-5.208,S2M
77,C4,152,-5.697,S2M
77,C4,153,-5.697,S2M
77,C4,154,-4.720,S2M
77,C4,155,-4.232,S2M
77,C4,156,-3.255,S2M
77,C4,157,-2.767,S2M
77,C4,158,-1.790,S2M
77,C4,159,-0.814,S2M
77,C4,160,0.163,S2M
77,C4,161,2.116,S2M
77,C4,162,3.092,S2M
77,C4,163,3.581,S2M
77,C4,164,3.581,S2M
77,C4,165,3.092,S2M
77,C4,166,1.628,S2M
77,C4,167,0.163,S2M
77,C4,168,-1.302,S2M
77,C4,169,-2.767,S2M
77,C4,170,-4.232,S2M
77,C4,171,-4.720,S2M
77,C4,172,-5.208,S2M
77,C4,173,-5.208,S2M
77,C4,174,-5.697,S2M
77,C4,175,-5.697,S2M
77,C4,176,-5.697,S2M
77,C4,177,-5.208,S2M
77,C4,178,-4.232,S2M
77,C4,179,-3.743,S2M
77,C4,180,-3.743,S2M
77,C4,181,-4.232,S2M
77,C4,182,-4.232,S2M
77,C4,183,-3.255,S2M
77,C4,184,-1.790,S2M
77,C4,185,0.163,S2M
77,C4,186,1.139,S2M
77,C4,187,1.139,S2M
77,C4,188,0.651,S2M
77,C4,189,-0.326,S2M
77,C4,190,-0.814,S2M
77,C4,191,-1.302,S2M
77,C4,192,-2.279,S2M
77,C4,193,-3.743,S2M
77,C4,194,-5.697,S2M
77,C4,195,-7.161,S2M
77,C4,196,-8.138,S2M
77,C4,197,-8.138,S2M
77,C4,198,-8.138,S2M
77,C4,199,-8.626,S2M
77,C4,200,-9.115,S2M
77,C4,201,-8.626,S2M
77,C4,202,-7.650,S2M
77,C4,203,-6.185,S2M
77,C4,204,-4.720,S2M
77,C4,205,-3.743,S2M
77,C4,206,-2.767,S2M
77,C4,207,-2.767,S2M
77,C4,208,-2.279,S2M
77,C4,209,-1.790,S2M
77,C4,210,-1.790,S2M
77,C4,211,-2.279,S2M
77,C4,212,-2.767,S2M
77,C4,213,-2.767,S2M
77,C4,214,-2.279,S2M
77,C4,215,-1.302,S2M
77,C4,216,0.163,S2M
77,C4,217,1.628,S2M
77,C4,218,2.116,S2M
77,C4,219,1.628,S2M
77,C4,220,0.163,S2M
77,C4,221,-1.302,S2M
77,C4,222,-2.767,S2M
77,C4,223,-3.743,S2M
77,C4,224,-3.743,S2M
77,C4,225,-2.767,S2M
77,C4,226,-1.790,S2M
77,C4,227,-1.302,S2M
77,C4,228,-0.814,S2M
77,C4,229,-0.326,S2M
77,C4,230,-0.326,S2M
77,C4,231,0.651,S2M
77,C4,232,1.628,S2M
77,C4,233,2.604,S2M
77,C4,234,2.604,S2M
77,C4,235,2.116,S2M
77,C4,236,1.628,S2M
77,C4,237,1.139,S2M
77,C4,238,1.139,S2M
77,C4,239,1.139,S2M
77,C4,240,1.139,S2M
77,C4,241,1.139,S2M
77,C4,242,0.651,S2M
77,C4,243,0.163,S2M
77,C4,244,-0.326,S2M
77,C4,245,-0.326,S2M
77,C4,246,-0.814,S2M
77,C4,247,-1.302,S2M
77,C4,248,-1.790,S2M
77,C4,249,-2.767,S2M
77,C4,250,-3.255,S2M
77,C4,251,-2.767,S2M
77,C4,252,-1.790,S2M
77,C4,253,-0.814,S2M
77,C4,254,0.163,S2M
77,C4,255,0.163,S2M
77,CP5,0,3.571,S2M
77,CP5,1,2.594,S2M
77,CP5,2,3.571,S2M
77,CP5,3,5.524,S2M
77,CP5,4,7.477,S2M
77,CP5,5,8.453,S2M
77,CP5,6,8.942,S2M
77,CP5,7,9.918,S2M
77,CP5,8,11.383,S2M
77,CP5,9,11.383,S2M
77,CP5,10,10.895,S2M
77,CP5,11,9.430,S2M
77,CP5,12,7.477,S2M
77,CP5,13,6.012,S2M
77,CP5,14,5.524,S2M
77,CP5,15,6.012,S2M
77,CP5,16,6.989,S2M
77,CP5,17,7.477,S2M
77,CP5,18,7.965,S2M
77,CP5,19,7.965,S2M
77,CP5,20,7.477,S2M
77,CP5,21,6.500,S2M
77,CP5,22,4.547,S2M
77,CP5,23,1.617,S2M
77,CP5,24,-1.801,S2M
77,CP5,25,-5.219,S2M
77,CP5,26,-7.172,S2M
77,CP5,27,-8.148,S2M
77,CP5,28,-8.636,S2M
77,CP5,29,-8.636,S2M
77,CP5,30,-7.660,S2M
77,CP5,31,-6.683,S2M
77,CP5,32,-4.242,S2M
77,CP5,33,-1.801,S2M
77,CP5,34,0.641,S2M
77,CP5,35,2.106,S2M
77,CP5,36,3.571,S2M
77,CP5,37,4.547,S2M
77,CP5,38,5.035,S2M
77,CP5,39,6.012,S2M
77,CP5,40,6.989,S2M
77,CP5,41,6.989,S2M
77,CP5,42,5.524,S2M
77,CP5,43,3.082,S2M
77,CP5,44,0.153,S2M
77,CP5,45,-1.312,S2M
77,CP5,46,-2.777,S2M
77,CP5,47,-2.777,S2M
77,CP5,48,-3.754,S2M
77,CP5,49,-4.730,S2M
77,CP5,50,-5.219,S2M
77,CP5,51,-5.219,S2M
77,CP5,52,-3.754,S2M
77,CP5,53,-1.312,S2M
77,CP5,54,1.129,S2M
77,CP5,55,2.106,S2M
77,CP5,56,1.617,S2M
77,CP5,57,0.153,S2M
77,CP5,58,-1.312,S2M
77,CP5,59,-2.289,S2M
77,CP5,60,-1.801,S2M
77,CP5,61,-0.824,S2M
77,CP5,62,0.641,S2M
77,CP5,63,1.617,S2M
77,CP5,64,3.082,S2M
77,CP5,65,4.059,S2M
77,CP5,66,5.035,S2M
77,CP5,67,5.524,S2M
77,CP5,68,5.035,S2M
77,CP5,69,3.571,S2M
77,CP5,70,1.129,S2M
77,CP5,71,-0.824,S2M
77,CP5,72,-2.289,S2M
77,CP5,73,-3.265,S2M
77,CP5,74,-3.265,S2M
77,CP5,75,-3.265,S2M
77,CP5,76,-3.754,S2M
77,CP5,77,-4.242,S2M
77,CP5,78,-5.707,S2M
77,CP5,79,-7.172,S2M
77,CP5,80,-7.660,S2M
77,CP5,81,-7.660,S2M
77,CP5,82,-7.172,S2M
77,CP5,83,-5.707,S2M
77,CP5,84,-4.730,S2M
77,CP5,85,-3.754,S2M
77,CP5,86,-3.754,S2M
77,CP5,87,-4.242,S2M
77,CP5,88,-3.754,S2M
77,CP5,89,-2.777,S2M
77,CP5,90,-1.312,S2M
77,CP5,91,0.153,S2M
77,CP5,92,1.129,S2M
77,CP5,93,1.617,S2M
77,CP5,94,1.617,S2M
77,CP5,95,1.617,S2M
77,CP5,96,0.641,S2M
77,CP5,97,-0.336,S2M
77,CP5,98,-2.289,S2M
77,CP5,99,-3.265,S2M
77,CP5,100,-3.754,S2M
77,CP5,101,-3.265,S2M
77,CP5,102,-2.777,S2M
77,CP5,103,-3.265,S2M
77,CP5,104,-4.242,S2M
77,CP5,105,-6.195,S2M
77,CP5,106,-7.172,S2M
77,CP5,107,-6.683,S2M
77,CP5,108,-4.730,S2M
77,CP5,109,-3.265,S2M
77,CP5,110,-2.289,S2M
77,CP5,111,-2.777,S2M
77,CP5,112,-3.265,S2M
77,CP5,113,-2.777,S2M
77,CP5,114,-0.824,S2M
77,CP5,115,1.617,S2M
77,CP5,116,3.571,S2M
77,CP5,117,4.547,S2M
77,CP5,118,3.571,S2M
77,CP5,119,2.594,S2M
77,CP5,120,2.106,S2M
77,CP5,121,2.106,S2M
77,CP5,122,3.082,S2M
77,CP5,123,4.059,S2M
77,CP5,124,4.059,S2M
77,CP5,125,3.571,S2M
77,CP5,126,2.594,S2M
77,CP5,127,0.641,S2M
77,CP5,128,-0.824,S2M
77,CP5,129,-2.777,S2M
77,CP5,130,-4.242,S2M
77,CP5,131,-6.195,S2M
77,CP5,132,-6.683,S2M
77,CP5,133,-7.172,S2M
77,CP5,134,-6.683,S2M
77,CP5,135,-6.195,S2M
77,CP5,136,-4.730,S2M
77,CP5,137,-3.265,S2M
77,CP5,138,-2.289,S2M
77,CP5,139,-1.312,S2M
77,CP5,140,-1.312,S2M
77,CP5,141,-0.824,S2M
77,CP5,142,0.153,S2M
77,CP5,143,1.129,S2M
77,CP5,144,2.594,S2M
77,CP5,145,3.571,S2M
77,CP5,146,3.571,S2M
77,CP5,147,2.594,S2M
77,CP5,148,1.129,S2M
77,CP5,149,-0.336,S2M
77,CP5,150,-0.824,S2M
77,CP5,151,-0.824,S2M
77,CP5,152,-0.824,S2M
77,CP5,153,-2.289,S2M
77,CP5,154,-4.730,S2M
77,CP5,155,-7.172,S2M
77,CP5,156,-8.636,S2M
77,CP5,157,-9.125,S2M
77,CP5,158,-8.148,S2M
77,CP5,159,-6.683,S2M
77,CP5,160,-5.707,S2M
77,CP5,161,-6.195,S2M
77,CP5,162,-7.172,S2M
77,CP5,163,-8.148,S2M
77,CP5,164,-7.660,S2M
77,CP5,165,-6.195,S2M
77,CP5,166,-3.754,S2M
77,CP5,167,-1.801,S2M
77,CP5,168,-0.824,S2M
77,CP5,169,-0.336,S2M
77,CP5,170,0.153,S2M
77,CP5,171,0.641,S2M
77,CP5,172,1.129,S2M
77,CP5,173,2.106,S2M
77,CP5,174,2.106,S2M
77,CP5,175,2.106,S2M
77,CP5,176,1.617,S2M
77,CP5,177,0.641,S2M
77,CP5,178,-0.336,S2M
77,CP5,179,-1.312,S2M
77,CP5,180,-1.801,S2M
77,CP5,181,-3.265,S2M
77,CP5,182,-4.730,S2M
77,CP5,183,-6.683,S2M
77,CP5,184,-8.636,S2M
77,CP5,185,-9.613,S2M
77,CP5,186,-9.613,S2M
77,CP5,187,-9.125,S2M
77,CP5,188,-8.636,S2M
77,CP5,189,-8.636,S2M
77,CP5,190,-8.636,S2M
77,CP5,191,-9.613,S2M
77,CP5,192,-10.101,S2M
77,CP5,193,-10.101,S2M
77,CP5,194,-10.590,S2M
77,CP5,195,-9.613,S2M
77,CP5,196,-7.660,S2M
77,CP5,197,-5.219,S2M
77,CP5,198,-2.289,S2M
77,CP5,199,-0.336,S2M
77,CP5,200,0.641,S2M
77,CP5,201,0.153,S2M
77,CP5,202,0.153,S2M
77,CP5,203,0.641,S2M
77,CP5,204,1.617,S2M
77,CP5,205,2.106,S2M
77,CP5,206,1.129,S2M
77,CP5,207,-0.824,S2M
77,CP5,208,-3.754,S2M
77,CP5,209,-7.172,S2M
77,CP5,210,-9.125,S2M
77,CP5,211,-10.101,S2M
77,CP5,212,-10.101,S2M
77,CP5,213,-10.101,S2M
77,CP5,214,-10.101,S2M
77,CP5,215,-10.101,S2M
77,CP5,216,-9.613,S2M
77,CP5,217,-9.125,S2M
77,CP5,218,-8.148,S2M
77,CP5,219,-7.172,S2M
77,CP5,220,-7.172,S2M
77,CP5,221,-7.172,S2M
77,CP5,222,-7.172,S2M
77,CP5,223,-6.683,S2M
77,CP5,224,-5.707,S2M
77,CP5,225,-4.730,S2M
77,CP5,226,-3.754,S2M
77,CP5,227,-3.265,S2M
77,CP5,228,-3.265,S2M
77,CP5,229,-4.242,S2M
77,CP5,230,-6.195,S2M
77,CP5,231,-8.636,S2M
77,CP5,232,-11.078,S2M
77,CP5,233,-12.543,S2M
77,CP5,234,-12.054,S2M
77,CP5,235,-10.101,S2M
77,CP5,236,-7.660,S2M
77,CP5,237,-7.172,S2M
77,CP5,238,-8.148,S2M
77,CP5,239,-10.590,S2M
77,CP5,240,-12.543,S2M
77,CP5,241,-13.031,S2M
77,CP5,242,-12.543,S2M
77,CP5,243,-10.590,S2M
77,CP5,244,-9.125,S2M
77,CP5,245,-8.636,S2M
77,CP5,246,-7.660,S2M
77,CP5,247,-6.683,S2M
77,CP5,248,-5.707,S2M
77,CP5,249,-4.730,S2M
77,CP5,250,-4.730,S2M
77,CP5,251,-6.195,S2M
77,CP5,252,-8.148,S2M
77,CP5,253,-9.613,S2M
77,CP5,254,-10.101,S2M
77,CP5,255,-9.613,S2M
77,CP6,0,-1.963,S2M
77,CP6,1,-3.428,S2M
77,CP6,2,-3.916,S2M
77,CP6,3,-3.428,S2M
77,CP6,4,-2.940,S2M
77,CP6,5,-1.963,S2M
77,CP6,6,-0.987,S2M
77,CP6,7,-0.010,S2M
77,CP6,8,1.455,S2M
77,CP6,9,1.943,S2M
77,CP6,10,3.408,S2M
77,CP6,11,5.361,S2M
77,CP6,12,8.779,S2M
77,CP6,13,12.685,S2M
77,CP6,14,15.615,S2M
77,CP6,15,16.103,S2M
77,CP6,16,14.638,S2M
77,CP6,17,12.197,S2M
77,CP6,18,11.220,S2M
77,CP6,19,11.709,S2M
77,CP6,20,12.685,S2M
77,CP6,21,13.173,S2M
77,CP6,22,10.732,S2M
77,CP6,23,6.826,S2M
77,CP6,24,1.943,S2M
77,CP6,25,-2.940,S2M
77,CP6,26,-6.358,S2M
77,CP6,27,-8.799,S2M
77,CP6,28,-10.264,S2M
77,CP6,29,-11.241,S2M
77,CP6,30,-11.729,S2M
77,CP6,31,-11.729,S2M
77,CP6,32,-11.241,S2M
77,CP6,33,-10.752,S2M
77,CP6,34,-9.776,S2M
77,CP6,35,-8.311,S2M
77,CP6,36,-5.870,S2M
77,CP6,37,-3.428,S2M
77,CP6,38,-0.498,S2M
77,CP6,39,1.455,S2M
77,CP6,40,2.431,S2M
77,CP6,41,2.920,S2M
77,CP6,42,2.920,S2M
77,CP6,43,2.920,S2M
77,CP6,44,2.920,S2M
77,CP6,45,1.943,S2M
77,CP6,46,0.478,S2M
77,CP6,47,-1.963,S2M
77,CP6,48,-3.916,S2M
77,CP6,49,-4.893,S2M
77,CP6,50,-3.916,S2M
77,CP6,51,-1.963,S2M
77,CP6,52,-0.498,S2M
77,CP6,53,-0.498,S2M
77,CP6,54,-3.428,S2M
77,CP6,55,-7.334,S2M
77,CP6,56,-10.264,S2M
77,CP6,57,-11.729,S2M
77,CP6,58,-10.752,S2M
77,CP6,59,-8.799,S2M
77,CP6,60,-6.846,S2M
77,CP6,61,-5.381,S2M
77,CP6,62,-3.916,S2M
77,CP6,63,-2.940,S2M
77,CP6,64,-1.963,S2M
77,CP6,65,-1.475,S2M
77,CP6,66,-1.475,S2M
77,CP6,67,-2.940,S2M
77,CP6,68,-4.893,S2M
77,CP6,69,-6.846,S2M
77,CP6,70,-8.311,S2M
77,CP6,71,-9.288,S2M
77,CP6,72,-10.264,S2M
77,CP6,73,-10.264,S2M
77,CP6,74,-10.264,S2M
77,CP6,75,-10.264,S2M
77,CP6,76,-9.288,S2M
77,CP6,77,-8.799,S2M
77,CP6,78,-7.334,S2M
77,CP6,79,-6.358,S2M
77,CP6,80,-5.870,S2M
77,CP6,81,-5.870,S2M
77,CP6,82,-6.358,S2M
77,CP6,83,-6.846,S2M
77,CP6,84,-6.846,S2M
77,CP6,85,-6.358,S2M
77,CP6,86,-5.381,S2M
77,CP6,87,-4.893,S2M
77,CP6,88,-4.405,S2M
77,CP6,89,-4.405,S2M
77,CP6,90,-5.381,S2M
77,CP6,91,-5.381,S2M
77,CP6,92,-4.405,S2M
77,CP6,93,-2.452,S2M
77,CP6,94,-0.010,S2M
77,CP6,95,1.455,S2M
77,CP6,96,1.943,S2M
77,CP6,97,0.966,S2M
77,CP6,98,-0.987,S2M
77,CP6,99,-2.940,S2M
77,CP6,100,-3.428,S2M
77,CP6,101,-2.452,S2M
77,CP6,102,-0.498,S2M
77,CP6,103,0.966,S2M
77,CP6,104,1.455,S2M
77,CP6,105,0.478,S2M
77,CP6,106,-0.987,S2M
77,CP6,107,-1.963,S2M
77,CP6,108,-2.452,S2M
77,CP6,109,-1.475,S2M
77,CP6,110,-0.010,S2M
77,CP6,111,1.455,S2M
77,CP6,112,2.431,S2M
77,CP6,113,3.896,S2M
77,CP6,114,5.361,S2M
77,CP6,115,6.337,S2M
77,CP6,116,6.826,S2M
77,CP6,117,6.337,S2M
77,CP6,118,5.361,S2M
77,CP6,119,3.896,S2M
77,CP6,120,2.431,S2M
77,CP6,121,1.943,S2M
77,CP6,122,1.943,S2M
77,CP6,123,1.943,S2M
77,CP6,124,0.966,S2M
77,CP6,125,-0.010,S2M
77,CP6,126,-0.987,S2M
77,CP6,127,-0.498,S2M
77,CP6,128,-0.010,S2M
77,CP6,129,1.455,S2M
77,CP6,130,1.455,S2M
77,CP6,131,0.478,S2M
77,CP6,132,-0.498,S2M
77,CP6,133,-1.475,S2M
77,CP6,134,-1.475,S2M
77,CP6,135,-0.498,S2M
77,CP6,136,0.966,S2M
77,CP6,137,1.943,S2M
77,CP6,138,2.920,S2M
77,CP6,139,3.896,S2M
77,CP6,140,4.384,S2M
77,CP6,141,4.873,S2M
77,CP6,142,4.873,S2M
77,CP6,143,3.896,S2M
77,CP6,144,1.455,S2M
77,CP6,145,-0.987,S2M
77,CP6,146,-3.428,S2M
77,CP6,147,-4.405,S2M
77,CP6,148,-4.893,S2M
77,CP6,149,-4.893,S2M
77,CP6,150,-4.893,S2M
77,CP6,151,-5.381,S2M
77,CP6,152,-5.381,S2M
77,CP6,153,-5.381,S2M
77,CP6,154,-4.405,S2M
77,CP6,155,-3.428,S2M
77,CP6,156,-2.940,S2M
77,CP6,157,-2.452,S2M
77,CP6,158,-0.987,S2M
77,CP6,159,1.455,S2M
77,CP6,160,3.896,S2M
77,CP6,161,6.826,S2M
77,CP6,162,8.779,S2M
77,CP6,163,10.244,S2M
77,CP6,164,10.244,S2M
77,CP6,165,9.755,S2M
77,CP6,166,8.779,S2M
77,CP6,167,7.314,S2M
77,CP6,168,5.361,S2M
77,CP6,169,2.920,S2M
77,CP6,170,1.455,S2M
77,CP6,171,-0.010,S2M
77,CP6,172,-0.498,S2M
77,CP6,173,-1.475,S2M
77,CP6,174,-1.963,S2M
77,CP6,175,-2.452,S2M
77,CP6,176,-2.452,S2M
77,CP6,177,-1.475,S2M
77,CP6,178,-0.987,S2M
77,CP6,179,-0.987,S2M
77,CP6,180,-1.963,S2M
77,CP6,181,-3.428,S2M
77,CP6,182,-3.916,S2M
77,CP6,183,-3.428,S2M
77,CP6,184,-1.475,S2M
77,CP6,185,0.966,S2M
77,CP6,186,2.920,S2M
77,CP6,187,3.408,S2M
77,CP6,188,3.896,S2M
77,CP6,189,4.384,S2M
77,CP6,190,4.384,S2M
77,CP6,191,3.408,S2M
77,CP6,192,1.455,S2M
77,CP6,193,-2.940,S2M
77,CP6,194,-7.334,S2M
77,CP6,195,-10.752,S2M
77,CP6,196,-11.729,S2M
77,CP6,197,-11.241,S2M
77,CP6,198,-9.776,S2M
77,CP6,199,-8.799,S2M
77,CP6,200,-8.799,S2M
77,CP6,201,-8.311,S2M
77,CP6,202,-7.823,S2M
77,CP6,203,-5.870,S2M
77,CP6,204,-3.916,S2M
77,CP6,205,-2.452,S2M
77,CP6,206,-1.475,S2M
77,CP6,207,-1.475,S2M
77,CP6,208,-1.963,S2M
77,CP6,209,-2.452,S2M
77,CP6,210,-2.940,S2M
77,CP6,211,-3.428,S2M
77,CP6,212,-3.916,S2M
77,CP6,213,-3.428,S2M
77,CP6,214,-1.963,S2M
77,CP6,215,0.478,S2M
77,CP6,216,2.920,S2M
77,CP6,217,4.384,S2M
77,CP6,218,4.873,S2M
77,CP6,219,4.384,S2M
77,CP6,220,3.408,S2M
77,CP6,221,1.943,S2M
77,CP6,222,0.478,S2M
77,CP6,223,-0.498,S2M
77,CP6,224,-0.498,S2M
77,CP6,225,-0.010,S2M
77,CP6,226,0.478,S2M
77,CP6,227,0.478,S2M
77,CP6,228,0.478,S2M
77,CP6,229,-0.010,S2M
77,CP6,230,-0.498,S2M
77,CP6,231,0.478,S2M
77,CP6,232,1.943,S2M
77,CP6,233,3.408,S2M
77,CP6,234,4.384,S2M
77,CP6,235,4.873,S2M
77,CP6,236,4.873,S2M
77,CP6,237,5.361,S2M
77,CP6,238,5.849,S2M
77,CP6,239,6.337,S2M
77,CP6,240,5.361,S2M
77,CP6,241,3.896,S2M
77,CP6,242,1.943,S2M
77,CP6,243,0.966,S2M
77,CP6,244,-0.010,S2M
77,CP6,245,-0.498,S2M
77,CP6,246,-0.987,S2M
77,CP6,247,-1.963,S2M
77,CP6,248,-3.428,S2M
77,CP6,249,-3.428,S2M
77,CP6,250,-2.940,S2M
77,CP6,251,-1.475,S2M
77,CP6,252,-0.498,S2M
77,CP6,253,-0.498,S2M
77,CP6,254,-1.475,S2M
77,CP6,255,-1.963,S2M
77,CP1,0,6.419,S2M
77,CP1,1,5.931,S2M
77,CP1,2,5.442,S2M
77,CP1,3,5.931,S2M
77,CP1,4,6.419,S2M
77,CP1,5,5.442,S2M
77,CP1,6,3.977,S2M
77,CP1,7,2.024,S2M
77,CP1,8,0.071,S2M
77,CP1,9,-1.394,S2M
77,CP1,10,-2.370,S2M
77,CP1,11,-3.835,S2M
77,CP1,12,-4.323,S2M
77,CP1,13,-4.323,S2M
77,CP1,14,-3.835,S2M
77,CP1,15,-2.370,S2M
77,CP1,16,0.071,S2M
77,CP1,17,2.513,S2M
77,CP1,18,4.466,S2M
77,CP1,19,5.931,S2M
77,CP1,20,6.419,S2M
77,CP1,21,5.931,S2M
77,CP1,22,4.954,S2M
77,CP1,23,3.977,S2M
77,CP1,24,3.001,S2M
77,CP1,25,2.024,S2M
77,CP1,26,1.536,S2M
77,CP1,27,0.559,S2M
77,CP1,28,-1.394,S2M
77,CP1,29,-2.370,S2M
77,CP1,30,-3.835,S2M
77,CP1,31,-3.835,S2M
77,CP1,32,-3.347,S2M
77,CP1,33,-2.370,S2M
77,CP1,34,-1.882,S2M
77,CP1,35,-1.394,S2M
77,CP1,36,-1.394,S2M
77,CP1,37,-1.394,S2M
77,CP1,38,-0.417,S2M
77,CP1,39,1.048,S2M
77,CP1,40,2.024,S2M
77,CP1,41,2.513,S2M
77,CP1,42,2.513,S2M
77,CP1,43,1.536,S2M
77,CP1,44,0.071,S2M
77,CP1,45,-0.905,S2M
77,CP1,46,-1.882,S2M
77,CP1,47,-1.394,S2M
77,CP1,48,-0.905,S2M
77,CP1,49,0.071,S2M
77,CP1,50,1.048,S2M
77,CP1,51,2.024,S2M
77,CP1,52,3.001,S2M
77,CP1,53,3.977,S2M
77,CP1,54,4.466,S2M
77,CP1,55,3.977,S2M
77,CP1,56,2.513,S2M
77,CP1,57,0.071,S2M
77,CP1,58,-2.370,S2M
77,CP1,59,-4.323,S2M
77,CP1,60,-4.812,S2M
77,CP1,61,-3.835,S2M
77,CP1,62,-2.370,S2M
77,CP1,63,-0.417,S2M
77,CP1,64,1.536,S2M
77,CP1,65,2.513,S2M
77,CP1,66,3.001,S2M
77,CP1,67,3.489,S2M
77,CP1,68,3.977,S2M
77,CP1,69,3.977,S2M
77,CP1,70,3.489,S2M
77,CP1,71,3.489,S2M
77,CP1,72,3.001,S2M
77,CP1,73,3.489,S2M
77,CP1,74,3.977,S2M
77,CP1,75,3.977,S2M
77,CP1,76,3.977,S2M
77,CP1,77,3.001,S2M
77,CP1,78,1.536,S2M
77,CP1,79,0.071,S2M
77,CP1,80,-0.905,S2M
77,CP1,81,-1.882,S2M
77,CP1,82,-1.882,S2M
77,CP1,83,-1.394,S2M
77,CP1,84,-0.905,S2M
77,CP1,85,-0.417,S2M
77,CP1,86,-0.417,S2M
77,CP1,87,-0.417,S2M
77,CP1,88,-0.417,S2M
77,CP1,89,0.071,S2M
77,CP1,90,1.048,S2M
77,CP1,91,2.024,S2M
77,CP1,92,3.489,S2M
77,CP1,93,4.466,S2M
77,CP1,94,4.954,S2M
77,CP1,95,5.442,S2M
77,CP1,96,5.931,S2M
77,CP1,97,5.442,S2M
77,CP1,98,5.442,S2M
77,CP1,99,4.466,S2M
77,CP1,100,3.977,S2M
77,CP1,101,3.489,S2M
77,CP1,102,3.001,S2M
77,CP1,103,2.024,S2M
77,CP1,104,1.048,S2M
77,CP1,105,-0.417,S2M
77,CP1,106,-0.905,S2M
77,CP1,107,-0.417,S2M
77,CP1,108,0.559,S2M
77,CP1,109,1.536,S2M
77,CP1,110,2.024,S2M
77,CP1,111,1.536,S2M
77,CP1,112,1.048,S2M
77,CP1,113,0.559,S2M
77,CP1,114,1.048,S2M
77,CP1,115,2.024,S2M
77,CP1,116,2.513,S2M
77,CP1,117,3.489,S2M
77,CP1,118,3.489,S2M
77,CP1,119,3.489,S2M
77,CP1,120,3.489,S2M
77,CP1,121,4.466,S2M
77,CP1,122,5.442,S2M
77,CP1,123,6.419,S2M
77,CP1,124,6.907,S2M
77,CP1,125,6.907,S2M
77,CP1,126,6.419,S2M
77,CP1,127,5.442,S2M
77,CP1,128,3.977,S2M
77,CP1,129,2.513,S2M
77,CP1,130,1.048,S2M
77,CP1,131,0.071,S2M
77,CP1,132,-0.905,S2M
77,CP1,133,-1.394,S2M
77,CP1,134,-1.394,S2M
77,CP1,135,-1.394,S2M
77,CP1,136,-1.394,S2M
77,CP1,137,-0.905,S2M
77,CP1,138,-0.905,S2M
77,CP1,139,0.071,S2M
77,CP1,140,0.071,S2M
77,CP1,141,0.559,S2M
77,CP1,142,1.536,S2M
77,CP1,143,2.513,S2M
77,CP1,144,3.489,S2M
77,CP1,145,4.954,S2M
77,CP1,146,5.442,S2M
77,CP1,147,5.442,S2M
77,CP1,148,4.954,S2M
77,CP1,149,3.977,S2M
77,CP1,150,3.977,S2M
77,CP1,151,3.489,S2M
77,CP1,152,3.489,S2M
77,CP1,153,3.001,S2M
77,CP1,154,2.024,S2M
77,CP1,155,0.559,S2M
77,CP1,156,-0.905,S2M
77,CP1,157,-1.394,S2M
77,CP1,158,-1.394,S2M
77,CP1,159,-1.394,S2M
77,CP1,160,-1.394,S2M
77,CP1,161,-1.882,S2M
77,CP1,162,-2.370,S2M
77,CP1,163,-2.370,S2M
77,CP1,164,-1.882,S2M
77,CP1,165,-0.905,S2M
77,CP1,166,0.071,S2M
77,CP1,167,1.536,S2M
77,CP1,168,2.513,S2M
77,CP1,169,3.001,S2M
77,CP1,170,3.977,S2M
77,CP1,171,4.466,S2M
77,CP1,172,4.954,S2M
77,CP1,173,5.442,S2M
77,CP1,174,5.442,S2M
77,CP1,175,5.442,S2M
77,CP1,176,4.954,S2M
77,CP1,177,4.466,S2M
77,CP1,178,3.977,S2M
77,CP1,179,3.001,S2M
77,CP1,180,2.024,S2M
77,CP1,181,0.559,S2M
77,CP1,182,-0.417,S2M
77,CP1,183,-1.394,S2M
77,CP1,184,-2.370,S2M
77,CP1,185,-2.858,S2M
77,CP1,186,-2.858,S2M
77,CP1,187,-2.370,S2M
77,CP1,188,-2.370,S2M
77,CP1,189,-2.858,S2M
77,CP1,190,-2.858,S2M
77,CP1,191,-2.858,S2M
77,CP1,192,-2.370,S2M
77,CP1,193,-2.370,S2M
77,CP1,194,-2.858,S2M
77,CP1,195,-2.370,S2M
77,CP1,196,-1.394,S2M
77,CP1,197,0.071,S2M
77,CP1,198,2.024,S2M
77,CP1,199,3.001,S2M
77,CP1,200,3.489,S2M
77,CP1,201,3.489,S2M
77,CP1,202,2.513,S2M
77,CP1,203,2.513,S2M
77,CP1,204,3.001,S2M
77,CP1,205,3.001,S2M
77,CP1,206,3.001,S2M
77,CP1,207,2.024,S2M
77,CP1,208,0.071,S2M
77,CP1,209,-1.394,S2M
77,CP1,210,-2.858,S2M
77,CP1,211,-2.858,S2M
77,CP1,212,-2.858,S2M
77,CP1,213,-2.370,S2M
77,CP1,214,-2.370,S2M
77,CP1,215,-2.370,S2M
77,CP1,216,-2.858,S2M
77,CP1,217,-3.835,S2M
77,CP1,218,-3.347,S2M
77,CP1,219,-2.858,S2M
77,CP1,220,-1.882,S2M
77,CP1,221,-0.905,S2M
77,CP1,222,0.071,S2M
77,CP1,223,0.559,S2M
77,CP1,224,0.559,S2M
77,CP1,225,0.071,S2M
77,CP1,226,-0.417,S2M
77,CP1,227,-0.417,S2M
77,CP1,228,-0.417,S2M
77,CP1,229,-0.905,S2M
77,CP1,230,-1.882,S2M
77,CP1,231,-3.347,S2M
77,CP1,232,-4.812,S2M
77,CP1,233,-5.300,S2M
77,CP1,234,-5.300,S2M
77,CP1,235,-4.323,S2M
77,CP1,236,-2.858,S2M
77,CP1,237,-2.370,S2M
77,CP1,238,-3.347,S2M
77,CP1,239,-5.300,S2M
77,CP1,240,-7.253,S2M
77,CP1,241,-8.230,S2M
77,CP1,242,-7.741,S2M
77,CP1,243,-6.765,S2M
77,CP1,244,-5.300,S2M
77,CP1,245,-4.812,S2M
77,CP1,246,-4.812,S2M
77,CP1,247,-4.812,S2M
77,CP1,248,-4.323,S2M
77,CP1,249,-3.347,S2M
77,CP1,250,-2.858,S2M
77,CP1,251,-3.347,S2M
77,CP1,252,-4.812,S2M
77,CP1,253,-6.765,S2M
77,CP1,254,-7.741,S2M
77,CP1,255,-7.253,S2M
77,CP2,0,3.601,S2M
77,CP2,1,3.113,S2M
77,CP2,2,3.113,S2M
77,CP2,3,3.113,S2M
77,CP2,4,3.601,S2M
77,CP2,5,3.113,S2M
77,CP2,6,2.136,S2M
77,CP2,7,0.671,S2M
77,CP2,8,-1.282,S2M
77,CP2,9,-3.723,S2M
77,CP2,10,-5.188,S2M
77,CP2,11,-5.676,S2M
77,CP2,12,-5.188,S2M
77,CP2,13,-3.235,S2M
77,CP2,14,-1.282,S2M
77,CP2,15,0.671,S2M
77,CP2,16,2.136,S2M
77,CP2,17,3.113,S2M
77,CP2,18,4.089,S2M
77,CP2,19,5.554,S2M
77,CP2,20,6.531,S2M
77,CP2,21,7.507,S2M
77,CP2,22,7.996,S2M
77,CP2,23,7.019,S2M
77,CP2,24,6.042,S2M
77,CP2,25,4.578,S2M
77,CP2,26,3.601,S2M
77,CP2,27,2.625,S2M
77,CP2,28,1.648,S2M
77,CP2,29,0.671,S2M
77,CP2,30,-0.305,S2M
77,CP2,31,-1.770,S2M
77,CP2,32,-2.747,S2M
77,CP2,33,-4.211,S2M
77,CP2,34,-5.188,S2M
77,CP2,35,-6.165,S2M
77,CP2,36,-6.653,S2M
77,CP2,37,-7.141,S2M
77,CP2,38,-7.141,S2M
77,CP2,39,-7.629,S2M
77,CP2,40,-7.629,S2M
77,CP2,41,-8.118,S2M
77,CP2,42,-8.118,S2M
77,CP2,43,-7.141,S2M
77,CP2,44,-6.165,S2M
77,CP2,45,-4.211,S2M
77,CP2,46,-2.747,S2M
77,CP2,47,-1.282,S2M
77,CP2,48,-0.305,S2M
77,CP2,49,1.160,S2M
77,CP2,50,3.113,S2M
77,CP2,51,4.578,S2M
77,CP2,52,5.554,S2M
77,CP2,53,5.554,S2M
77,CP2,54,4.089,S2M
77,CP2,55,1.648,S2M
77,CP2,56,-0.305,S2M
77,CP2,57,-1.770,S2M
77,CP2,58,-3.235,S2M
77,CP2,59,-3.723,S2M
77,CP2,60,-4.211,S2M
77,CP2,61,-4.211,S2M
77,CP2,62,-4.211,S2M
77,CP2,63,-3.723,S2M
77,CP2,64,-3.235,S2M
77,CP2,65,-2.747,S2M
77,CP2,66,-3.235,S2M
77,CP2,67,-3.723,S2M
77,CP2,68,-3.723,S2M
77,CP2,69,-3.723,S2M
77,CP2,70,-3.235,S2M
77,CP2,71,-2.747,S2M
77,CP2,72,-1.770,S2M
77,CP2,73,-1.282,S2M
77,CP2,74,-0.793,S2M
77,CP2,75,0.183,S2M
77,CP2,76,1.160,S2M
77,CP2,77,1.648,S2M
77,CP2,78,1.648,S2M
77,CP2,79,1.648,S2M
77,CP2,80,1.160,S2M
77,CP2,81,0.671,S2M
77,CP2,82,-0.305,S2M
77,CP2,83,-1.282,S2M
77,CP2,84,-1.770,S2M
77,CP2,85,-2.258,S2M
77,CP2,86,-2.747,S2M
77,CP2,87,-3.723,S2M
77,CP2,88,-4.211,S2M
77,CP2,89,-5.188,S2M
77,CP2,90,-5.188,S2M
77,CP2,91,-4.211,S2M
77,CP2,92,-2.747,S2M
77,CP2,93,-0.793,S2M
77,CP2,94,0.671,S2M
77,CP2,95,1.648,S2M
77,CP2,96,2.136,S2M
77,CP2,97,2.136,S2M
77,CP2,98,2.136,S2M
77,CP2,99,2.136,S2M
77,CP2,100,2.136,S2M
77,CP2,101,2.136,S2M
77,CP2,102,2.136,S2M
77,CP2,103,2.136,S2M
77,CP2,104,1.648,S2M
77,CP2,105,0.671,S2M
77,CP2,106,0.183,S2M
77,CP2,107,-0.305,S2M
77,CP2,108,-0.793,S2M
77,CP2,109,-0.305,S2M
77,CP2,110,0.183,S2M
77,CP2,111,0.183,S2M
77,CP2,112,-0.305,S2M
77,CP2,113,-0.305,S2M
77,CP2,114,0.183,S2M
77,CP2,115,0.671,S2M
77,CP2,116,1.160,S2M
77,CP2,117,1.648,S2M
77,CP2,118,2.136,S2M
77,CP2,119,1.648,S2M
77,CP2,120,1.648,S2M
77,CP2,121,1.648,S2M
77,CP2,122,2.136,S2M
77,CP2,123,2.625,S2M
77,CP2,124,2.625,S2M
77,CP2,125,2.625,S2M
77,CP2,126,2.625,S2M
77,CP2,127,2.625,S2M
77,CP2,128,2.625,S2M
77,CP2,129,2.136,S2M
77,CP2,130,1.160,S2M
77,CP2,131,-0.305,S2M
77,CP2,132,-1.282,S2M
77,CP2,133,-1.770,S2M
77,CP2,134,-2.258,S2M
77,CP2,135,-1.770,S2M
77,CP2,136,-1.770,S2M
77,CP2,137,-1.282,S2M
77,CP2,138,-0.793,S2M
77,CP2,139,-0.305,S2M
77,CP2,140,0.183,S2M
77,CP2,141,0.671,S2M
77,CP2,142,0.671,S2M
77,CP2,143,0.183,S2M
77,CP2,144,-0.305,S2M
77,CP2,145,-0.793,S2M
77,CP2,146,-0.793,S2M
77,CP2,147,-0.305,S2M
77,CP2,148,0.671,S2M
77,CP2,149,0.671,S2M
77,CP2,150,0.183,S2M
77,CP2,151,-0.793,S2M
77,CP2,152,-1.770,S2M
77,CP2,153,-2.747,S2M
77,CP2,154,-2.747,S2M
77,CP2,155,-2.747,S2M
77,CP2,156,-2.747,S2M
77,CP2,157,-3.235,S2M
77,CP2,158,-2.747,S2M
77,CP2,159,-2.258,S2M
77,CP2,160,-0.793,S2M
77,CP2,161,0.183,S2M
77,CP2,162,1.160,S2M
77,CP2,163,1.648,S2M
77,CP2,164,1.648,S2M
77,CP2,165,1.648,S2M
77,CP2,166,1.648,S2M
77,CP2,167,2.136,S2M
77,CP2,168,2.136,S2M
77,CP2,169,1.648,S2M
77,CP2,170,1.648,S2M
77,CP2,171,1.648,S2M
77,CP2,172,1.648,S2M
77,CP2,173,1.648,S2M
77,CP2,174,1.160,S2M
77,CP2,175,1.160,S2M
77,CP2,176,1.160,S2M
77,CP2,177,1.160,S2M
77,CP2,178,1.160,S2M
77,CP2,179,0.671,S2M
77,CP2,180,-0.793,S2M
77,CP2,181,-2.258,S2M
77,CP2,182,-3.235,S2M
77,CP2,183,-3.235,S2M
77,CP2,184,-2.258,S2M
77,CP2,185,-1.770,S2M
77,CP2,186,-1.282,S2M
77,CP2,187,-1.282,S2M
77,CP2,188,-1.282,S2M
77,CP2,189,-0.793,S2M
77,CP2,190,-0.305,S2M
77,CP2,191,0.183,S2M
77,CP2,192,0.183,S2M
77,CP2,193,-0.793,S2M
77,CP2,194,-2.747,S2M
77,CP2,195,-4.211,S2M
77,CP2,196,-5.188,S2M
77,CP2,197,-4.700,S2M
77,CP2,198,-4.211,S2M
77,CP2,199,-3.235,S2M
77,CP2,200,-2.747,S2M
77,CP2,201,-3.235,S2M
77,CP2,202,-2.747,S2M
77,CP2,203,-2.258,S2M
77,CP2,204,-1.282,S2M
77,CP2,205,0.183,S2M
77,CP2,206,0.671,S2M
77,CP2,207,0.671,S2M
77,CP2,208,-0.305,S2M
77,CP2,209,-0.793,S2M
77,CP2,210,-1.770,S2M
77,CP2,211,-2.258,S2M
77,CP2,212,-2.258,S2M
77,CP2,213,-1.770,S2M
77,CP2,214,-0.793,S2M
77,CP2,215,0.183,S2M
77,CP2,216,0.671,S2M
77,CP2,217,1.160,S2M
77,CP2,218,1.648,S2M
77,CP2,219,1.648,S2M
77,CP2,220,1.160,S2M
77,CP2,221,0.183,S2M
77,CP2,222,-0.793,S2M
77,CP2,223,-1.282,S2M
77,CP2,224,-1.770,S2M
77,CP2,225,-1.770,S2M
77,CP2,226,-1.770,S2M
77,CP2,227,-1.770,S2M
77,CP2,228,-1.770,S2M
77,CP2,229,-1.770,S2M
77,CP2,230,-1.770,S2M
77,CP2,231,-1.770,S2M
77,CP2,232,-1.770,S2M
77,CP2,233,-1.770,S2M
77,CP2,234,-1.770,S2M
77,CP2,235,-1.282,S2M
77,CP2,236,-0.793,S2M
77,CP2,237,-0.305,S2M
77,CP2,238,0.183,S2M
77,CP2,239,-0.305,S2M
77,CP2,240,-1.282,S2M
77,CP2,241,-2.747,S2M
77,CP2,242,-3.235,S2M
77,CP2,243,-3.723,S2M
77,CP2,244,-3.723,S2M
77,CP2,245,-4.211,S2M
77,CP2,246,-5.188,S2M
77,CP2,247,-6.165,S2M
77,CP2,248,-6.653,S2M
77,CP2,249,-6.165,S2M
77,CP2,250,-4.700,S2M
77,CP2,251,-4.211,S2M
77,CP2,252,-3.723,S2M
77,CP2,253,-4.211,S2M
77,CP2,254,-4.700,S2M
77,CP2,255,-4.700,S2M
77,P3,0,12.146,S2M
77,P3,1,10.681,S2M
77,P3,2,10.681,S2M
77,P3,3,11.169,S2M
77,P3,4,11.658,S2M
77,P3,5,10.681,S2M
77,P3,6,9.216,S2M
77,P3,7,7.263,S2M
77,P3,8,6.287,S2M
77,P3,9,5.798,S2M
77,P3,10,5.310,S2M
77,P3,11,4.333,S2M
77,P3,12,3.357,S2M
77,P3,13,1.892,S2M
77,P3,14,1.892,S2M
77,P3,15,2.380,S2M
77,P3,16,3.845,S2M
77,P3,17,5.310,S2M
77,P3,18,7.751,S2M
77,P3,19,9.705,S2M
77,P3,20,11.169,S2M
77,P3,21,11.658,S2M
77,P3,22,10.681,S2M
77,P3,23,8.728,S2M
77,P3,24,6.287,S2M
77,P3,25,3.845,S2M
77,P3,26,2.380,S2M
77,P3,27,0.427,S2M
77,P3,28,-1.526,S2M
77,P3,29,-3.479,S2M
77,P3,30,-4.944,S2M
77,P3,31,-4.944,S2M
77,P3,32,-3.967,S2M
77,P3,33,-2.014,S2M
77,P3,34,-0.061,S2M
77,P3,35,1.404,S2M
77,P3,36,1.404,S2M
77,P3,37,0.916,S2M
77,P3,38,0.427,S2M
77,P3,39,0.427,S2M
77,P3,40,0.427,S2M
77,P3,41,-0.061,S2M
77,P3,42,-0.549,S2M
77,P3,43,-1.526,S2M
77,P3,44,-2.502,S2M
77,P3,45,-2.991,S2M
77,P3,46,-2.502,S2M
77,P3,47,-2.502,S2M
77,P3,48,-2.502,S2M
77,P3,49,-2.014,S2M
77,P3,50,-1.526,S2M
77,P3,51,-0.061,S2M
77,P3,52,1.892,S2M
77,P3,53,3.845,S2M
77,P3,54,4.333,S2M
77,P3,55,3.845,S2M
77,P3,56,1.892,S2M
77,P3,57,-0.549,S2M
77,P3,58,-2.502,S2M
77,P3,59,-2.991,S2M
77,P3,60,-2.502,S2M
77,P3,61,-0.549,S2M
77,P3,62,0.916,S2M
77,P3,63,2.380,S2M
77,P3,64,2.869,S2M
77,P3,65,3.357,S2M
77,P3,66,3.845,S2M
77,P3,67,4.333,S2M
77,P3,68,4.333,S2M
77,P3,69,4.333,S2M
77,P3,70,3.357,S2M
77,P3,71,2.380,S2M
77,P3,72,1.892,S2M
77,P3,73,1.892,S2M
77,P3,74,2.380,S2M
77,P3,75,2.380,S2M
77,P3,76,2.380,S2M
77,P3,77,0.916,S2M
77,P3,78,-0.549,S2M
77,P3,79,-2.502,S2M
77,P3,80,-3.479,S2M
77,P3,81,-3.967,S2M
77,P3,82,-3.967,S2M
77,P3,83,-3.967,S2M
77,P3,84,-3.479,S2M
77,P3,85,-3.479,S2M
77,P3,86,-3.967,S2M
77,P3,87,-4.456,S2M
77,P3,88,-3.967,S2M
77,P3,89,-2.991,S2M
77,P3,90,-0.549,S2M
77,P3,91,1.892,S2M
77,P3,92,4.822,S2M
77,P3,93,6.775,S2M
77,P3,94,8.728,S2M
77,P3,95,9.705,S2M
77,P3,96,10.193,S2M
77,P3,97,9.216,S2M
77,P3,98,7.751,S2M
77,P3,99,6.287,S2M
77,P3,100,4.822,S2M
77,P3,101,4.333,S2M
77,P3,102,4.333,S2M
77,P3,103,3.357,S2M
77,P3,104,1.404,S2M
77,P3,105,-2.014,S2M
77,P3,106,-3.967,S2M
77,P3,107,-4.944,S2M
77,P3,108,-4.456,S2M
77,P3,109,-3.479,S2M
77,P3,110,-2.991,S2M
77,P3,111,-3.967,S2M
77,P3,112,-4.944,S2M
77,P3,113,-4.944,S2M
77,P3,114,-3.967,S2M
77,P3,115,-1.526,S2M
77,P3,116,1.404,S2M
77,P3,117,3.357,S2M
77,P3,118,4.333,S2M
77,P3,119,4.822,S2M
77,P3,120,4.822,S2M
77,P3,121,5.310,S2M
77,P3,122,5.798,S2M
77,P3,123,6.775,S2M
77,P3,124,7.263,S2M
77,P3,125,7.263,S2M
77,P3,126,6.775,S2M
77,P3,127,5.798,S2M
77,P3,128,3.845,S2M
77,P3,129,0.916,S2M
77,P3,130,-2.502,S2M
77,P3,131,-5.432,S2M
77,P3,132,-7.874,S2M
77,P3,133,-8.850,S2M
77,P3,134,-9.338,S2M
77,P3,135,-8.850,S2M
77,P3,136,-8.362,S2M
77,P3,137,-7.385,S2M
77,P3,138,-6.897,S2M
77,P3,139,-5.920,S2M
77,P3,140,-4.944,S2M
77,P3,141,-2.991,S2M
77,P3,142,-1.526,S2M
77,P3,143,0.916,S2M
77,P3,144,2.869,S2M
77,P3,145,4.822,S2M
77,P3,146,6.287,S2M
77,P3,147,6.775,S2M
77,P3,148,6.287,S2M
77,P3,149,5.798,S2M
77,P3,150,4.822,S2M
77,P3,151,3.845,S2M
77,P3,152,2.380,S2M
77,P3,153,0.427,S2M
77,P3,154,-2.502,S2M
77,P3,155,-4.944,S2M
77,P3,156,-7.385,S2M
77,P3,157,-7.874,S2M
77,P3,158,-7.385,S2M
77,P3,159,-6.897,S2M
77,P3,160,-6.409,S2M
77,P3,161,-6.409,S2M
77,P3,162,-7.385,S2M
77,P3,163,-7.385,S2M
77,P3,164,-6.897,S2M
77,P3,165,-4.944,S2M
77,P3,166,-2.014,S2M
77,P3,167,0.916,S2M
77,P3,168,2.869,S2M
77,P3,169,4.333,S2M
77,P3,170,4.822,S2M
77,P3,171,5.798,S2M
77,P3,172,6.775,S2M
77,P3,173,7.263,S2M
77,P3,174,7.751,S2M
77,P3,175,7.751,S2M
77,P3,176,6.775,S2M
77,P3,177,5.798,S2M
77,P3,178,4.333,S2M
77,P3,179,2.380,S2M
77,P3,180,-0.061,S2M
77,P3,181,-2.991,S2M
77,P3,182,-5.432,S2M
77,P3,183,-6.897,S2M
77,P3,184,-8.362,S2M
77,P3,185,-9.338,S2M
77,P3,186,-9.338,S2M
77,P3,187,-8.850,S2M
77,P3,188,-7.874,S2M
77,P3,189,-6.897,S2M
77,P3,190,-5.920,S2M
77,P3,191,-5.920,S2M
77,P3,192,-6.409,S2M
77,P3,193,-7.385,S2M
77,P3,194,-7.385,S2M
77,P3,195,-6.409,S2M
77,P3,196,-4.456,S2M
77,P3,197,-0.549,S2M
77,P3,198,2.869,S2M
77,P3,199,4.822,S2M
77,P3,200,5.310,S2M
77,P3,201,4.333,S2M
77,P3,202,3.357,S2M
77,P3,203,2.869,S2M
77,P3,204,3.357,S2M
77,P3,205,3.845,S2M
77,P3,206,2.869,S2M
77,P3,207,0.916,S2M
77,P3,208,-2.502,S2M
77,P3,209,-5.432,S2M
77,P3,210,-7.874,S2M
77,P3,211,-8.850,S2M
77,P3,212,-8.850,S2M
77,P3,213,-8.362,S2M
77,P3,214,-7.874,S2M
77,P3,215,-7.385,S2M
77,P3,216,-6.897,S2M
77,P3,217,-5.920,S2M
77,P3,218,-4.456,S2M
77,P3,219,-3.479,S2M
77,P3,220,-2.991,S2M
77,P3,221,-2.991,S2M
77,P3,222,-3.479,S2M
77,P3,223,-3.479,S2M
77,P3,224,-2.502,S2M
77,P3,225,-1.526,S2M
77,P3,226,-0.061,S2M
77,P3,227,-0.061,S2M
77,P3,228,-0.549,S2M
77,P3,229,-2.502,S2M
77,P3,230,-4.944,S2M
77,P3,231,-6.897,S2M
77,P3,232,-8.362,S2M
77,P3,233,-9.338,S2M
77,P3,234,-8.850,S2M
77,P3,235,-8.362,S2M
77,P3,236,-7.385,S2M
77,P3,237,-7.385,S2M
77,P3,238,-7.874,S2M
77,P3,239,-9.827,S2M
77,P3,240,-11.292,S2M
77,P3,241,-12.756,S2M
77,P3,242,-12.756,S2M
77,P3,243,-11.780,S2M
77,P3,244,-10.315,S2M
77,P3,245,-9.338,S2M
77,P3,246,-8.850,S2M
77,P3,247,-8.362,S2M
77,P3,248,-7.874,S2M
77,P3,249,-7.385,S2M
77,P3,250,-6.409,S2M
77,P3,251,-6.409,S2M
77,P3,252,-7.874,S2M
77,P3,253,-9.338,S2M
77,P3,254,-10.315,S2M
77,P3,255,-10.315,S2M
77,P4,0,4.628,S2M
77,P4,1,3.164,S2M
77,P4,2,3.164,S2M
77,P4,3,4.140,S2M
77,P4,4,4.628,S2M
77,P4,5,4.140,S2M
77,P4,6,3.164,S2M
77,P4,7,1.699,S2M
77,P4,8,-0.254,S2M
77,P4,9,-2.207,S2M
77,P4,10,-3.184,S2M
77,P4,11,-3.184,S2M
77,P4,12,-1.719,S2M
77,P4,13,1.211,S2M
77,P4,14,4.140,S2M
77,P4,15,6.093,S2M
77,P4,16,7.558,S2M
77,P4,17,8.046,S2M
77,P4,18,9.511,S2M
77,P4,19,11.464,S2M
77,P4,20,13.906,S2M
77,P4,21,15.371,S2M
77,P4,22,15.371,S2M
77,P4,23,12.929,S2M
77,P4,24,10.000,S2M
77,P4,25,6.582,S2M
77,P4,26,4.140,S2M
77,P4,27,2.675,S2M
77,P4,28,1.699,S2M
77,P4,29,-0.254,S2M
77,P4,30,-1.719,S2M
77,P4,31,-3.672,S2M
77,P4,32,-5.137,S2M
77,P4,33,-6.114,S2M
77,P4,34,-6.602,S2M
77,P4,35,-6.114,S2M
77,P4,36,-5.625,S2M
77,P4,37,-5.137,S2M
77,P4,38,-4.649,S2M
77,P4,39,-5.137,S2M
77,P4,40,-5.625,S2M
77,P4,41,-6.114,S2M
77,P4,42,-6.114,S2M
77,P4,43,-5.625,S2M
77,P4,44,-4.649,S2M
77,P4,45,-3.672,S2M
77,P4,46,-2.696,S2M
77,P4,47,-1.719,S2M
77,P4,48,-1.231,S2M
77,P4,49,-0.254,S2M
77,P4,50,1.211,S2M
77,P4,51,2.675,S2M
77,P4,52,4.140,S2M
77,P4,53,4.140,S2M
77,P4,54,2.187,S2M
77,P4,55,-1.231,S2M
77,P4,56,-3.672,S2M
77,P4,57,-5.625,S2M
77,P4,58,-5.137,S2M
77,P4,59,-4.161,S2M
77,P4,60,-2.696,S2M
77,P4,61,-1.719,S2M
77,P4,62,-1.231,S2M
77,P4,63,-0.743,S2M
77,P4,64,-0.254,S2M
77,P4,65,-0.254,S2M
77,P4,66,-0.743,S2M
77,P4,67,-2.207,S2M
77,P4,68,-3.184,S2M
77,P4,69,-4.161,S2M
77,P4,70,-4.649,S2M
77,P4,71,-4.649,S2M
77,P4,72,-3.672,S2M
77,P4,73,-2.696,S2M
77,P4,74,-2.207,S2M
77,P4,75,-1.719,S2M
77,P4,76,-1.719,S2M
77,P4,77,-1.719,S2M
77,P4,78,-1.231,S2M
77,P4,79,-1.231,S2M
77,P4,80,-0.743,S2M
77,P4,81,-1.231,S2M
77,P4,82,-1.719,S2M
77,P4,83,-2.207,S2M
77,P4,84,-2.696,S2M
77,P4,85,-3.184,S2M
77,P4,86,-3.184,S2M
77,P4,87,-3.184,S2M
77,P4,88,-4.161,S2M
77,P4,89,-4.161,S2M
77,P4,90,-4.649,S2M
77,P4,91,-3.184,S2M
77,P4,92,-1.231,S2M
77,P4,93,1.211,S2M
77,P4,94,3.164,S2M
77,P4,95,5.117,S2M
77,P4,96,5.605,S2M
77,P4,97,5.117,S2M
77,P4,98,4.140,S2M
77,P4,99,2.675,S2M
77,P4,100,2.187,S2M
77,P4,101,2.675,S2M
77,P4,102,3.164,S2M
77,P4,103,3.164,S2M
77,P4,104,2.675,S2M
77,P4,105,1.211,S2M
77,P4,106,-1.231,S2M
77,P4,107,-3.184,S2M
77,P4,108,-4.649,S2M
77,P4,109,-4.649,S2M
77,P4,110,-4.161,S2M
77,P4,111,-3.672,S2M
77,P4,112,-3.184,S2M
77,P4,113,-2.696,S2M
77,P4,114,-1.231,S2M
77,P4,115,1.211,S2M
77,P4,116,3.652,S2M
77,P4,117,5.117,S2M
77,P4,118,5.605,S2M
77,P4,119,4.628,S2M
77,P4,120,3.652,S2M
77,P4,121,3.652,S2M
77,P4,122,4.140,S2M
77,P4,123,4.628,S2M
77,P4,124,4.628,S2M
77,P4,125,3.652,S2M
77,P4,126,3.164,S2M
77,P4,127,2.675,S2M
77,P4,128,2.675,S2M
77,P4,129,2.187,S2M
77,P4,130,0.234,S2M
77,P4,131,-2.207,S2M
77,P4,132,-4.649,S2M
77,P4,133,-6.602,S2M
77,P4,134,-7.090,S2M
77,P4,135,-6.602,S2M
77,P4,136,-5.137,S2M
77,P4,137,-4.649,S2M
77,P4,138,-3.672,S2M
77,P4,139,-2.696,S2M
77,P4,140,-1.231,S2M
77,P4,141,0.722,S2M
77,P4,142,2.187,S2M
77,P4,143,1.699,S2M
77,P4,144,0.234,S2M
77,P4,145,-1.231,S2M
77,P4,146,-2.696,S2M
77,P4,147,-2.696,S2M
77,P4,148,-2.696,S2M
77,P4,149,-2.696,S2M
77,P4,150,-2.696,S2M
77,P4,151,-3.672,S2M
77,P4,152,-4.649,S2M
77,P4,153,-5.137,S2M
77,P4,154,-5.625,S2M
77,P4,155,-6.114,S2M
77,P4,156,-7.090,S2M
77,P4,157,-7.090,S2M
77,P4,158,-7.090,S2M
77,P4,159,-5.625,S2M
77,P4,160,-3.184,S2M
77,P4,161,-0.743,S2M
77,P4,162,1.211,S2M
77,P4,163,2.675,S2M
77,P4,164,3.652,S2M
77,P4,165,4.628,S2M
77,P4,166,5.605,S2M
77,P4,167,5.605,S2M
77,P4,168,5.117,S2M
77,P4,169,3.652,S2M
77,P4,170,2.675,S2M
77,P4,171,2.187,S2M
77,P4,172,2.187,S2M
77,P4,173,2.187,S2M
77,P4,174,1.699,S2M
77,P4,175,1.699,S2M
77,P4,176,1.211,S2M
77,P4,177,1.211,S2M
77,P4,178,0.234,S2M
77,P4,179,-1.231,S2M
77,P4,180,-3.184,S2M
77,P4,181,-5.137,S2M
77,P4,182,-7.090,S2M
77,P4,183,-7.579,S2M
77,P4,184,-6.602,S2M
77,P4,185,-5.137,S2M
77,P4,186,-3.672,S2M
77,P4,187,-2.207,S2M
77,P4,188,-0.743,S2M
77,P4,189,0.722,S2M
77,P4,190,2.187,S2M
77,P4,191,2.187,S2M
77,P4,192,1.211,S2M
77,P4,193,-1.719,S2M
77,P4,194,-5.137,S2M
77,P4,195,-7.090,S2M
77,P4,196,-8.555,S2M
77,P4,197,-7.579,S2M
77,P4,198,-6.602,S2M
77,P4,199,-5.137,S2M
77,P4,200,-5.137,S2M
77,P4,201,-4.161,S2M
77,P4,202,-3.184,S2M
77,P4,203,-2.207,S2M
77,P4,204,-1.231,S2M
77,P4,205,-0.254,S2M
77,P4,206,-0.254,S2M
77,P4,207,-1.231,S2M
77,P4,208,-1.719,S2M
77,P4,209,-3.184,S2M
77,P4,210,-4.161,S2M
77,P4,211,-5.137,S2M
77,P4,212,-5.137,S2M
77,P4,213,-4.161,S2M
77,P4,214,-2.207,S2M
77,P4,215,0.234,S2M
77,P4,216,2.187,S2M
77,P4,217,3.652,S2M
77,P4,218,3.652,S2M
77,P4,219,3.164,S2M
77,P4,220,2.187,S2M
77,P4,221,0.234,S2M
77,P4,222,-1.231,S2M
77,P4,223,-2.207,S2M
77,P4,224,-2.696,S2M
77,P4,225,-2.207,S2M
77,P4,226,-1.719,S2M
77,P4,227,-1.231,S2M
77,P4,228,-1.231,S2M
77,P4,229,-1.719,S2M
77,P4,230,-2.207,S2M
77,P4,231,-2.207,S2M
77,P4,232,-1.719,S2M
77,P4,233,-0.743,S2M
77,P4,234,0.234,S2M
77,P4,235,0.234,S2M
77,P4,236,0.722,S2M
77,P4,237,0.722,S2M
77,P4,238,1.211,S2M
77,P4,239,0.722,S2M
77,P4,240,0.234,S2M
77,P4,241,-0.743,S2M
77,P4,242,-1.719,S2M
77,P4,243,-2.696,S2M
77,P4,244,-3.184,S2M
77,P4,245,-4.649,S2M
77,P4,246,-6.114,S2M
77,P4,247,-7.579,S2M
77,P4,248,-8.067,S2M
77,P4,249,-7.090,S2M
77,P4,250,-6.114,S2M
77,P4,251,-4.649,S2M
77,P4,252,-4.161,S2M
77,P4,253,-5.137,S2M
77,P4,254,-6.114,S2M
77,P4,255,-6.114,S2M
77,PZ,0,11.159,S2M
77,PZ,1,10.183,S2M
77,PZ,2,10.183,S2M
77,PZ,3,10.671,S2M
77,PZ,4,10.671,S2M
77,PZ,5,9.694,S2M
77,PZ,6,7.741,S2M
77,PZ,7,4.812,S2M
77,PZ,8,1.882,S2M
77,PZ,9,-0.559,S2M
77,PZ,10,-2.513,S2M
77,PZ,11,-3.489,S2M
77,PZ,12,-4.466,S2M
77,PZ,13,-4.466,S2M
77,PZ,14,-4.466,S2M
77,PZ,15,-3.001,S2M
77,PZ,16,-1.536,S2M
77,PZ,17,0.417,S2M
77,PZ,18,2.858,S2M
77,PZ,19,5.788,S2M
77,PZ,20,8.718,S2M
77,PZ,21,10.671,S2M
77,PZ,22,11.648,S2M
77,PZ,23,11.159,S2M
77,PZ,24,10.183,S2M
77,PZ,25,9.206,S2M
77,PZ,26,8.230,S2M
77,PZ,27,6.765,S2M
77,PZ,28,5.788,S2M
77,PZ,29,4.323,S2M
77,PZ,30,2.370,S2M
77,PZ,31,0.417,S2M
77,PZ,32,-1.048,S2M
77,PZ,33,-2.024,S2M
77,PZ,34,-2.513,S2M
77,PZ,35,-3.001,S2M
77,PZ,36,-3.489,S2M
77,PZ,37,-4.466,S2M
77,PZ,38,-4.954,S2M
77,PZ,39,-5.442,S2M
77,PZ,40,-6.419,S2M
77,PZ,41,-7.395,S2M
77,PZ,42,-7.395,S2M
77,PZ,43,-7.395,S2M
77,PZ,44,-6.907,S2M
77,PZ,45,-5.442,S2M
77,PZ,46,-3.977,S2M
77,PZ,47,-2.024,S2M
77,PZ,48,-0.559,S2M
77,PZ,49,0.905,S2M
77,PZ,50,3.347,S2M
77,PZ,51,5.300,S2M
77,PZ,52,7.253,S2M
77,PZ,53,7.741,S2M
77,PZ,54,7.253,S2M
77,PZ,55,5.300,S2M
77,PZ,56,2.858,S2M
77,PZ,57,-0.071,S2M
77,PZ,58,-2.024,S2M
77,PZ,59,-3.001,S2M
77,PZ,60,-3.489,S2M
77,PZ,61,-3.489,S2M
77,PZ,62,-2.513,S2M
77,PZ,63,-2.024,S2M
77,PZ,64,-1.536,S2M
77,PZ,65,-1.048,S2M
77,PZ,66,-1.048,S2M
77,PZ,67,-1.048,S2M
77,PZ,68,-0.559,S2M
77,PZ,69,-0.559,S2M
77,PZ,70,-0.071,S2M
77,PZ,71,0.417,S2M
77,PZ,72,0.905,S2M
77,PZ,73,1.882,S2M
77,PZ,74,3.347,S2M
77,PZ,75,4.323,S2M
77,PZ,76,4.812,S2M
77,PZ,77,4.812,S2M
77,PZ,78,4.323,S2M
77,PZ,79,3.347,S2M
77,PZ,80,2.370,S2M
77,PZ,81,1.394,S2M
77,PZ,82,0.417,S2M
77,PZ,83,-0.559,S2M
77,PZ,84,-1.536,S2M
77,PZ,85,-2.513,S2M
77,PZ,86,-3.977,S2M
77,PZ,87,-4.954,S2M
77,PZ,88,-5.442,S2M
77,PZ,89,-5.442,S2M
77,PZ,90,-4.466,S2M
77,PZ,91,-2.513,S2M
77,PZ,92,-0.071,S2M
77,PZ,93,2.858,S2M
77,PZ,94,5.300,S2M
77,PZ,95,7.253,S2M
77,PZ,96,8.230,S2M
77,PZ,97,8.230,S2M
77,PZ,98,8.230,S2M
77,PZ,99,7.253,S2M
77,PZ,100,7.253,S2M
77,PZ,101,6.765,S2M
77,PZ,102,6.765,S2M
77,PZ,103,6.276,S2M
77,PZ,104,4.323,S2M
77,PZ,105,1.394,S2M
77,PZ,106,-1.048,S2M
77,PZ,107,-2.513,S2M
77,PZ,108,-3.001,S2M
77,PZ,109,-3.001,S2M
77,PZ,110,-3.489,S2M
77,PZ,111,-3.977,S2M
77,PZ,112,-5.442,S2M
77,PZ,113,-6.419,S2M
77,PZ,114,-5.931,S2M
77,PZ,115,-4.466,S2M
77,PZ,116,-2.513,S2M
77,PZ,117,-0.071,S2M
77,PZ,118,0.905,S2M
77,PZ,119,1.882,S2M
77,PZ,120,2.858,S2M
77,PZ,121,3.835,S2M
77,PZ,122,5.300,S2M
77,PZ,123,6.765,S2M
77,PZ,124,8.230,S2M
77,PZ,125,8.718,S2M
77,PZ,126,8.230,S2M
77,PZ,127,7.253,S2M
77,PZ,128,6.276,S2M
77,PZ,129,4.323,S2M
77,PZ,130,1.882,S2M
77,PZ,131,-1.048,S2M
77,PZ,132,-3.489,S2M
77,PZ,133,-5.442,S2M
77,PZ,134,-6.419,S2M
77,PZ,135,-6.907,S2M
77,PZ,136,-6.419,S2M
77,PZ,137,-5.931,S2M
77,PZ,138,-5.931,S2M
77,PZ,139,-5.442,S2M
77,PZ,140,-4.954,S2M
77,PZ,141,-3.977,S2M
77,PZ,142,-3.001,S2M
77,PZ,143,-1.536,S2M
77,PZ,144,-0.559,S2M
77,PZ,145,0.417,S2M
77,PZ,146,1.882,S2M
77,PZ,147,3.347,S2M
77,PZ,148,4.323,S2M
77,PZ,149,4.812,S2M
77,PZ,150,4.812,S2M
77,PZ,151,3.347,S2M
77,PZ,152,2.370,S2M
77,PZ,153,0.905,S2M
77,PZ,154,-1.048,S2M
77,PZ,155,-2.513,S2M
77,PZ,156,-3.977,S2M
77,PZ,157,-4.954,S2M
77,PZ,158,-5.442,S2M
77,PZ,159,-4.954,S2M
77,PZ,160,-4.466,S2M
77,PZ,161,-3.977,S2M
77,PZ,162,-3.977,S2M
77,PZ,163,-4.466,S2M
77,PZ,164,-3.489,S2M
77,PZ,165,-2.513,S2M
77,PZ,166,-0.559,S2M
77,PZ,167,0.905,S2M
77,PZ,168,2.370,S2M
77,PZ,169,3.347,S2M
77,PZ,170,3.835,S2M
77,PZ,171,4.812,S2M
77,PZ,172,5.788,S2M
77,PZ,173,6.276,S2M
77,PZ,174,6.765,S2M
77,PZ,175,6.765,S2M
77,PZ,176,6.276,S2M
77,PZ,177,5.788,S2M
77,PZ,178,4.812,S2M
77,PZ,179,3.347,S2M
77,PZ,180,0.905,S2M
77,PZ,181,-1.536,S2M
77,PZ,182,-3.977,S2M
77,PZ,183,-5.931,S2M
77,PZ,184,-6.907,S2M
77,PZ,185,-6.907,S2M
77,PZ,186,-6.907,S2M
77,PZ,187,-6.419,S2M
77,PZ,188,-5.442,S2M
77,PZ,189,-4.466,S2M
77,PZ,190,-3.001,S2M
77,PZ,191,-2.024,S2M
77,PZ,192,-2.024,S2M
77,PZ,193,-3.001,S2M
77,PZ,194,-4.466,S2M
77,PZ,195,-4.466,S2M
77,PZ,196,-3.977,S2M
77,PZ,197,-1.536,S2M
77,PZ,198,0.417,S2M
77,PZ,199,1.882,S2M
77,PZ,200,2.858,S2M
77,PZ,201,2.370,S2M
77,PZ,202,1.882,S2M
77,PZ,203,2.370,S2M
77,PZ,204,3.347,S2M
77,PZ,205,3.835,S2M
77,PZ,206,3.835,S2M
77,PZ,207,2.858,S2M
77,PZ,208,0.905,S2M
77,PZ,209,-1.536,S2M
77,PZ,210,-3.489,S2M
77,PZ,211,-4.954,S2M
77,PZ,212,-4.954,S2M
77,PZ,213,-4.466,S2M
77,PZ,214,-3.489,S2M
77,PZ,215,-2.024,S2M
77,PZ,216,-1.048,S2M
77,PZ,217,-0.071,S2M
77,PZ,218,0.905,S2M
77,PZ,219,0.905,S2M
77,PZ,220,1.394,S2M
77,PZ,221,1.394,S2M
77,PZ,222,0.417,S2M
77,PZ,223,0.417,S2M
77,PZ,224,-0.071,S2M
77,PZ,225,0.417,S2M
77,PZ,226,0.417,S2M
77,PZ,227,0.417,S2M
77,PZ,228,0.417,S2M
77,PZ,229,-0.071,S2M
77,PZ,230,-1.048,S2M
77,PZ,231,-2.024,S2M
77,PZ,232,-3.001,S2M
77,PZ,233,-3.489,S2M
77,PZ,234,-3.489,S2M
77,PZ,235,-3.001,S2M
77,PZ,236,-2.024,S2M
77,PZ,237,-1.536,S2M
77,PZ,238,-2.024,S2M
77,PZ,239,-3.001,S2M
77,PZ,240,-4.466,S2M
77,PZ,241,-5.442,S2M
77,PZ,242,-5.931,S2M
77,PZ,243,-5.442,S2M
77,PZ,244,-5.442,S2M
77,PZ,245,-5.442,S2M
77,PZ,246,-6.419,S2M
77,PZ,247,-7.395,S2M
77,PZ,248,-7.395,S2M
77,PZ,249,-6.419,S2M
77,PZ,250,-4.954,S2M
77,PZ,251,-3.977,S2M
77,PZ,252,-4.466,S2M
77,PZ,253,-5.442,S2M
77,PZ,254,-6.419,S2M
77,PZ,255,-6.907,S2M
77,P8,0,2.289,S2M
77,P8,1,1.801,S2M
77,P8,2,2.289,S2M
77,P8,3,3.265,S2M
77,P8,4,4.730,S2M
77,P8,5,6.195,S2M
77,P8,6,7.660,S2M
77,P8,7,9.613,S2M
77,P8,8,10.590,S2M
77,P8,9,11.566,S2M
77,P8,10,13.031,S2M
77,P8,11,14.496,S2M
77,P8,12,16.937,S2M
77,P8,13,19.867,S2M
77,P8,14,21.332,S2M
77,P8,15,21.332,S2M
77,P8,16,19.379,S2M
77,P8,17,17.426,S2M
77,P8,18,15.472,S2M
77,P8,19,15.472,S2M
77,P8,20,15.961,S2M
77,P8,21,16.449,S2M
77,P8,22,15.472,S2M
77,P8,23,12.543,S2M
77,P8,24,7.660,S2M
77,P8,25,2.289,S2M
77,P8,26,-2.594,S2M
77,P8,27,-5.035,S2M
77,P8,28,-6.012,S2M
77,P8,29,-6.012,S2M
77,P8,30,-5.524,S2M
77,P8,31,-5.524,S2M
77,P8,32,-5.524,S2M
77,P8,33,-4.547,S2M
77,P8,34,-2.106,S2M
77,P8,35,1.312,S2M
77,P8,36,4.242,S2M
77,P8,37,6.195,S2M
77,P8,38,7.172,S2M
77,P8,39,6.683,S2M
77,P8,40,6.195,S2M
77,P8,41,5.707,S2M
77,P8,42,5.219,S2M
77,P8,43,4.730,S2M
77,P8,44,3.265,S2M
77,P8,45,1.312,S2M
77,P8,46,-1.617,S2M
77,P8,47,-4.547,S2M
77,P8,48,-6.500,S2M
77,P8,49,-7.477,S2M
77,P8,50,-6.989,S2M
77,P8,51,-4.547,S2M
77,P8,52,-2.594,S2M
77,P8,53,-1.129,S2M
77,P8,54,-2.594,S2M
77,P8,55,-5.035,S2M
77,P8,56,-7.477,S2M
77,P8,57,-7.477,S2M
77,P8,58,-4.547,S2M
77,P8,59,-0.641,S2M
77,P8,60,2.777,S2M
77,P8,61,5.219,S2M
77,P8,62,6.195,S2M
77,P8,63,6.195,S2M
77,P8,64,6.195,S2M
77,P8,65,6.195,S2M
77,P8,66,4.730,S2M
77,P8,67,1.801,S2M
77,P8,68,-2.106,S2M
77,P8,69,-6.500,S2M
77,P8,70,-9.430,S2M
77,P8,71,-10.895,S2M
77,P8,72,-11.383,S2M
77,P8,73,-11.383,S2M
77,P8,74,-10.895,S2M
77,P8,75,-10.895,S2M
77,P8,76,-10.895,S2M
77,P8,77,-9.918,S2M
77,P8,78,-8.453,S2M
77,P8,79,-6.500,S2M
77,P8,80,-5.035,S2M
77,P8,81,-4.547,S2M
77,P8,82,-3.571,S2M
77,P8,83,-2.594,S2M
77,P8,84,-2.106,S2M
77,P8,85,-1.129,S2M
77,P8,86,-0.641,S2M
77,P8,87,-1.129,S2M
77,P8,88,-1.617,S2M
77,P8,89,-2.106,S2M
77,P8,90,-3.082,S2M
77,P8,91,-3.082,S2M
77,P8,92,-3.082,S2M
77,P8,93,-2.594,S2M
77,P8,94,-2.106,S2M
77,P8,95,-1.617,S2M
77,P8,96,-2.106,S2M
77,P8,97,-3.571,S2M
77,P8,98,-6.012,S2M
77,P8,99,-7.965,S2M
77,P8,100,-8.942,S2M
77,P8,101,-7.965,S2M
77,P8,102,-6.012,S2M
77,P8,103,-4.059,S2M
77,P8,104,-4.059,S2M
77,P8,105,-5.524,S2M
77,P8,106,-7.965,S2M
77,P8,107,-9.430,S2M
77,P8,108,-9.430,S2M
77,P8,109,-7.477,S2M
77,P8,110,-4.547,S2M
77,P8,111,-2.106,S2M
77,P8,112,-0.641,S2M
77,P8,113,1.312,S2M
77,P8,114,3.265,S2M
77,P8,115,4.730,S2M
77,P8,116,6.195,S2M
77,P8,117,6.195,S2M
77,P8,118,4.730,S2M
77,P8,119,2.289,S2M
77,P8,120,0.336,S2M
77,P8,121,-1.129,S2M
77,P8,122,-1.617,S2M
77,P8,123,-2.106,S2M
77,P8,124,-3.082,S2M
77,P8,125,-4.547,S2M
77,P8,126,-5.524,S2M
77,P8,127,-5.524,S2M
77,P8,128,-4.547,S2M
77,P8,129,-4.059,S2M
77,P8,130,-4.059,S2M
77,P8,131,-4.547,S2M
77,P8,132,-6.500,S2M
77,P8,133,-6.989,S2M
77,P8,134,-6.012,S2M
77,P8,135,-4.059,S2M
77,P8,136,-1.617,S2M
77,P8,137,-0.153,S2M
77,P8,138,0.824,S2M
77,P8,139,0.824,S2M
77,P8,140,1.312,S2M
77,P8,141,1.801,S2M
77,P8,142,2.289,S2M
77,P8,143,1.312,S2M
77,P8,144,-1.129,S2M
77,P8,145,-5.035,S2M
77,P8,146,-8.453,S2M
77,P8,147,-10.406,S2M
77,P8,148,-11.383,S2M
77,P8,149,-11.383,S2M
77,P8,150,-11.383,S2M
77,P8,151,-11.383,S2M
77,P8,152,-11.871,S2M
77,P8,153,-11.383,S2M
77,P8,154,-10.895,S2M
77,P8,155,-10.895,S2M
77,P8,156,-10.895,S2M
77,P8,157,-10.895,S2M
77,P8,158,-9.430,S2M
77,P8,159,-6.500,S2M
77,P8,160,-2.594,S2M
77,P8,161,1.312,S2M
77,P8,162,3.754,S2M
77,P8,163,5.219,S2M
77,P8,164,5.219,S2M
77,P8,165,5.707,S2M
77,P8,166,6.195,S2M
77,P8,167,5.707,S2M
77,P8,168,4.242,S2M
77,P8,169,2.289,S2M
77,P8,170,-0.641,S2M
77,P8,171,-2.594,S2M
77,P8,172,-3.082,S2M
77,P8,173,-3.082,S2M
77,P8,174,-2.594,S2M
77,P8,175,-2.594,S2M
77,P8,176,-3.571,S2M
77,P8,177,-3.571,S2M
77,P8,178,-4.059,S2M
77,P8,179,-4.547,S2M
77,P8,180,-4.547,S2M
77,P8,181,-6.012,S2M
77,P8,182,-6.500,S2M
77,P8,183,-6.500,S2M
77,P8,184,-5.035,S2M
77,P8,185,-3.082,S2M
77,P8,186,-1.129,S2M
77,P8,187,0.336,S2M
77,P8,188,2.289,S2M
77,P8,189,3.265,S2M
77,P8,190,3.754,S2M
77,P8,191,2.777,S2M
77,P8,192,-0.641,S2M
77,P8,193,-5.035,S2M
77,P8,194,-9.918,S2M
77,P8,195,-12.360,S2M
77,P8,196,-12.848,S2M
77,P8,197,-10.895,S2M
77,P8,198,-8.942,S2M
77,P8,199,-7.965,S2M
77,P8,200,-7.965,S2M
77,P8,201,-8.453,S2M
77,P8,202,-7.477,S2M
77,P8,203,-5.524,S2M
77,P8,204,-3.571,S2M
77,P8,205,-1.617,S2M
77,P8,206,-1.129,S2M
77,P8,207,-1.617,S2M
77,P8,208,-2.594,S2M
77,P8,209,-3.082,S2M
77,P8,210,-4.059,S2M
77,P8,211,-4.547,S2M
77,P8,212,-5.035,S2M
77,P8,213,-4.059,S2M
77,P8,214,-2.594,S2M
77,P8,215,-0.153,S2M
77,P8,216,1.801,S2M
77,P8,217,3.265,S2M
77,P8,218,3.754,S2M
77,P8,219,2.777,S2M
77,P8,220,1.312,S2M
77,P8,221,-0.153,S2M
77,P8,222,-1.129,S2M
77,P8,223,-1.617,S2M
77,P8,224,-1.129,S2M
77,P8,225,0.336,S2M
77,P8,226,1.312,S2M
77,P8,227,1.801,S2M
77,P8,228,1.312,S2M
77,P8,229,-0.641,S2M
77,P8,230,-2.106,S2M
77,P8,231,-2.594,S2M
77,P8,232,-1.129,S2M
77,P8,233,0.824,S2M
77,P8,234,3.265,S2M
77,P8,235,4.730,S2M
77,P8,236,5.707,S2M
77,P8,237,6.683,S2M
77,P8,238,7.660,S2M
77,P8,239,8.636,S2M
77,P8,240,8.636,S2M
77,P8,241,8.148,S2M
77,P8,242,6.195,S2M
77,P8,243,4.242,S2M
77,P8,244,2.777,S2M
77,P8,245,1.312,S2M
77,P8,246,0.336,S2M
77,P8,247,-1.129,S2M
77,P8,248,-2.594,S2M
77,P8,249,-3.082,S2M
77,P8,250,-3.082,S2M
77,P8,251,-1.617,S2M
77,P8,252,-0.153,S2M
77,P8,253,0.824,S2M
77,P8,254,0.336,S2M
77,P8,255,-0.153,S2M
77,P7,0,8.870,S2M
77,P7,1,7.894,S2M
77,P7,2,8.870,S2M
77,P7,3,12.288,S2M
77,P7,4,15.218,S2M
77,P7,5,16.195,S2M
77,P7,6,16.683,S2M
77,P7,7,16.195,S2M
77,P7,8,16.195,S2M
77,P7,9,16.683,S2M
77,P7,10,16.683,S2M
77,P7,11,15.706,S2M
77,P7,12,13.265,S2M
77,P7,13,8.870,S2M
77,P7,14,6.429,S2M
77,P7,15,4.964,S2M
77,P7,16,5.452,S2M
77,P7,17,6.429,S2M
77,P7,18,8.382,S2M
77,P7,19,9.847,S2M
77,P7,20,11.312,S2M
77,P7,21,11.312,S2M
77,P7,22,10.335,S2M
77,P7,23,7.406,S2M
77,P7,24,3.499,S2M
77,P7,25,-0.895,S2M
77,P7,26,-4.313,S2M
77,P7,27,-5.290,S2M
77,P7,28,-5.778,S2M
77,P7,29,-5.290,S2M
77,P7,30,-5.290,S2M
77,P7,31,-4.313,S2M
77,P7,32,-3.337,S2M
77,P7,33,-0.407,S2M
77,P7,34,2.523,S2M
77,P7,35,4.964,S2M
77,P7,36,5.941,S2M
77,P7,37,5.452,S2M
77,P7,38,3.988,S2M
77,P7,39,2.523,S2M
77,P7,40,1.546,S2M
77,P7,41,1.058,S2M
77,P7,42,0.081,S2M
77,P7,43,-1.872,S2M
77,P7,44,-3.337,S2M
77,P7,45,-4.801,S2M
77,P7,46,-5.778,S2M
77,P7,47,-6.266,S2M
77,P7,48,-6.266,S2M
77,P7,49,-6.755,S2M
77,P7,50,-7.243,S2M
77,P7,51,-7.243,S2M
77,P7,52,-6.755,S2M
77,P7,53,-5.290,S2M
77,P7,54,-4.313,S2M
77,P7,55,-3.337,S2M
77,P7,56,-3.337,S2M
77,P7,57,-3.825,S2M
77,P7,58,-3.825,S2M
77,P7,59,-2.848,S2M
77,P7,60,-1.383,S2M
77,P7,61,0.081,S2M
77,P7,62,1.058,S2M
77,P7,63,1.546,S2M
77,P7,64,1.058,S2M
77,P7,65,1.058,S2M
77,P7,66,1.058,S2M
77,P7,67,1.058,S2M
77,P7,68,0.570,S2M
77,P7,69,-1.383,S2M
77,P7,70,-4.313,S2M
77,P7,71,-7.243,S2M
77,P7,72,-9.196,S2M
77,P7,73,-9.684,S2M
77,P7,74,-9.196,S2M
77,P7,75,-8.708,S2M
77,P7,76,-8.708,S2M
77,P7,77,-9.684,S2M
77,P7,78,-10.661,S2M
77,P7,79,-11.637,S2M
77,P7,80,-11.149,S2M
77,P7,81,-10.661,S2M
77,P7,82,-10.173,S2M
77,P7,83,-9.684,S2M
77,P7,84,-9.196,S2M
77,P7,85,-8.708,S2M
77,P7,86,-8.708,S2M
77,P7,87,-7.731,S2M
77,P7,88,-6.755,S2M
77,P7,89,-5.290,S2M
77,P7,90,-3.337,S2M
77,P7,91,-1.383,S2M
77,P7,92,0.570,S2M
77,P7,93,1.546,S2M
77,P7,94,1.546,S2M
77,P7,95,0.081,S2M
77,P7,96,-0.895,S2M
77,P7,97,-2.360,S2M
77,P7,98,-3.825,S2M
77,P7,99,-4.801,S2M
77,P7,100,-4.801,S2M
77,P7,101,-4.801,S2M
77,P7,102,-4.801,S2M
77,P7,103,-5.290,S2M
77,P7,104,-7.243,S2M
77,P7,105,-8.708,S2M
77,P7,106,-10.173,S2M
77,P7,107,-10.173,S2M
77,P7,108,-9.684,S2M
77,P7,109,-9.196,S2M
77,P7,110,-8.708,S2M
77,P7,111,-8.708,S2M
77,P7,112,-9.684,S2M
77,P7,113,-9.684,S2M
77,P7,114,-7.731,S2M
77,P7,115,-4.801,S2M
77,P7,116,-1.872,S2M
77,P7,117,0.570,S2M
77,P7,118,1.058,S2M
77,P7,119,0.081,S2M
77,P7,120,-1.872,S2M
77,P7,121,-3.825,S2M
77,P7,122,-4.801,S2M
77,P7,123,-4.801,S2M
77,P7,124,-4.801,S2M
77,P7,125,-5.290,S2M
77,P7,126,-6.266,S2M
77,P7,127,-7.243,S2M
77,P7,128,-9.196,S2M
77,P7,129,-11.149,S2M
77,P7,130,-13.102,S2M
77,P7,131,-15.544,S2M
77,P7,132,-17.008,S2M
77,P7,133,-17.008,S2M
77,P7,134,-16.032,S2M
77,P7,135,-14.567,S2M
77,P7,136,-12.614,S2M
77,P7,137,-11.637,S2M
77,P7,138,-11.149,S2M
77,P7,139,-11.149,S2M
77,P7,140,-11.637,S2M
77,P7,141,-11.637,S2M
77,P7,142,-11.637,S2M
77,P7,143,-11.149,S2M
77,P7,144,-10.173,S2M
77,P7,145,-8.708,S2M
77,P7,146,-7.731,S2M
77,P7,147,-7.731,S2M
77,P7,148,-8.708,S2M
77,P7,149,-10.173,S2M
77,P7,150,-12.614,S2M
77,P7,151,-14.079,S2M
77,P7,152,-16.032,S2M
77,P7,153,-17.985,S2M
77,P7,154,-21.403,S2M
77,P7,155,-25.309,S2M
77,P7,156,-27.751,S2M
77,P7,157,-28.727,S2M
77,P7,158,-27.262,S2M
77,P7,159,-24.821,S2M
77,P7,160,-22.380,S2M
77,P7,161,-21.891,S2M
77,P7,162,-22.380,S2M
77,P7,163,-23.356,S2M
77,P7,164,-22.380,S2M
77,P7,165,-19.938,S2M
77,P7,166,-16.520,S2M
77,P7,167,-13.590,S2M
77,P7,168,-12.126,S2M
77,P7,169,-11.637,S2M
77,P7,170,-10.661,S2M
77,P7,171,-9.196,S2M
77,P7,172,-7.731,S2M
77,P7,173,-6.755,S2M
77,P7,174,-6.266,S2M
77,P7,175,-7.243,S2M
77,P7,176,-8.219,S2M
77,P7,177,-9.196,S2M
77,P7,178,-10.173,S2M
77,P7,179,-11.149,S2M
77,P7,180,-12.126,S2M
77,P7,181,-14.079,S2M
77,P7,182,-16.520,S2M
77,P7,183,-18.962,S2M
77,P7,184,-20.915,S2M
77,P7,185,-22.868,S2M
77,P7,186,-23.356,S2M
77,P7,187,-23.356,S2M
77,P7,188,-22.868,S2M
77,P7,189,-21.891,S2M
77,P7,190,-22.380,S2M
77,P7,191,-24.333,S2M
77,P7,192,-26.774,S2M
77,P7,193,-28.727,S2M
77,P7,194,-29.215,S2M
77,P7,195,-26.774,S2M
77,P7,196,-22.868,S2M
77,P7,197,-17.985,S2M
77,P7,198,-14.079,S2M
77,P7,199,-11.637,S2M
77,P7,200,-11.149,S2M
77,P7,201,-11.149,S2M
77,P7,202,-11.149,S2M
77,P7,203,-10.661,S2M
77,P7,204,-10.173,S2M
77,P7,205,-10.661,S2M
77,P7,206,-11.637,S2M
77,P7,207,-14.567,S2M
77,P7,208,-17.985,S2M
77,P7,209,-21.891,S2M
77,P7,210,-25.309,S2M
77,P7,211,-26.774,S2M
77,P7,212,-26.774,S2M
77,P7,213,-25.798,S2M
77,P7,214,-24.821,S2M
77,P7,215,-23.356,S2M
77,P7,216,-22.380,S2M
77,P7,217,-21.891,S2M
77,P7,218,-21.403,S2M
77,P7,219,-21.403,S2M
77,P7,220,-21.891,S2M
77,P7,221,-22.380,S2M
77,P7,222,-22.380,S2M
77,P7,223,-21.891,S2M
77,P7,224,-20.426,S2M
77,P7,225,-18.473,S2M
77,P7,226,-16.520,S2M
77,P7,227,-16.032,S2M
77,P7,228,-17.008,S2M
77,P7,229,-18.962,S2M
77,P7,230,-20.915,S2M
77,P7,231,-23.356,S2M
77,P7,232,-25.798,S2M
77,P7,233,-27.751,S2M
77,P7,234,-28.727,S2M
77,P7,235,-27.751,S2M
77,P7,236,-26.286,S2M
77,P7,237,-23.844,S2M
77,P7,238,-22.868,S2M
77,P7,239,-23.356,S2M
77,P7,240,-25.309,S2M
77,P7,241,-26.286,S2M
77,P7,242,-26.286,S2M
77,P7,243,-25.309,S2M
77,P7,244,-23.356,S2M
77,P7,245,-22.380,S2M
77,P7,246,-22.380,S2M
77,P7,247,-21.891,S2M
77,P7,248,-21.403,S2M
77,P7,249,-20.426,S2M
77,P7,250,-19.450,S2M
77,P7,251,-19.450,S2M
77,P7,252,-20.426,S2M
77,P7,253,-21.403,S2M
77,P7,254,-21.403,S2M
77,P7,255,-20.915,S2M
77,PO2,0,-10.874,S2M
77,PO2,1,-6.480,S2M
77,PO2,2,-0.621,S2M
77,PO2,3,3.774,S2M
77,PO2,4,6.704,S2M
77,PO2,5,7.680,S2M
77,PO2,6,8.657,S2M
77,PO2,7,10.610,S2M
77,PO2,8,14.516,S2M
77,PO2,9,17.934,S2M
77,PO2,10,20.864,S2M
77,PO2,11,21.840,S2M
77,PO2,12,22.329,S2M
77,PO2,13,22.329,S2M
77,PO2,14,21.352,S2M
77,PO2,15,17.446,S2M
77,PO2,16,11.098,S2M
77,PO2,17,3.286,S2M
77,PO2,18,-2.085,S2M
77,PO2,19,-4.038,S2M
77,PO2,20,-3.550,S2M
77,PO2,21,-4.527,S2M
77,PO2,22,-7.945,S2M
77,PO2,23,-14.292,S2M
77,PO2,24,-19.175,S2M
77,PO2,25,-21.617,S2M
77,PO2,26,-19.663,S2M
77,PO2,27,-16.734,S2M
77,PO2,28,-13.804,S2M
77,PO2,29,-12.339,S2M
77,PO2,30,-9.898,S2M
77,PO2,31,-5.503,S2M
77,PO2,32,0.356,S2M
77,PO2,33,4.751,S2M
77,PO2,34,5.239,S2M
77,PO2,35,2.309,S2M
77,PO2,36,-1.597,S2M
77,PO2,37,-3.550,S2M
77,PO2,38,-2.085,S2M
77,PO2,39,0.844,S2M
77,PO2,40,2.309,S2M
77,PO2,41,0.356,S2M
77,PO2,42,-2.574,S2M
77,PO2,43,-5.015,S2M
77,PO2,44,-5.015,S2M
77,PO2,45,-3.550,S2M
77,PO2,46,-2.574,S2M
77,PO2,47,-4.038,S2M
77,PO2,48,-7.456,S2M
77,PO2,49,-11.363,S2M
77,PO2,50,-13.804,S2M
77,PO2,51,-12.828,S2M
77,PO2,52,-10.386,S2M
77,PO2,53,-7.945,S2M
77,PO2,54,-7.945,S2M
77,PO2,55,-9.898,S2M
77,PO2,56,-12.339,S2M
77,PO2,57,-11.363,S2M
77,PO2,58,-5.992,S2M
77,PO2,59,3.286,S2M
77,PO2,60,12.563,S2M
77,PO2,61,17.934,S2M
77,PO2,62,15.981,S2M
77,PO2,63,9.145,S2M
77,PO2,64,1.821,S2M
77,PO2,65,-2.085,S2M
77,PO2,66,-1.597,S2M
77,PO2,67,-0.621,S2M
77,PO2,68,-1.597,S2M
77,PO2,69,-5.503,S2M
77,PO2,70,-9.898,S2M
77,PO2,71,-12.339,S2M
77,PO2,72,-11.851,S2M
77,PO2,73,-10.874,S2M
77,PO2,74,-11.363,S2M
77,PO2,75,-14.292,S2M
77,PO2,76,-16.734,S2M
77,PO2,77,-15.269,S2M
77,PO2,78,-9.410,S2M
77,PO2,79,-2.085,S2M
77,PO2,80,2.309,S2M
77,PO2,81,2.309,S2M
77,PO2,82,-1.109,S2M
77,PO2,83,-2.574,S2M
77,PO2,84,-1.109,S2M
77,PO2,85,3.286,S2M
77,PO2,86,6.704,S2M
77,PO2,87,6.215,S2M
77,PO2,88,1.821,S2M
77,PO2,89,-3.062,S2M
77,PO2,90,-6.480,S2M
77,PO2,91,-7.945,S2M
77,PO2,92,-8.921,S2M
77,PO2,93,-10.874,S2M
77,PO2,94,-13.804,S2M
77,PO2,95,-17.710,S2M
77,PO2,96,-19.663,S2M
77,PO2,97,-21.128,S2M
77,PO2,98,-22.593,S2M
77,PO2,99,-24.546,S2M
77,PO2,100,-25.523,S2M
77,PO2,101,-25.035,S2M
77,PO2,102,-22.593,S2M
77,PO2,103,-18.199,S2M
77,PO2,104,-13.316,S2M
77,PO2,105,-9.410,S2M
77,PO2,106,-6.968,S2M
77,PO2,107,-5.992,S2M
77,PO2,108,-6.968,S2M
77,PO2,109,-7.945,S2M
77,PO2,110,-7.945,S2M
77,PO2,111,-6.480,S2M
77,PO2,112,-3.062,S2M
77,PO2,113,0.844,S2M
77,PO2,114,2.309,S2M
77,PO2,115,0.844,S2M
77,PO2,116,-3.062,S2M
77,PO2,117,-7.456,S2M
77,PO2,118,-9.898,S2M
77,PO2,119,-9.898,S2M
77,PO2,120,-8.921,S2M
77,PO2,121,-8.433,S2M
77,PO2,122,-8.921,S2M
77,PO2,123,-10.874,S2M
77,PO2,124,-12.828,S2M
77,PO2,125,-14.292,S2M
77,PO2,126,-14.292,S2M
77,PO2,127,-12.828,S2M
77,PO2,128,-9.410,S2M
77,PO2,129,-4.038,S2M
77,PO2,130,1.821,S2M
77,PO2,131,6.704,S2M
77,PO2,132,9.633,S2M
77,PO2,133,10.610,S2M
77,PO2,134,9.633,S2M
77,PO2,135,8.657,S2M
77,PO2,136,8.657,S2M
77,PO2,137,9.145,S2M
77,PO2,138,10.122,S2M
77,PO2,139,10.610,S2M
77,PO2,140,9.633,S2M
77,PO2,141,8.169,S2M
77,PO2,142,7.192,S2M
77,PO2,143,7.192,S2M
77,PO2,144,7.192,S2M
77,PO2,145,5.727,S2M
77,PO2,146,1.821,S2M
77,PO2,147,-5.503,S2M
77,PO2,148,-13.804,S2M
77,PO2,149,-21.617,S2M
77,PO2,150,-25.035,S2M
77,PO2,151,-23.081,S2M
77,PO2,152,-16.246,S2M
77,PO2,153,-7.945,S2M
77,PO2,154,-1.109,S2M
77,PO2,155,1.821,S2M
77,PO2,156,1.333,S2M
77,PO2,157,-1.109,S2M
77,PO2,158,-2.574,S2M
77,PO2,159,-1.109,S2M
77,PO2,160,2.797,S2M
77,PO2,161,5.727,S2M
77,PO2,162,5.727,S2M
77,PO2,163,2.309,S2M
77,PO2,164,-2.085,S2M
77,PO2,165,-5.992,S2M
77,PO2,166,-7.945,S2M
77,PO2,167,-7.456,S2M
77,PO2,168,-5.992,S2M
77,PO2,169,-4.038,S2M
77,PO2,170,-2.574,S2M
77,PO2,171,-1.597,S2M
77,PO2,172,-1.597,S2M
77,PO2,173,-2.574,S2M
77,PO2,174,-4.527,S2M
77,PO2,175,-7.456,S2M
77,PO2,176,-9.898,S2M
77,PO2,177,-10.386,S2M
77,PO2,178,-9.410,S2M
77,PO2,179,-7.945,S2M
77,PO2,180,-7.456,S2M
77,PO2,181,-8.433,S2M
77,PO2,182,-10.874,S2M
77,PO2,183,-13.316,S2M
77,PO2,184,-12.828,S2M
77,PO2,185,-8.921,S2M
77,PO2,186,-3.062,S2M
77,PO2,187,1.821,S2M
77,PO2,188,4.751,S2M
77,PO2,189,4.751,S2M
77,PO2,190,1.821,S2M
77,PO2,191,-0.621,S2M
77,PO2,192,-3.062,S2M
77,PO2,193,-4.527,S2M
77,PO2,194,-5.992,S2M
77,PO2,195,-7.945,S2M
77,PO2,196,-8.433,S2M
77,PO2,197,-6.968,S2M
77,PO2,198,-3.550,S2M
77,PO2,199,-0.132,S2M
77,PO2,200,1.821,S2M
77,PO2,201,1.333,S2M
77,PO2,202,-0.621,S2M
77,PO2,203,-2.574,S2M
77,PO2,204,-3.062,S2M
77,PO2,205,-2.574,S2M
77,PO2,206,-2.085,S2M
77,PO2,207,-2.574,S2M
77,PO2,208,-5.015,S2M
77,PO2,209,-7.456,S2M
77,PO2,210,-8.921,S2M
77,PO2,211,-9.410,S2M
77,PO2,212,-8.921,S2M
77,PO2,213,-7.945,S2M
77,PO2,214,-5.503,S2M
77,PO2,215,-2.085,S2M
77,PO2,216,2.797,S2M
77,PO2,217,7.680,S2M
77,PO2,218,9.633,S2M
77,PO2,219,8.657,S2M
77,PO2,220,4.262,S2M
77,PO2,221,0.356,S2M
77,PO2,222,-0.132,S2M
77,PO2,223,2.797,S2M
77,PO2,224,9.145,S2M
77,PO2,225,15.004,S2M
77,PO2,226,17.446,S2M
77,PO2,227,16.958,S2M
77,PO2,228,14.516,S2M
77,PO2,229,12.075,S2M
77,PO2,230,11.587,S2M
77,PO2,231,13.051,S2M
77,PO2,232,15.493,S2M
77,PO2,233,17.934,S2M
77,PO2,234,18.422,S2M
77,PO2,235,16.469,S2M
77,PO2,236,13.051,S2M
77,PO2,237,8.657,S2M
77,PO2,238,4.751,S2M
77,PO2,239,2.797,S2M
77,PO2,240,4.262,S2M
77,PO2,241,9.633,S2M
77,PO2,242,16.469,S2M
77,PO2,243,21.352,S2M
77,PO2,244,22.329,S2M
77,PO2,245,19.887,S2M
77,PO2,246,15.493,S2M
77,PO2,247,13.051,S2M
77,PO2,248,13.540,S2M
77,PO2,249,15.981,S2M
77,PO2,250,17.446,S2M
77,PO2,251,16.958,S2M
77,PO2,252,14.516,S2M
77,PO2,253,13.540,S2M
77,PO2,254,14.516,S2M
77,PO2,255,17.934,S2M
77,PO1,0,-11.709,S2M
77,PO1,1,-7.802,S2M
77,PO1,2,-1.943,S2M
77,PO1,3,3.428,S2M
77,PO1,4,6.358,S2M
77,PO1,5,5.870,S2M
77,PO1,6,4.405,S2M
77,PO1,7,3.916,S2M
77,PO1,8,5.870,S2M
77,PO1,9,9.288,S2M
77,PO1,10,13.682,S2M
77,PO1,11,16.612,S2M
77,PO1,12,17.588,S2M
77,PO1,13,17.100,S2M
77,PO1,14,15.635,S2M
77,PO1,15,11.729,S2M
77,PO1,16,5.381,S2M
77,PO1,17,-2.431,S2M
77,PO1,18,-7.802,S2M
77,PO1,19,-10.244,S2M
77,PO1,20,-9.267,S2M
77,PO1,21,-6.826,S2M
77,PO1,22,-5.361,S2M
77,PO1,23,-6.826,S2M
77,PO1,24,-9.755,S2M
77,PO1,25,-12.685,S2M
77,PO1,26,-13.662,S2M
77,PO1,27,-13.173,S2M
77,PO1,28,-11.709,S2M
77,PO1,29,-9.755,S2M
77,PO1,30,-6.826,S2M
77,PO1,31,-2.920,S2M
77,PO1,32,0.498,S2M
77,PO1,33,2.452,S2M
77,PO1,34,1.475,S2M
77,PO1,35,-1.943,S2M
77,PO1,36,-5.849,S2M
77,PO1,37,-6.826,S2M
77,PO1,38,-4.384,S2M
77,PO1,39,-0.478,S2M
77,PO1,40,2.940,S2M
77,PO1,41,3.916,S2M
77,PO1,42,1.475,S2M
77,PO1,43,-1.943,S2M
77,PO1,44,-4.873,S2M
77,PO1,45,-5.361,S2M
77,PO1,46,-4.873,S2M
77,PO1,47,-4.873,S2M
77,PO1,48,-5.849,S2M
77,PO1,49,-7.314,S2M
77,PO1,50,-9.267,S2M
77,PO1,51,-9.755,S2M
77,PO1,52,-8.779,S2M
77,PO1,53,-6.826,S2M
77,PO1,54,-4.873,S2M
77,PO1,55,-2.920,S2M
77,PO1,56,-0.966,S2M
77,PO1,57,0.987,S2M
77,PO1,58,3.916,S2M
77,PO1,59,6.846,S2M
77,PO1,60,8.311,S2M
77,PO1,61,8.799,S2M
77,PO1,62,7.823,S2M
77,PO1,63,6.358,S2M
77,PO1,64,5.381,S2M
77,PO1,65,5.870,S2M
77,PO1,66,5.870,S2M
77,PO1,67,4.405,S2M
77,PO1,68,0.987,S2M
77,PO1,69,-2.431,S2M
77,PO1,70,-5.361,S2M
77,PO1,71,-6.826,S2M
77,PO1,72,-6.826,S2M
77,PO1,73,-6.826,S2M
77,PO1,74,-8.291,S2M
77,PO1,75,-10.244,S2M
77,PO1,76,-10.732,S2M
77,PO1,77,-7.802,S2M
77,PO1,78,-0.966,S2M
77,PO1,79,6.846,S2M
77,PO1,80,12.217,S2M
77,PO1,81,13.194,S2M
77,PO1,82,11.241,S2M
77,PO1,83,7.823,S2M
77,PO1,84,5.870,S2M
77,PO1,85,5.381,S2M
77,PO1,86,5.381,S2M
77,PO1,87,4.405,S2M
77,PO1,88,1.963,S2M
77,PO1,89,-1.943,S2M
77,PO1,90,-4.873,S2M
77,PO1,91,-7.802,S2M
77,PO1,92,-9.755,S2M
77,PO1,93,-12.197,S2M
77,PO1,94,-14.638,S2M
77,PO1,95,-18.056,S2M
77,PO1,96,-22.451,S2M
77,PO1,97,-26.357,S2M
77,PO1,98,-29.287,S2M
77,PO1,99,-29.775,S2M
77,PO1,100,-28.310,S2M
77,PO1,101,-23.916,S2M
77,PO1,102,-18.056,S2M
77,PO1,103,-10.732,S2M
77,PO1,104,-3.896,S2M
77,PO1,105,0.987,S2M
77,PO1,106,1.963,S2M
77,PO1,107,-1.455,S2M
77,PO1,108,-6.826,S2M
77,PO1,109,-12.197,S2M
77,PO1,110,-13.173,S2M
77,PO1,111,-9.755,S2M
77,PO1,112,-3.408,S2M
77,PO1,113,0.987,S2M
77,PO1,114,1.475,S2M
77,PO1,115,-1.943,S2M
77,PO1,116,-6.337,S2M
77,PO1,117,-8.779,S2M
77,PO1,118,-9.267,S2M
77,PO1,119,-8.779,S2M
77,PO1,120,-8.779,S2M
77,PO1,121,-10.732,S2M
77,PO1,122,-12.685,S2M
77,PO1,123,-13.662,S2M
77,PO1,124,-13.662,S2M
77,PO1,125,-12.685,S2M
77,PO1,126,-12.197,S2M
77,PO1,127,-11.709,S2M
77,PO1,128,-10.244,S2M
77,PO1,129,-6.826,S2M
77,PO1,130,-1.455,S2M
77,PO1,131,3.428,S2M
77,PO1,132,7.334,S2M
77,PO1,133,8.799,S2M
77,PO1,134,9.288,S2M
77,PO1,135,8.311,S2M
77,PO1,136,8.311,S2M
77,PO1,137,7.823,S2M
77,PO1,138,7.334,S2M
77,PO1,139,6.846,S2M
77,PO1,140,5.870,S2M
77,PO1,141,6.358,S2M
77,PO1,142,6.846,S2M
77,PO1,143,7.823,S2M
77,PO1,144,6.358,S2M
77,PO1,145,2.452,S2M
77,PO1,146,-3.408,S2M
77,PO1,147,-10.244,S2M
77,PO1,148,-15.615,S2M
77,PO1,149,-19.033,S2M
77,PO1,150,-20.498,S2M
77,PO1,151,-18.545,S2M
77,PO1,152,-15.127,S2M
77,PO1,153,-10.732,S2M
77,PO1,154,-6.337,S2M
77,PO1,155,-3.896,S2M
77,PO1,156,-2.920,S2M
77,PO1,157,-3.408,S2M
77,PO1,158,-3.408,S2M
77,PO1,159,-1.943,S2M
77,PO1,160,0.498,S2M
77,PO1,161,1.475,S2M
77,PO1,162,0.987,S2M
77,PO1,163,-2.431,S2M
77,PO1,164,-5.849,S2M
77,PO1,165,-8.291,S2M
77,PO1,166,-9.267,S2M
77,PO1,167,-8.779,S2M
77,PO1,168,-7.802,S2M
77,PO1,169,-7.802,S2M
77,PO1,170,-8.291,S2M
77,PO1,171,-8.779,S2M
77,PO1,172,-9.267,S2M
77,PO1,173,-9.755,S2M
77,PO1,174,-10.732,S2M
77,PO1,175,-11.709,S2M
77,PO1,176,-11.709,S2M
77,PO1,177,-11.220,S2M
77,PO1,178,-9.267,S2M
77,PO1,179,-6.337,S2M
77,PO1,180,-3.408,S2M
77,PO1,181,-1.455,S2M
77,PO1,182,0.010,S2M
77,PO1,183,0.010,S2M
77,PO1,184,0.010,S2M
77,PO1,185,0.010,S2M
77,PO1,186,0.498,S2M
77,PO1,187,0.987,S2M
77,PO1,188,0.987,S2M
77,PO1,189,0.498,S2M
77,PO1,190,-0.966,S2M
77,PO1,191,-2.920,S2M
77,PO1,192,-5.361,S2M
77,PO1,193,-7.802,S2M
77,PO1,194,-9.755,S2M
77,PO1,195,-9.755,S2M
77,PO1,196,-8.291,S2M
77,PO1,197,-5.361,S2M
77,PO1,198,-2.431,S2M
77,PO1,199,-0.478,S2M
77,PO1,200,-0.966,S2M
77,PO1,201,-2.920,S2M
77,PO1,202,-4.384,S2M
77,PO1,203,-4.873,S2M
77,PO1,204,-2.920,S2M
77,PO1,205,-0.966,S2M
77,PO1,206,0.498,S2M
77,PO1,207,0.010,S2M
77,PO1,208,-1.455,S2M
77,PO1,209,-2.920,S2M
77,PO1,210,-3.408,S2M
77,PO1,211,-1.943,S2M
77,PO1,212,-0.478,S2M
77,PO1,213,0.987,S2M
77,PO1,214,1.963,S2M
77,PO1,215,2.452,S2M
77,PO1,216,2.940,S2M
77,PO1,217,2.452,S2M
77,PO1,218,0.987,S2M
77,PO1,219,0.010,S2M
77,PO1,220,-0.966,S2M
77,PO1,221,0.498,S2M
77,PO1,222,3.916,S2M
77,PO1,223,8.311,S2M
77,PO1,224,12.217,S2M
77,PO1,225,14.659,S2M
77,PO1,226,15.635,S2M
77,PO1,227,16.612,S2M
77,PO1,228,18.077,S2M
77,PO1,229,19.053,S2M
77,PO1,230,19.053,S2M
77,PO1,231,17.588,S2M
77,PO1,232,15.635,S2M
77,PO1,233,14.659,S2M
77,PO1,234,15.147,S2M
77,PO1,235,16.612,S2M
77,PO1,236,17.588,S2M
77,PO1,237,17.588,S2M
77,PO1,238,16.123,S2M
77,PO1,239,15.635,S2M
77,PO1,240,17.100,S2M
77,PO1,241,20.030,S2M
77,PO1,242,22.471,S2M
77,PO1,243,21.983,S2M
77,PO1,244,18.077,S2M
77,PO1,245,13.194,S2M
77,PO1,246,9.776,S2M
77,PO1,247,9.776,S2M
77,PO1,248,12.705,S2M
77,PO1,249,15.147,S2M
77,PO1,250,16.123,S2M
77,PO1,251,14.659,S2M
77,PO1,252,12.705,S2M
77,PO1,253,12.217,S2M
77,PO1,254,12.705,S2M
77,PO1,255,13.682,S2M
77,O2,0,-11.454,S2M
77,O2,1,-7.060,S2M
77,O2,2,-1.689,S2M
77,O2,3,2.218,S2M
77,O2,4,3.194,S2M
77,O2,5,1.241,S2M
77,O2,6,-1.200,S2M
77,O2,7,-1.200,S2M
77,O2,8,2.218,S2M
77,O2,9,8.077,S2M
77,O2,10,13.936,S2M
77,O2,11,18.819,S2M
77,O2,12,22.725,S2M
77,O2,13,24.679,S2M
77,O2,14,24.190,S2M
77,O2,15,20.284,S2M
77,O2,16,12.472,S2M
77,O2,17,4.171,S2M
77,O2,18,-1.200,S2M
77,O2,19,-0.712,S2M
77,O2,20,2.706,S2M
77,O2,21,6.124,S2M
77,O2,22,4.659,S2M
77,O2,23,0.264,S2M
77,O2,24,-4.130,S2M
77,O2,25,-6.083,S2M
77,O2,26,-4.618,S2M
77,O2,27,-1.689,S2M
77,O2,28,-0.712,S2M
77,O2,29,-1.689,S2M
77,O2,30,-3.642,S2M
77,O2,31,-3.153,S2M
77,O2,32,-0.712,S2M
77,O2,33,1.241,S2M
77,O2,34,0.264,S2M
77,O2,35,-3.642,S2M
77,O2,36,-7.548,S2M
77,O2,37,-9.013,S2M
77,O2,38,-5.595,S2M
77,O2,39,-0.712,S2M
77,O2,40,3.194,S2M
77,O2,41,4.171,S2M
77,O2,42,2.706,S2M
77,O2,43,0.753,S2M
77,O2,44,1.241,S2M
77,O2,45,3.194,S2M
77,O2,46,6.124,S2M
77,O2,47,6.612,S2M
77,O2,48,4.659,S2M
77,O2,49,-0.224,S2M
77,O2,50,-5.595,S2M
77,O2,51,-9.501,S2M
77,O2,52,-10.478,S2M
77,O2,53,-6.571,S2M
77,O2,54,0.264,S2M
77,O2,55,7.589,S2M
77,O2,56,13.448,S2M
77,O2,57,15.889,S2M
77,O2,58,15.401,S2M
77,O2,59,13.936,S2M
77,O2,60,12.472,S2M
77,O2,61,11.983,S2M
77,O2,62,11.495,S2M
77,O2,63,10.518,S2M
77,O2,64,8.077,S2M
77,O2,65,4.659,S2M
77,O2,66,1.241,S2M
77,O2,67,-1.689,S2M
77,O2,68,-4.618,S2M
77,O2,69,-7.060,S2M
77,O2,70,-8.525,S2M
77,O2,71,-8.525,S2M
77,O2,72,-7.548,S2M
77,O2,73,-8.036,S2M
77,O2,74,-9.501,S2M
77,O2,75,-12.919,S2M
77,O2,76,-14.872,S2M
77,O2,77,-13.407,S2M
77,O2,78,-7.548,S2M
77,O2,79,-0.224,S2M
77,O2,80,5.147,S2M
77,O2,81,6.124,S2M
77,O2,82,4.171,S2M
77,O2,83,2.218,S2M
77,O2,84,1.729,S2M
77,O2,85,2.706,S2M
77,O2,86,3.194,S2M
77,O2,87,1.241,S2M
77,O2,88,-2.665,S2M
77,O2,89,-7.060,S2M
77,O2,90,-9.989,S2M
77,O2,91,-11.454,S2M
77,O2,92,-13.407,S2M
77,O2,93,-15.849,S2M
77,O2,94,-18.290,S2M
77,O2,95,-19.267,S2M
77,O2,96,-19.267,S2M
77,O2,97,-18.290,S2M
77,O2,98,-19.267,S2M
77,O2,99,-21.220,S2M
77,O2,100,-22.196,S2M
77,O2,101,-19.755,S2M
77,O2,102,-13.407,S2M
77,O2,103,-6.083,S2M
77,O2,104,0.264,S2M
77,O2,105,2.706,S2M
77,O2,106,2.218,S2M
77,O2,107,0.264,S2M
77,O2,108,-1.689,S2M
77,O2,109,-2.177,S2M
77,O2,110,-1.689,S2M
77,O2,111,0.264,S2M
77,O2,112,2.218,S2M
77,O2,113,4.171,S2M
77,O2,114,5.636,S2M
77,O2,115,4.659,S2M
77,O2,116,2.218,S2M
77,O2,117,-1.200,S2M
77,O2,118,-4.130,S2M
77,O2,119,-5.107,S2M
77,O2,120,-4.618,S2M
77,O2,121,-3.153,S2M
77,O2,122,-2.177,S2M
77,O2,123,-2.177,S2M
77,O2,124,-3.153,S2M
77,O2,125,-3.642,S2M
77,O2,126,-2.665,S2M
77,O2,127,-1.200,S2M
77,O2,128,0.753,S2M
77,O2,129,2.218,S2M
77,O2,130,4.171,S2M
77,O2,131,5.636,S2M
77,O2,132,7.100,S2M
77,O2,133,9.542,S2M
77,O2,134,11.983,S2M
77,O2,135,14.425,S2M
77,O2,136,15.889,S2M
77,O2,137,16.378,S2M
77,O2,138,15.889,S2M
77,O2,139,14.913,S2M
77,O2,140,13.448,S2M
77,O2,141,12.960,S2M
77,O2,142,13.448,S2M
77,O2,143,14.425,S2M
77,O2,144,14.913,S2M
77,O2,145,12.472,S2M
77,O2,146,7.100,S2M
77,O2,147,0.264,S2M
77,O2,148,-6.571,S2M
77,O2,149,-10.478,S2M
77,O2,150,-10.966,S2M
77,O2,151,-9.013,S2M
77,O2,152,-6.083,S2M
77,O2,153,-4.618,S2M
77,O2,154,-4.130,S2M
77,O2,155,-3.642,S2M
77,O2,156,-3.153,S2M
77,O2,157,-1.689,S2M
77,O2,158,0.753,S2M
77,O2,159,3.194,S2M
77,O2,160,4.659,S2M
77,O2,161,5.147,S2M
77,O2,162,4.171,S2M
77,O2,163,2.218,S2M
77,O2,164,0.264,S2M
77,O2,165,-1.200,S2M
77,O2,166,-1.689,S2M
77,O2,167,-1.689,S2M
77,O2,168,-1.689,S2M
77,O2,169,-1.689,S2M
77,O2,170,-1.689,S2M
77,O2,171,-1.689,S2M
77,O2,172,-1.689,S2M
77,O2,173,-1.200,S2M
77,O2,174,-1.689,S2M
77,O2,175,-2.665,S2M
77,O2,176,-5.107,S2M
77,O2,177,-7.060,S2M
77,O2,178,-7.060,S2M
77,O2,179,-4.618,S2M
77,O2,180,1.729,S2M
77,O2,181,8.077,S2M
77,O2,182,12.960,S2M
77,O2,183,13.448,S2M
77,O2,184,10.030,S2M
77,O2,185,5.636,S2M
77,O2,186,3.682,S2M
77,O2,187,4.659,S2M
77,O2,188,7.589,S2M
77,O2,189,9.054,S2M
77,O2,190,7.100,S2M
77,O2,191,2.218,S2M
77,O2,192,-3.153,S2M
77,O2,193,-6.083,S2M
77,O2,194,-5.107,S2M
77,O2,195,-1.689,S2M
77,O2,196,3.194,S2M
77,O2,197,6.124,S2M
77,O2,198,7.100,S2M
77,O2,199,6.612,S2M
77,O2,200,4.659,S2M
77,O2,201,2.706,S2M
77,O2,202,1.241,S2M
77,O2,203,0.753,S2M
77,O2,204,2.218,S2M
77,O2,205,5.636,S2M
77,O2,206,8.565,S2M
77,O2,207,10.030,S2M
77,O2,208,8.077,S2M
77,O2,209,4.171,S2M
77,O2,210,1.241,S2M
77,O2,211,0.753,S2M
77,O2,212,3.682,S2M
77,O2,213,8.077,S2M
77,O2,214,11.007,S2M
77,O2,215,11.983,S2M
77,O2,216,10.518,S2M
77,O2,217,8.565,S2M
77,O2,218,7.100,S2M
77,O2,219,6.124,S2M
77,O2,220,5.636,S2M
77,O2,221,4.171,S2M
77,O2,222,2.706,S2M
77,O2,223,3.194,S2M
77,O2,224,5.147,S2M
77,O2,225,8.077,S2M
77,O2,226,10.030,S2M
77,O2,227,10.518,S2M
77,O2,228,10.030,S2M
77,O2,229,10.030,S2M
77,O2,230,11.007,S2M
77,O2,231,13.448,S2M
77,O2,232,15.889,S2M
77,O2,233,18.331,S2M
77,O2,234,19.307,S2M
77,O2,235,18.819,S2M
77,O2,236,16.866,S2M
77,O2,237,14.425,S2M
77,O2,238,12.472,S2M
77,O2,239,11.983,S2M
77,O2,240,13.936,S2M
77,O2,241,16.866,S2M
77,O2,242,17.354,S2M
77,O2,243,14.425,S2M
77,O2,244,9.542,S2M
77,O2,245,5.147,S2M
77,O2,246,5.147,S2M
77,O2,247,11.007,S2M
77,O2,248,18.331,S2M
77,O2,249,22.725,S2M
77,O2,250,20.772,S2M
77,O2,251,13.936,S2M
77,O2,252,8.077,S2M
77,O2,253,7.589,S2M
77,O2,254,11.983,S2M
77,O2,255,17.843,S2M
77,O1,0,-13.672,S2M
77,O1,1,-9.766,S2M
77,O1,2,-6.348,S2M
77,O1,3,-2.930,S2M
77,O1,4,-0.488,S2M
77,O1,5,1.953,S2M
77,O1,6,4.883,S2M
77,O1,7,7.324,S2M
77,O1,8,10.254,S2M
77,O1,9,12.207,S2M
77,O1,10,14.648,S2M
77,O1,11,17.090,S2M
77,O1,12,19.043,S2M
77,O1,13,20.508,S2M
77,O1,14,19.531,S2M
77,O1,15,15.137,S2M
77,O1,16,7.812,S2M
77,O1,17,0.977,S2M
77,O1,18,-2.930,S2M
77,O1,19,-3.418,S2M
77,O1,20,-2.441,S2M
77,O1,21,-1.465,S2M
77,O1,22,-2.930,S2M
77,O1,23,-4.883,S2M
77,O1,24,-7.324,S2M
77,O1,25,-8.789,S2M
77,O1,26,-9.277,S2M
77,O1,27,-9.277,S2M
77,O1,28,-9.766,S2M
77,O1,29,-9.766,S2M
77,O1,30,-8.301,S2M
77,O1,31,-5.859,S2M
77,O1,32,-2.930,S2M
77,O1,33,-2.441,S2M
77,O1,34,-3.418,S2M
77,O1,35,-6.348,S2M
77,O1,36,-7.812,S2M
77,O1,37,-6.348,S2M
77,O1,38,-1.465,S2M
77,O1,39,2.930,S2M
77,O1,40,4.883,S2M
77,O1,41,3.906,S2M
77,O1,42,0.977,S2M
77,O1,43,-1.465,S2M
77,O1,44,-1.953,S2M
77,O1,45,-1.465,S2M
77,O1,46,-0.977,S2M
77,O1,47,-2.441,S2M
77,O1,48,-5.371,S2M
77,O1,49,-8.301,S2M
77,O1,50,-9.277,S2M
77,O1,51,-9.277,S2M
77,O1,52,-8.301,S2M
77,O1,53,-6.836,S2M
77,O1,54,-5.859,S2M
77,O1,55,-3.906,S2M
77,O1,56,-1.953,S2M
77,O1,57,1.465,S2M
77,O1,58,4.395,S2M
77,O1,59,7.324,S2M
77,O1,60,8.301,S2M
77,O1,61,8.789,S2M
77,O1,62,7.812,S2M
77,O1,63,6.348,S2M
77,O1,64,4.395,S2M
77,O1,65,2.441,S2M
77,O1,66,0.977,S2M
77,O1,67,-0.488,S2M
77,O1,68,-3.418,S2M
77,O1,69,-6.836,S2M
77,O1,70,-9.277,S2M
77,O1,71,-10.254,S2M
77,O1,72,-10.254,S2M
77,O1,73,-8.301,S2M
77,O1,74,-7.812,S2M
77,O1,75,-8.301,S2M
77,O1,76,-10.254,S2M
77,O1,77,-10.254,S2M
77,O1,78,-8.301,S2M
77,O1,79,-4.395,S2M
77,O1,80,0.000,S2M
77,O1,81,1.953,S2M
77,O1,82,2.441,S2M
77,O1,83,0.977,S2M
77,O1,84,-0.488,S2M
77,O1,85,-0.488,S2M
77,O1,86,0.000,S2M
77,O1,87,0.488,S2M
77,O1,88,-1.465,S2M
77,O1,89,-4.395,S2M
77,O1,90,-8.789,S2M
77,O1,91,-12.207,S2M
77,O1,92,-15.625,S2M
77,O1,93,-18.066,S2M
77,O1,94,-19.531,S2M
77,O1,95,-20.508,S2M
77,O1,96,-21.484,S2M
77,O1,97,-22.461,S2M
77,O1,98,-22.949,S2M
77,O1,99,-23.438,S2M
77,O1,100,-23.926,S2M
77,O1,101,-22.949,S2M
77,O1,102,-20.508,S2M
77,O1,103,-17.090,S2M
77,O1,104,-12.695,S2M
77,O1,105,-8.301,S2M
77,O1,106,-6.348,S2M
77,O1,107,-5.859,S2M
77,O1,108,-7.812,S2M
77,O1,109,-9.766,S2M
77,O1,110,-10.254,S2M
77,O1,111,-8.301,S2M
77,O1,112,-5.371,S2M
77,O1,113,-1.953,S2M
77,O1,114,-0.488,S2M
77,O1,115,-0.977,S2M
77,O1,116,-2.930,S2M
77,O1,117,-4.395,S2M
77,O1,118,-5.859,S2M
77,O1,119,-5.859,S2M
77,O1,120,-5.859,S2M
77,O1,121,-5.859,S2M
77,O1,122,-5.859,S2M
77,O1,123,-5.859,S2M
77,O1,124,-6.348,S2M
77,O1,125,-6.348,S2M
77,O1,126,-7.324,S2M
77,O1,127,-7.324,S2M
77,O1,128,-6.836,S2M
77,O1,129,-4.395,S2M
77,O1,130,-0.977,S2M
77,O1,131,2.441,S2M
77,O1,132,5.371,S2M
77,O1,133,6.836,S2M
77,O1,134,7.324,S2M
77,O1,135,8.789,S2M
77,O1,136,10.254,S2M
77,O1,137,11.719,S2M
77,O1,138,13.184,S2M
77,O1,139,13.672,S2M
77,O1,140,11.719,S2M
77,O1,141,9.766,S2M
77,O1,142,7.324,S2M
77,O1,143,5.859,S2M
77,O1,144,3.906,S2M
77,O1,145,0.977,S2M
77,O1,146,-2.930,S2M
77,O1,147,-7.324,S2M
77,O1,148,-11.719,S2M
77,O1,149,-15.137,S2M
77,O1,150,-16.602,S2M
77,O1,151,-16.113,S2M
77,O1,152,-14.160,S2M
77,O1,153,-12.207,S2M
77,O1,154,-9.277,S2M
77,O1,155,-7.324,S2M
77,O1,156,-5.859,S2M
77,O1,157,-5.371,S2M
77,O1,158,-4.395,S2M
77,O1,159,-3.418,S2M
77,O1,160,-2.441,S2M
77,O1,161,-1.465,S2M
77,O1,162,-1.953,S2M
77,O1,163,-3.906,S2M
77,O1,164,-6.348,S2M
77,O1,165,-7.324,S2M
77,O1,166,-6.836,S2M
77,O1,167,-4.883,S2M
77,O1,168,-2.930,S2M
77,O1,169,-2.441,S2M
77,O1,170,-3.418,S2M
77,O1,171,-5.859,S2M
77,O1,172,-7.324,S2M
77,O1,173,-7.324,S2M
77,O1,174,-6.836,S2M
77,O1,175,-6.348,S2M
77,O1,176,-6.836,S2M
77,O1,177,-8.301,S2M
77,O1,178,-9.277,S2M
77,O1,179,-8.789,S2M
77,O1,180,-6.348,S2M
77,O1,181,-2.441,S2M
77,O1,182,1.953,S2M
77,O1,183,4.395,S2M
77,O1,184,3.906,S2M
77,O1,185,2.441,S2M
77,O1,186,0.000,S2M
77,O1,187,-0.977,S2M
77,O1,188,-0.977,S2M
77,O1,189,-0.488,S2M
77,O1,190,-0.977,S2M
77,O1,191,-2.441,S2M
77,O1,192,-5.859,S2M
77,O1,193,-8.301,S2M
77,O1,194,-8.789,S2M
77,O1,195,-7.324,S2M
77,O1,196,-3.906,S2M
77,O1,197,-0.977,S2M
77,O1,198,0.488,S2M
77,O1,199,-0.488,S2M
77,O1,200,-2.930,S2M
77,O1,201,-6.348,S2M
77,O1,202,-7.812,S2M
77,O1,203,-7.324,S2M
77,O1,204,-4.883,S2M
77,O1,205,-1.953,S2M
77,O1,206,0.488,S2M
77,O1,207,0.977,S2M
77,O1,208,0.488,S2M
77,O1,209,0.000,S2M
77,O1,210,0.000,S2M
77,O1,211,0.488,S2M
77,O1,212,0.488,S2M
77,O1,213,0.488,S2M
77,O1,214,-0.488,S2M
77,O1,215,-0.488,S2M
77,O1,216,0.488,S2M
77,O1,217,1.953,S2M
77,O1,218,2.930,S2M
77,O1,219,1.953,S2M
77,O1,220,0.488,S2M
77,O1,221,-1.465,S2M
77,O1,222,-0.977,S2M
77,O1,223,0.977,S2M
77,O1,224,4.395,S2M
77,O1,225,7.812,S2M
77,O1,226,10.742,S2M
77,O1,227,12.207,S2M
77,O1,228,13.184,S2M
77,O1,229,13.184,S2M
77,O1,230,11.230,S2M
77,O1,231,9.277,S2M
77,O1,232,7.324,S2M
77,O1,233,5.859,S2M
77,O1,234,5.859,S2M
77,O1,235,6.836,S2M
77,O1,236,8.301,S2M
77,O1,237,9.766,S2M
77,O1,238,10.254,S2M
77,O1,239,11.230,S2M
77,O1,240,11.719,S2M
77,O1,241,12.695,S2M
77,O1,242,13.184,S2M
77,O1,243,13.184,S2M
77,O1,244,11.719,S2M
77,O1,245,10.742,S2M
77,O1,246,10.254,S2M
77,O1,247,10.254,S2M
77,O1,248,10.254,S2M
77,O1,249,10.254,S2M
77,O1,250,9.277,S2M
77,O1,251,8.301,S2M
77,O1,252,7.324,S2M
77,O1,253,8.789,S2M
77,O1,254,10.254,S2M
77,O1,255,12.207,S2M
77,X,0,-12.665,S2M
77,X,1,-9.735,S2M
77,X,2,-5.341,S2M
77,X,3,-0.946,S2M
77,X,4,2.960,S2M
77,X,5,5.890,S2M
77,X,6,8.820,S2M
77,X,7,11.749,S2M
77,X,8,14.679,S2M
77,X,9,16.632,S2M
77,X,10,17.609,S2M
77,X,11,17.609,S2M
77,X,12,18.097,S2M
77,X,13,18.097,S2M
77,X,14,17.609,S2M
77,X,15,15.167,S2M
77,X,16,10.773,S2M
77,X,17,4.425,S2M
77,X,18,-0.458,S2M
77,X,19,-2.411,S2M
77,X,20,-1.434,S2M
77,X,21,-0.458,S2M
77,X,22,-0.458,S2M
77,X,23,-2.411,S2M
77,X,24,-5.341,S2M
77,X,25,-7.294,S2M
77,X,26,-7.782,S2M
77,X,27,-7.782,S2M
77,X,28,-7.782,S2M
77,X,29,-7.294,S2M
77,X,30,-6.317,S2M
77,X,31,-3.876,S2M
77,X,32,-0.458,S2M
77,X,33,1.495,S2M
77,X,34,0.031,S2M
77,X,35,-2.899,S2M
77,X,36,-5.829,S2M
77,X,37,-5.341,S2M
77,X,38,-1.434,S2M
77,X,39,2.960,S2M
77,X,40,4.913,S2M
77,X,41,2.960,S2M
77,X,42,-0.946,S2M
77,X,43,-4.364,S2M
77,X,44,-5.341,S2M
77,X,45,-3.876,S2M
77,X,46,-2.411,S2M
77,X,47,-3.387,S2M
77,X,48,-6.317,S2M
77,X,49,-9.247,S2M
77,X,50,-10.712,S2M
77,X,51,-10.223,S2M
77,X,52,-7.782,S2M
77,X,53,-4.852,S2M
77,X,54,-3.387,S2M
77,X,55,-2.411,S2M
77,X,56,-1.434,S2M
77,X,57,0.031,S2M
77,X,58,1.984,S2M
77,X,59,4.425,S2M
77,X,60,5.890,S2M
77,X,61,6.866,S2M
77,X,62,6.866,S2M
77,X,63,6.866,S2M
77,X,64,5.402,S2M
77,X,65,3.937,S2M
77,X,66,2.472,S2M
77,X,67,0.031,S2M
77,X,68,-2.411,S2M
77,X,69,-5.341,S2M
77,X,70,-8.270,S2M
77,X,71,-10.712,S2M
77,X,72,-11.688,S2M
77,X,73,-11.200,S2M
77,X,74,-9.735,S2M
77,X,75,-7.782,S2M
77,X,76,-5.829,S2M
77,X,77,-4.364,S2M
77,X,78,-2.899,S2M
77,X,79,-1.923,S2M
77,X,80,-0.458,S2M
77,X,81,1.495,S2M
77,X,82,2.960,S2M
77,X,83,4.425,S2M
77,X,84,5.402,S2M
77,X,85,5.402,S2M
77,X,86,4.913,S2M
77,X,87,2.960,S2M
77,X,88,1.007,S2M
77,X,89,-2.411,S2M
77,X,90,-5.829,S2M
77,X,91,-8.759,S2M
77,X,92,-11.688,S2M
77,X,93,-13.641,S2M
77,X,94,-15.106,S2M
77,X,95,-16.571,S2M
77,X,96,-18.524,S2M
77,X,97,-21.454,S2M
77,X,98,-24.384,S2M
77,X,99,-25.848,S2M
77,X,100,-25.360,S2M
77,X,101,-21.942,S2M
77,X,102,-18.036,S2M
77,X,103,-14.618,S2M
77,X,104,-12.177,S2M
77,X,105,-11.200,S2M
77,X,106,-10.712,S2M
77,X,107,-8.759,S2M
77,X,108,-6.805,S2M
77,X,109,-4.852,S2M
77,X,110,-3.876,S2M
77,X,111,-3.876,S2M
77,X,112,-4.852,S2M
77,X,113,-5.341,S2M
77,X,114,-4.852,S2M
77,X,115,-4.364,S2M
77,X,116,-3.876,S2M
77,X,117,-3.876,S2M
77,X,118,-4.852,S2M
77,X,119,-6.317,S2M
77,X,120,-7.294,S2M
77,X,121,-7.294,S2M
77,X,122,-7.294,S2M
77,X,123,-7.294,S2M
77,X,124,-7.782,S2M
77,X,125,-8.759,S2M
77,X,126,-8.759,S2M
77,X,127,-8.270,S2M
77,X,128,-6.805,S2M
77,X,129,-5.341,S2M
77,X,130,-2.899,S2M
77,X,131,-0.458,S2M
77,X,132,2.960,S2M
77,X,133,6.378,S2M
77,X,134,8.820,S2M
77,X,135,10.284,S2M
77,X,136,10.284,S2M
77,X,137,10.284,S2M
77,X,138,9.796,S2M
77,X,139,9.796,S2M
77,X,140,10.284,S2M
77,X,141,10.284,S2M
77,X,142,9.308,S2M
77,X,143,7.355,S2M
77,X,144,5.890,S2M
77,X,145,3.937,S2M
77,X,146,1.984,S2M
77,X,147,-0.946,S2M
77,X,148,-4.852,S2M
77,X,149,-8.759,S2M
77,X,150,-12.177,S2M
77,X,151,-14.130,S2M
77,X,152,-14.130,S2M
77,X,153,-13.153,S2M
77,X,154,-11.688,S2M
77,X,155,-10.223,S2M
77,X,156,-8.270,S2M
77,X,157,-6.805,S2M
77,X,158,-4.852,S2M
77,X,159,-2.899,S2M
77,X,160,-1.923,S2M
77,X,161,-1.923,S2M
77,X,162,-2.899,S2M
77,X,163,-4.852,S2M
77,X,164,-6.317,S2M
77,X,165,-7.782,S2M
77,X,166,-8.270,S2M
77,X,167,-8.270,S2M
77,X,168,-8.270,S2M
77,X,169,-7.782,S2M
77,X,170,-7.294,S2M
77,X,171,-6.317,S2M
77,X,172,-5.829,S2M
77,X,173,-5.341,S2M
77,X,174,-5.829,S2M
77,X,175,-6.805,S2M
77,X,176,-7.782,S2M
77,X,177,-7.782,S2M
77,X,178,-7.294,S2M
77,X,179,-5.829,S2M
77,X,180,-3.876,S2M
77,X,181,-1.923,S2M
77,X,182,-0.946,S2M
77,X,183,-0.946,S2M
77,X,184,-2.899,S2M
77,X,185,-3.876,S2M
77,X,186,-3.876,S2M
77,X,187,-2.899,S2M
77,X,188,-0.946,S2M
77,X,189,-0.458,S2M
77,X,190,-1.923,S2M
77,X,191,-4.364,S2M
77,X,192,-7.294,S2M
77,X,193,-9.247,S2M
77,X,194,-10.223,S2M
77,X,195,-8.759,S2M
77,X,196,-6.805,S2M
77,X,197,-3.876,S2M
77,X,198,-0.946,S2M
77,X,199,0.031,S2M
77,X,200,-0.458,S2M
77,X,201,-2.899,S2M
77,X,202,-4.852,S2M
77,X,203,-5.829,S2M
77,X,204,-4.852,S2M
77,X,205,-2.899,S2M
77,X,206,-0.458,S2M
77,X,207,1.007,S2M
77,X,208,1.007,S2M
77,X,209,-0.946,S2M
77,X,210,-2.411,S2M
77,X,211,-3.876,S2M
77,X,212,-4.364,S2M
77,X,213,-4.852,S2M
77,X,214,-4.852,S2M
77,X,215,-3.876,S2M
77,X,216,-1.434,S2M
77,X,217,1.007,S2M
77,X,218,2.472,S2M
77,X,219,1.007,S2M
77,X,220,-2.899,S2M
77,X,221,-6.805,S2M
77,X,222,-8.270,S2M
77,X,223,-6.317,S2M
77,X,224,-0.946,S2M
77,X,225,4.425,S2M
77,X,226,7.843,S2M
77,X,227,7.843,S2M
77,X,228,6.378,S2M
77,X,229,4.913,S2M
77,X,230,3.937,S2M
77,X,231,4.425,S2M
77,X,232,4.425,S2M
77,X,233,3.448,S2M
77,X,234,2.960,S2M
77,X,235,2.472,S2M
77,X,236,3.448,S2M
77,X,237,4.913,S2M
77,X,238,5.890,S2M
77,X,239,6.866,S2M
77,X,240,7.355,S2M
77,X,241,8.820,S2M
77,X,242,10.773,S2M
77,X,243,12.238,S2M
77,X,244,11.749,S2M
77,X,245,9.796,S2M
77,X,246,7.843,S2M
77,X,247,6.866,S2M
77,X,248,7.843,S2M
77,X,249,9.308,S2M
77,X,250,10.284,S2M
77,X,251,10.284,S2M
77,X,252,9.796,S2M
77,X,253,9.796,S2M
77,X,254,10.773,S2M
77,X,255,12.726,S2M
77,AF7,0,-17.588,S2M
77,AF7,1,-12.217,S2M
77,AF7,2,-5.381,S2M
77,AF7,3,-0.987,S2M
77,AF7,4,-0.010,S2M
77,AF7,5,-0.010,S2M
77,AF7,6,1.455,S2M
77,AF7,7,4.873,S2M
77,AF7,8,8.779,S2M
77,AF7,9,11.709,S2M
77,AF7,10,11.709,S2M
77,AF7,11,10.732,S2M
77,AF7,12,10.244,S2M
77,AF7,13,11.709,S2M
77,AF7,14,13.173,S2M
77,AF7,15,12.197,S2M
77,AF7,16,6.337,S2M
77,AF7,17,-1.963,S2M
77,AF7,18,-9.776,S2M
77,AF7,19,-13.682,S2M
77,AF7,20,-13.194,S2M
77,AF7,21,-11.241,S2M
77,AF7,22,-10.752,S2M
77,AF7,23,-12.217,S2M
77,AF7,24,-14.170,S2M
77,AF7,25,-14.659,S2M
77,AF7,26,-11.729,S2M
77,AF7,27,-7.334,S2M
77,AF7,28,-3.916,S2M
77,AF7,29,-3.916,S2M
77,AF7,30,-5.870,S2M
77,AF7,31,-8.799,S2M
77,AF7,32,-10.264,S2M
77,AF7,33,-10.264,S2M
77,AF7,34,-8.799,S2M
77,AF7,35,-7.823,S2M
77,AF7,36,-6.846,S2M
77,AF7,37,-5.870,S2M
77,AF7,38,-3.916,S2M
77,AF7,39,-1.475,S2M
77,AF7,40,-0.010,S2M
77,AF7,41,0.966,S2M
77,AF7,42,-0.498,S2M
77,AF7,43,-2.940,S2M
77,AF7,44,-4.893,S2M
77,AF7,45,-6.846,S2M
77,AF7,46,-8.799,S2M
77,AF7,47,-11.241,S2M
77,AF7,48,-13.682,S2M
77,AF7,49,-16.123,S2M
77,AF7,50,-16.612,S2M
77,AF7,51,-15.635,S2M
77,AF7,52,-14.170,S2M
77,AF7,53,-12.705,S2M
77,AF7,54,-11.729,S2M
77,AF7,55,-10.264,S2M
77,AF7,56,-7.823,S2M
77,AF7,57,-5.381,S2M
77,AF7,58,-2.940,S2M
77,AF7,59,-1.475,S2M
77,AF7,60,-0.498,S2M
77,AF7,61,-0.010,S2M
77,AF7,62,-0.010,S2M
77,AF7,63,-0.987,S2M
77,AF7,64,-3.428,S2M
77,AF7,65,-6.846,S2M
77,AF7,66,-10.752,S2M
77,AF7,67,-13.682,S2M
77,AF7,68,-16.123,S2M
77,AF7,69,-17.588,S2M
77,AF7,70,-18.077,S2M
77,AF7,71,-18.565,S2M
77,AF7,72,-18.565,S2M
77,AF7,73,-19.053,S2M
77,AF7,74,-21.006,S2M
77,AF7,75,-24.424,S2M
77,AF7,76,-26.866,S2M
77,AF7,77,-27.354,S2M
77,AF7,78,-24.424,S2M
77,AF7,79,-19.053,S2M
77,AF7,80,-12.705,S2M
77,AF7,81,-9.776,S2M
77,AF7,82,-9.776,S2M
77,AF7,83,-11.729,S2M
77,AF7,84,-13.682,S2M
77,AF7,85,-12.705,S2M
77,AF7,86,-10.752,S2M
77,AF7,87,-7.823,S2M
77,AF7,88,-8.311,S2M
77,AF7,89,-11.241,S2M
77,AF7,90,-17.100,S2M
77,AF7,91,-21.983,S2M
77,AF7,92,-24.424,S2M
77,AF7,93,-25.401,S2M
77,AF7,94,-25.401,S2M
77,AF7,95,-25.401,S2M
77,AF7,96,-25.401,S2M
77,AF7,97,-25.401,S2M
77,AF7,98,-24.424,S2M
77,AF7,99,-22.959,S2M
77,AF7,100,-21.495,S2M
77,AF7,101,-21.006,S2M
77,AF7,102,-20.518,S2M
77,AF7,103,-19.053,S2M
77,AF7,104,-17.100,S2M
77,AF7,105,-15.635,S2M
77,AF7,106,-14.659,S2M
77,AF7,107,-15.635,S2M
77,AF7,108,-16.123,S2M
77,AF7,109,-16.123,S2M
77,AF7,110,-14.170,S2M
77,AF7,111,-11.241,S2M
77,AF7,112,-7.823,S2M
77,AF7,113,-4.893,S2M
77,AF7,114,-3.428,S2M
77,AF7,115,-4.405,S2M
77,AF7,116,-6.846,S2M
77,AF7,117,-10.264,S2M
77,AF7,118,-12.705,S2M
77,AF7,119,-13.682,S2M
77,AF7,120,-12.705,S2M
77,AF7,121,-11.241,S2M
77,AF7,122,-10.752,S2M
77,AF7,123,-11.241,S2M
77,AF7,124,-12.705,S2M
77,AF7,125,-13.682,S2M
77,AF7,126,-13.194,S2M
77,AF7,127,-12.217,S2M
77,AF7,128,-10.752,S2M
77,AF7,129,-9.288,S2M
77,AF7,130,-7.334,S2M
77,AF7,131,-4.405,S2M
77,AF7,132,-0.010,S2M
77,AF7,133,4.873,S2M
77,AF7,134,7.802,S2M
77,AF7,135,8.291,S2M
77,AF7,136,6.337,S2M
77,AF7,137,3.408,S2M
77,AF7,138,1.455,S2M
77,AF7,139,1.455,S2M
77,AF7,140,1.943,S2M
77,AF7,141,2.920,S2M
77,AF7,142,2.920,S2M
77,AF7,143,2.431,S2M
77,AF7,144,1.943,S2M
77,AF7,145,0.478,S2M
77,AF7,146,-0.987,S2M
77,AF7,147,-4.405,S2M
77,AF7,148,-8.799,S2M
77,AF7,149,-14.170,S2M
77,AF7,150,-18.565,S2M
77,AF7,151,-20.030,S2M
77,AF7,152,-18.077,S2M
77,AF7,153,-14.170,S2M
77,AF7,154,-9.288,S2M
77,AF7,155,-5.870,S2M
77,AF7,156,-4.405,S2M
77,AF7,157,-4.405,S2M
77,AF7,158,-5.381,S2M
77,AF7,159,-5.870,S2M
77,AF7,160,-6.358,S2M
77,AF7,161,-6.846,S2M
77,AF7,162,-7.823,S2M
77,AF7,163,-9.288,S2M
77,AF7,164,-9.776,S2M
77,AF7,165,-9.776,S2M
77,AF7,166,-8.799,S2M
77,AF7,167,-7.823,S2M
77,AF7,168,-7.334,S2M
77,AF7,169,-7.823,S2M
77,AF7,170,-9.288,S2M
77,AF7,171,-10.752,S2M
77,AF7,172,-11.241,S2M
77,AF7,173,-10.752,S2M
77,AF7,174,-9.776,S2M
77,AF7,175,-8.799,S2M
77,AF7,176,-9.776,S2M
77,AF7,177,-11.729,S2M
77,AF7,178,-13.194,S2M
77,AF7,179,-13.194,S2M
77,AF7,180,-9.776,S2M
77,AF7,181,-4.893,S2M
77,AF7,182,-0.987,S2M
77,AF7,183,0.966,S2M
77,AF7,184,-0.010,S2M
77,AF7,185,-2.940,S2M
77,AF7,186,-5.381,S2M
77,AF7,187,-7.334,S2M
77,AF7,188,-7.334,S2M
77,AF7,189,-7.334,S2M
77,AF7,190,-7.823,S2M
77,AF7,191,-9.288,S2M
77,AF7,192,-10.752,S2M
77,AF7,193,-11.729,S2M
77,AF7,194,-10.752,S2M
77,AF7,195,-8.799,S2M
77,AF7,196,-6.358,S2M
77,AF7,197,-4.405,S2M
77,AF7,198,-3.428,S2M
77,AF7,199,-3.428,S2M
77,AF7,200,-4.405,S2M
77,AF7,201,-6.358,S2M
77,AF7,202,-9.288,S2M
77,AF7,203,-12.705,S2M
77,AF7,204,-14.659,S2M
77,AF7,205,-13.682,S2M
77,AF7,206,-10.752,S2M
77,AF7,207,-7.334,S2M
77,AF7,208,-6.358,S2M
77,AF7,209,-7.334,S2M
77,AF7,210,-10.752,S2M
77,AF7,211,-13.682,S2M
77,AF7,212,-15.635,S2M
77,AF7,213,-15.147,S2M
77,AF7,214,-13.682,S2M
77,AF7,215,-11.729,S2M
77,AF7,216,-9.288,S2M
77,AF7,217,-7.823,S2M
77,AF7,218,-6.846,S2M
77,AF7,219,-7.334,S2M
77,AF7,220,-9.776,S2M
77,AF7,221,-12.705,S2M
77,AF7,222,-14.659,S2M
77,AF7,223,-14.170,S2M
77,AF7,224,-11.241,S2M
77,AF7,225,-7.823,S2M
77,AF7,226,-5.381,S2M
77,AF7,227,-4.893,S2M
77,AF7,228,-5.870,S2M
77,AF7,229,-7.334,S2M
77,AF7,230,-7.823,S2M
77,AF7,231,-7.823,S2M
77,AF7,232,-7.334,S2M
77,AF7,233,-7.823,S2M
77,AF7,234,-7.823,S2M
77,AF7,235,-7.334,S2M
77,AF7,236,-6.358,S2M
77,AF7,237,-4.405,S2M
77,AF7,238,-2.940,S2M
77,AF7,239,-3.428,S2M
77,AF7,240,-5.870,S2M
77,AF7,241,-7.823,S2M
77,AF7,242,-8.799,S2M
77,AF7,243,-7.823,S2M
77,AF7,244,-5.870,S2M
77,AF7,245,-4.405,S2M
77,AF7,246,-4.405,S2M
77,AF7,247,-4.405,S2M
77,AF7,248,-4.893,S2M
77,AF7,249,-4.893,S2M
77,AF7,250,-5.870,S2M
77,AF7,251,-7.823,S2M
77,AF7,252,-10.752,S2M
77,AF7,253,-12.217,S2M
77,AF7,254,-11.241,S2M
77,AF7,255,-7.823,S2M
77,AF8,0,-15.940,S2M
77,AF8,1,-12.522,S2M
77,AF8,2,-11.546,S2M
77,AF8,3,-12.034,S2M
77,AF8,4,-12.522,S2M
77,AF8,5,-10.569,S2M
77,AF8,6,-7.151,S2M
77,AF8,7,-2.757,S2M
77,AF8,8,1.638,S2M
77,AF8,9,5.544,S2M
77,AF8,10,10.427,S2M
77,AF8,11,16.286,S2M
77,AF8,12,21.169,S2M
77,AF8,13,23.122,S2M
77,AF8,14,20.681,S2M
77,AF8,15,13.845,S2M
77,AF8,16,5.544,S2M
77,AF8,17,-0.315,S2M
77,AF8,18,-1.292,S2M
77,AF8,19,1.149,S2M
77,AF8,20,3.591,S2M
77,AF8,21,4.079,S2M
77,AF8,22,1.638,S2M
77,AF8,23,-1.780,S2M
77,AF8,24,-4.710,S2M
77,AF8,25,-5.686,S2M
77,AF8,26,-5.686,S2M
77,AF8,27,-5.686,S2M
77,AF8,28,-5.198,S2M
77,AF8,29,-4.710,S2M
77,AF8,30,-3.245,S2M
77,AF8,31,-2.268,S2M
77,AF8,32,-1.292,S2M
77,AF8,33,-1.292,S2M
77,AF8,34,-2.268,S2M
77,AF8,35,-3.245,S2M
77,AF8,36,-1.780,S2M
77,AF8,37,2.126,S2M
77,AF8,38,6.521,S2M
77,AF8,39,10.915,S2M
77,AF8,40,12.380,S2M
77,AF8,41,10.427,S2M
77,AF8,42,7.009,S2M
77,AF8,43,3.591,S2M
77,AF8,44,0.173,S2M
77,AF8,45,-2.268,S2M
77,AF8,46,-6.175,S2M
77,AF8,47,-11.546,S2M
77,AF8,48,-16.917,S2M
77,AF8,49,-20.335,S2M
77,AF8,50,-20.335,S2M
77,AF8,51,-16.429,S2M
77,AF8,52,-10.569,S2M
77,AF8,53,-5.686,S2M
77,AF8,54,-3.245,S2M
77,AF8,55,-3.245,S2M
77,AF8,56,-3.733,S2M
77,AF8,57,-2.757,S2M
77,AF8,58,0.173,S2M
77,AF8,59,4.079,S2M
77,AF8,60,7.497,S2M
77,AF8,61,8.962,S2M
77,AF8,62,8.962,S2M
77,AF8,63,7.497,S2M
77,AF8,64,6.521,S2M
77,AF8,65,5.544,S2M
77,AF8,66,3.591,S2M
77,AF8,67,-0.804,S2M
77,AF8,68,-7.151,S2M
77,AF8,69,-13.987,S2M
77,AF8,70,-17.893,S2M
77,AF8,71,-18.382,S2M
77,AF8,72,-15.452,S2M
77,AF8,73,-11.546,S2M
77,AF8,74,-9.593,S2M
77,AF8,75,-9.104,S2M
77,AF8,76,-9.593,S2M
77,AF8,77,-9.104,S2M
77,AF8,78,-7.151,S2M
77,AF8,79,-3.733,S2M
77,AF8,80,-0.804,S2M
77,AF8,81,0.173,S2M
77,AF8,82,-0.315,S2M
77,AF8,83,-2.268,S2M
77,AF8,84,-3.245,S2M
77,AF8,85,-2.757,S2M
77,AF8,86,-1.780,S2M
77,AF8,87,-0.315,S2M
77,AF8,88,-0.804,S2M
77,AF8,89,-3.245,S2M
77,AF8,90,-6.663,S2M
77,AF8,91,-9.593,S2M
77,AF8,92,-10.569,S2M
77,AF8,93,-10.081,S2M
77,AF8,94,-9.593,S2M
77,AF8,95,-10.569,S2M
77,AF8,96,-13.499,S2M
77,AF8,97,-17.405,S2M
77,AF8,98,-19.847,S2M
77,AF8,99,-19.847,S2M
77,AF8,100,-18.382,S2M
77,AF8,101,-16.429,S2M
77,AF8,102,-15.452,S2M
77,AF8,103,-15.940,S2M
77,AF8,104,-15.452,S2M
77,AF8,105,-13.987,S2M
77,AF8,106,-11.546,S2M
77,AF8,107,-10.081,S2M
77,AF8,108,-9.593,S2M
77,AF8,109,-8.616,S2M
77,AF8,110,-6.175,S2M
77,AF8,111,-1.780,S2M
77,AF8,112,4.567,S2M
77,AF8,113,8.474,S2M
77,AF8,114,9.939,S2M
77,AF8,115,8.474,S2M
77,AF8,116,5.544,S2M
77,AF8,117,3.103,S2M
77,AF8,118,1.638,S2M
77,AF8,119,1.149,S2M
77,AF8,120,0.661,S2M
77,AF8,121,0.173,S2M
77,AF8,122,-0.315,S2M
77,AF8,123,-0.804,S2M
77,AF8,124,-0.804,S2M
77,AF8,125,-0.804,S2M
77,AF8,126,-0.315,S2M
77,AF8,127,1.638,S2M
77,AF8,128,4.079,S2M
77,AF8,129,7.497,S2M
77,AF8,130,9.450,S2M
77,AF8,131,10.427,S2M
77,AF8,132,11.403,S2M
77,AF8,133,13.357,S2M
77,AF8,134,16.774,S2M
77,AF8,135,20.681,S2M
77,AF8,136,22.634,S2M
77,AF8,137,21.657,S2M
77,AF8,138,18.239,S2M
77,AF8,139,13.845,S2M
77,AF8,140,10.915,S2M
77,AF8,141,9.939,S2M
77,AF8,142,10.427,S2M
77,AF8,143,9.450,S2M
77,AF8,144,7.985,S2M
77,AF8,145,5.056,S2M
77,AF8,146,2.126,S2M
77,AF8,147,-0.315,S2M
77,AF8,148,-2.757,S2M
77,AF8,149,-5.686,S2M
77,AF8,150,-8.128,S2M
77,AF8,151,-9.593,S2M
77,AF8,152,-9.593,S2M
77,AF8,153,-7.640,S2M
77,AF8,154,-5.198,S2M
77,AF8,155,-2.268,S2M
77,AF8,156,-0.315,S2M
77,AF8,157,1.149,S2M
77,AF8,158,2.614,S2M
77,AF8,159,4.567,S2M
77,AF8,160,5.544,S2M
77,AF8,161,6.521,S2M
77,AF8,162,6.521,S2M
77,AF8,163,4.567,S2M
77,AF8,164,2.614,S2M
77,AF8,165,1.149,S2M
77,AF8,166,0.661,S2M
77,AF8,167,0.661,S2M
77,AF8,168,0.661,S2M
77,AF8,169,0.661,S2M
77,AF8,170,-0.804,S2M
77,AF8,171,-3.245,S2M
77,AF8,172,-6.175,S2M
77,AF8,173,-8.128,S2M
77,AF8,174,-9.104,S2M
77,AF8,175,-8.616,S2M
77,AF8,176,-7.151,S2M
77,AF8,177,-5.686,S2M
77,AF8,178,-4.222,S2M
77,AF8,179,-3.245,S2M
77,AF8,180,-1.292,S2M
77,AF8,181,1.149,S2M
77,AF8,182,2.126,S2M
77,AF8,183,2.614,S2M
77,AF8,184,2.126,S2M
77,AF8,185,2.126,S2M
77,AF8,186,1.638,S2M
77,AF8,187,2.614,S2M
77,AF8,188,2.614,S2M
77,AF8,189,2.614,S2M
77,AF8,190,1.149,S2M
77,AF8,191,-0.315,S2M
77,AF8,192,-2.268,S2M
77,AF8,193,-4.710,S2M
77,AF8,194,-7.151,S2M
77,AF8,195,-9.593,S2M
77,AF8,196,-10.081,S2M
77,AF8,197,-9.104,S2M
77,AF8,198,-5.686,S2M
77,AF8,199,-0.804,S2M
77,AF8,200,2.614,S2M
77,AF8,201,4.079,S2M
77,AF8,202,3.591,S2M
77,AF8,203,1.149,S2M
77,AF8,204,0.173,S2M
77,AF8,205,1.638,S2M
77,AF8,206,6.032,S2M
77,AF8,207,10.427,S2M
77,AF8,208,12.380,S2M
77,AF8,209,12.380,S2M
77,AF8,210,9.939,S2M
77,AF8,211,7.009,S2M
77,AF8,212,6.032,S2M
77,AF8,213,6.032,S2M
77,AF8,214,7.497,S2M
77,AF8,215,9.450,S2M
77,AF8,216,11.403,S2M
77,AF8,217,12.380,S2M
77,AF8,218,12.380,S2M
77,AF8,219,10.915,S2M
77,AF8,220,7.985,S2M
77,AF8,221,5.544,S2M
77,AF8,222,4.567,S2M
77,AF8,223,5.056,S2M
77,AF8,224,7.497,S2M
77,AF8,225,9.450,S2M
77,AF8,226,10.427,S2M
77,AF8,227,10.427,S2M
77,AF8,228,9.450,S2M
77,AF8,229,7.497,S2M
77,AF8,230,6.521,S2M
77,AF8,231,6.521,S2M
77,AF8,232,7.497,S2M
77,AF8,233,9.450,S2M
77,AF8,234,11.403,S2M
77,AF8,235,13.357,S2M
77,AF8,236,13.845,S2M
77,AF8,237,12.868,S2M
77,AF8,238,11.403,S2M
77,AF8,239,10.427,S2M
77,AF8,240,10.427,S2M
77,AF8,241,11.403,S2M
77,AF8,242,12.868,S2M
77,AF8,243,13.845,S2M
77,AF8,244,13.845,S2M
77,AF8,245,13.357,S2M
77,AF8,246,11.892,S2M
77,AF8,247,10.427,S2M
77,AF8,248,8.962,S2M
77,AF8,249,7.985,S2M
77,AF8,250,7.985,S2M
77,AF8,251,9.450,S2M
77,AF8,252,11.892,S2M
77,AF8,253,14.333,S2M
77,AF8,254,14.821,S2M
77,AF8,255,13.845,S2M
77,F5,0,-7.558,S2M
77,F5,1,-5.117,S2M
77,F5,2,-1.699,S2M
77,F5,3,1.719,S2M
77,F5,4,4.649,S2M
77,F5,5,7.579,S2M
77,F5,6,9.532,S2M
77,F5,7,10.997,S2M
77,F5,8,11.973,S2M
77,F5,9,11.973,S2M
77,F5,10,11.485,S2M
77,F5,11,11.485,S2M
77,F5,12,11.485,S2M
77,F5,13,11.973,S2M
77,F5,14,11.973,S2M
77,F5,15,10.997,S2M
77,F5,16,8.067,S2M
77,F5,17,4.161,S2M
77,F5,18,0.254,S2M
77,F5,19,-2.187,S2M
77,F5,20,-3.164,S2M
77,F5,21,-4.140,S2M
77,F5,22,-5.117,S2M
77,F5,23,-6.582,S2M
77,F5,24,-8.046,S2M
77,F5,25,-9.511,S2M
77,F5,26,-10.000,S2M
77,F5,27,-9.511,S2M
77,F5,28,-8.046,S2M
77,F5,29,-5.117,S2M
77,F5,30,-1.699,S2M
77,F5,31,1.231,S2M
77,F5,32,3.184,S2M
77,F5,33,3.184,S2M
77,F5,34,1.231,S2M
77,F5,35,-0.722,S2M
77,F5,36,-1.211,S2M
77,F5,37,0.254,S2M
77,F5,38,3.184,S2M
77,F5,39,5.625,S2M
77,F5,40,6.602,S2M
77,F5,41,5.137,S2M
77,F5,42,3.184,S2M
77,F5,43,2.207,S2M
77,F5,44,2.696,S2M
77,F5,45,3.184,S2M
77,F5,46,3.184,S2M
77,F5,47,1.231,S2M
77,F5,48,-2.187,S2M
77,F5,49,-5.117,S2M
77,F5,50,-5.117,S2M
77,F5,51,-3.652,S2M
77,F5,52,-1.211,S2M
77,F5,53,0.743,S2M
77,F5,54,1.231,S2M
77,F5,55,1.231,S2M
77,F5,56,1.719,S2M
77,F5,57,3.184,S2M
77,F5,58,5.137,S2M
77,F5,59,7.090,S2M
77,F5,60,8.555,S2M
77,F5,61,9.532,S2M
77,F5,62,9.532,S2M
77,F5,63,7.579,S2M
77,F5,64,4.161,S2M
77,F5,65,0.743,S2M
77,F5,66,-0.722,S2M
77,F5,67,-0.234,S2M
77,F5,68,2.207,S2M
77,F5,69,3.184,S2M
77,F5,70,1.719,S2M
77,F5,71,-2.187,S2M
77,F5,72,-6.582,S2M
77,F5,73,-9.511,S2M
77,F5,74,-10.000,S2M
77,F5,75,-8.046,S2M
77,F5,76,-6.093,S2M
77,F5,77,-4.628,S2M
77,F5,78,-3.652,S2M
77,F5,79,-2.675,S2M
77,F5,80,-1.699,S2M
77,F5,81,-0.234,S2M
77,F5,82,1.231,S2M
77,F5,83,2.696,S2M
77,F5,84,3.672,S2M
77,F5,85,4.161,S2M
77,F5,86,3.184,S2M
77,F5,87,2.207,S2M
77,F5,88,1.231,S2M
77,F5,89,0.254,S2M
77,F5,90,-0.722,S2M
77,F5,91,-1.211,S2M
77,F5,92,-2.675,S2M
77,F5,93,-3.652,S2M
77,F5,94,-5.605,S2M
77,F5,95,-8.535,S2M
77,F5,96,-11.464,S2M
77,F5,97,-13.906,S2M
77,F5,98,-14.394,S2M
77,F5,99,-12.441,S2M
77,F5,100,-8.535,S2M
77,F5,101,-5.117,S2M
77,F5,102,-3.652,S2M
77,F5,103,-4.140,S2M
77,F5,104,-5.605,S2M
77,F5,105,-7.070,S2M
77,F5,106,-7.070,S2M
77,F5,107,-5.605,S2M
77,F5,108,-4.140,S2M
77,F5,109,-2.187,S2M
77,F5,110,-0.722,S2M
77,F5,111,0.254,S2M
77,F5,112,-0.234,S2M
77,F5,113,-1.211,S2M
77,F5,114,-2.675,S2M
77,F5,115,-3.164,S2M
77,F5,116,-2.187,S2M
77,F5,117,-0.722,S2M
77,F5,118,-0.234,S2M
77,F5,119,-1.699,S2M
77,F5,120,-4.628,S2M
77,F5,121,-6.582,S2M
77,F5,122,-6.582,S2M
77,F5,123,-4.140,S2M
77,F5,124,-1.699,S2M
77,F5,125,-1.211,S2M
77,F5,126,-3.164,S2M
77,F5,127,-5.117,S2M
77,F5,128,-5.117,S2M
77,F5,129,-3.652,S2M
77,F5,130,-0.722,S2M
77,F5,131,1.231,S2M
77,F5,132,1.231,S2M
77,F5,133,1.231,S2M
77,F5,134,1.719,S2M
77,F5,135,4.161,S2M
77,F5,136,6.602,S2M
77,F5,137,8.067,S2M
77,F5,138,7.579,S2M
77,F5,139,5.625,S2M
77,F5,140,4.161,S2M
77,F5,141,3.672,S2M
77,F5,142,4.161,S2M
77,F5,143,4.161,S2M
77,F5,144,3.184,S2M
77,F5,145,0.254,S2M
77,F5,146,-2.675,S2M
77,F5,147,-5.117,S2M
77,F5,148,-5.605,S2M
77,F5,149,-5.117,S2M
77,F5,150,-4.628,S2M
77,F5,151,-4.628,S2M
77,F5,152,-5.605,S2M
77,F5,153,-6.582,S2M
77,F5,154,-6.093,S2M
77,F5,155,-4.140,S2M
77,F5,156,-1.211,S2M
77,F5,157,1.719,S2M
77,F5,158,2.696,S2M
77,F5,159,2.207,S2M
77,F5,160,0.254,S2M
77,F5,161,-2.187,S2M
77,F5,162,-4.628,S2M
77,F5,163,-5.117,S2M
77,F5,164,-5.117,S2M
77,F5,165,-4.628,S2M
77,F5,166,-3.652,S2M
77,F5,167,-2.675,S2M
77,F5,168,-1.211,S2M
77,F5,169,-0.234,S2M
77,F5,170,0.254,S2M
77,F5,171,-1.211,S2M
77,F5,172,-3.652,S2M
77,F5,173,-7.070,S2M
77,F5,174,-9.023,S2M
77,F5,175,-9.023,S2M
77,F5,176,-7.558,S2M
77,F5,177,-5.605,S2M
77,F5,178,-3.652,S2M
77,F5,179,-2.187,S2M
77,F5,180,-1.211,S2M
77,F5,181,-0.722,S2M
77,F5,182,-1.211,S2M
77,F5,183,-2.187,S2M
77,F5,184,-3.164,S2M
77,F5,185,-2.675,S2M
77,F5,186,-1.211,S2M
77,F5,187,0.254,S2M
77,F5,188,0.254,S2M
77,F5,189,-1.699,S2M
77,F5,190,-4.140,S2M
77,F5,191,-5.605,S2M
77,F5,192,-5.605,S2M
77,F5,193,-4.628,S2M
77,F5,194,-3.164,S2M
77,F5,195,-1.211,S2M
77,F5,196,0.743,S2M
77,F5,197,2.696,S2M
77,F5,198,4.161,S2M
77,F5,199,3.184,S2M
77,F5,200,-0.234,S2M
77,F5,201,-4.628,S2M
77,F5,202,-7.070,S2M
77,F5,203,-6.093,S2M
77,F5,204,-2.187,S2M
77,F5,205,2.207,S2M
77,F5,206,4.161,S2M
77,F5,207,2.207,S2M
77,F5,208,-1.211,S2M
77,F5,209,-3.164,S2M
77,F5,210,-2.675,S2M
77,F5,211,-0.234,S2M
77,F5,212,0.254,S2M
77,F5,213,-1.699,S2M
77,F5,214,-5.117,S2M
77,F5,215,-7.558,S2M
77,F5,216,-6.582,S2M
77,F5,217,-3.652,S2M
77,F5,218,-0.722,S2M
77,F5,219,0.254,S2M
77,F5,220,-2.675,S2M
77,F5,221,-6.582,S2M
77,F5,222,-9.023,S2M
77,F5,223,-8.535,S2M
77,F5,224,-5.605,S2M
77,F5,225,-1.211,S2M
77,F5,226,2.207,S2M
77,F5,227,4.649,S2M
77,F5,228,5.137,S2M
77,F5,229,3.672,S2M
77,F5,230,1.231,S2M
77,F5,231,-2.187,S2M
77,F5,232,-4.628,S2M
77,F5,233,-5.605,S2M
77,F5,234,-4.628,S2M
77,F5,235,-2.675,S2M
77,F5,236,-1.211,S2M
77,F5,237,-0.722,S2M
77,F5,238,-0.722,S2M
77,F5,239,0.254,S2M
77,F5,240,1.719,S2M
77,F5,241,3.672,S2M
77,F5,242,4.161,S2M
77,F5,243,2.696,S2M
77,F5,244,0.254,S2M
77,F5,245,-0.722,S2M
77,F5,246,0.743,S2M
77,F5,247,3.672,S2M
77,F5,248,7.090,S2M
77,F5,249,7.090,S2M
77,F5,250,4.649,S2M
77,F5,251,1.231,S2M
77,F5,252,-0.234,S2M
77,F5,253,0.254,S2M
77,F5,254,1.231,S2M
77,F5,255,1.231,S2M
77,F6,0,-9.878,S2M
77,F6,1,-8.413,S2M
77,F6,2,-5.971,S2M
77,F6,3,-4.018,S2M
77,F6,4,-3.042,S2M
77,F6,5,-2.065,S2M
77,F6,6,-1.088,S2M
77,F6,7,1.353,S2M
77,F6,8,6.236,S2M
77,F6,9,11.607,S2M
77,F6,10,16.490,S2M
77,F6,11,19.908,S2M
77,F6,12,20.884,S2M
77,F6,13,20.396,S2M
77,F6,14,18.931,S2M
77,F6,15,16.490,S2M
77,F6,16,13.072,S2M
77,F6,17,8.677,S2M
77,F6,18,4.771,S2M
77,F6,19,1.841,S2M
77,F6,20,1.353,S2M
77,F6,21,1.353,S2M
77,F6,22,0.865,S2M
77,F6,23,-0.600,S2M
77,F6,24,-2.553,S2M
77,F6,25,-4.995,S2M
77,F6,26,-5.971,S2M
77,F6,27,-6.460,S2M
77,F6,28,-5.971,S2M
77,F6,29,-5.971,S2M
77,F6,30,-5.971,S2M
77,F6,31,-5.971,S2M
77,F6,32,-4.995,S2M
77,F6,33,-2.553,S2M
77,F6,34,0.376,S2M
77,F6,35,2.330,S2M
77,F6,36,3.794,S2M
77,F6,37,4.771,S2M
77,F6,38,6.236,S2M
77,F6,39,8.189,S2M
77,F6,40,9.654,S2M
77,F6,41,10.630,S2M
77,F6,42,9.654,S2M
77,F6,43,7.701,S2M
77,F6,44,5.747,S2M
77,F6,45,3.794,S2M
77,F6,46,1.353,S2M
77,F6,47,-1.088,S2M
77,F6,48,-4.018,S2M
77,F6,49,-6.948,S2M
77,F6,50,-8.413,S2M
77,F6,51,-7.924,S2M
77,F6,52,-6.460,S2M
77,F6,53,-5.483,S2M
77,F6,54,-4.995,S2M
77,F6,55,-4.506,S2M
77,F6,56,-3.042,S2M
77,F6,57,0.376,S2M
77,F6,58,3.306,S2M
77,F6,59,5.259,S2M
77,F6,60,5.747,S2M
77,F6,61,5.259,S2M
77,F6,62,4.771,S2M
77,F6,63,4.771,S2M
77,F6,64,5.747,S2M
77,F6,65,5.747,S2M
77,F6,66,4.283,S2M
77,F6,67,0.376,S2M
77,F6,68,-4.018,S2M
77,F6,69,-7.436,S2M
77,F6,70,-9.878,S2M
77,F6,71,-10.366,S2M
77,F6,72,-10.854,S2M
77,F6,73,-10.854,S2M
77,F6,74,-11.831,S2M
77,F6,75,-12.807,S2M
77,F6,76,-12.807,S2M
77,F6,77,-11.342,S2M
77,F6,78,-9.389,S2M
77,F6,79,-6.948,S2M
77,F6,80,-4.995,S2M
77,F6,81,-4.018,S2M
77,F6,82,-3.042,S2M
77,F6,83,-2.065,S2M
77,F6,84,-1.577,S2M
77,F6,85,-1.088,S2M
77,F6,86,-1.088,S2M
77,F6,87,-1.088,S2M
77,F6,88,-1.088,S2M
77,F6,89,-1.577,S2M
77,F6,90,-3.530,S2M
77,F6,91,-6.460,S2M
77,F6,92,-10.366,S2M
77,F6,93,-12.807,S2M
77,F6,94,-14.272,S2M
77,F6,95,-14.272,S2M
77,F6,96,-12.807,S2M
77,F6,97,-12.807,S2M
77,F6,98,-13.295,S2M
77,F6,99,-14.760,S2M
77,F6,100,-15.737,S2M
77,F6,101,-15.249,S2M
77,F6,102,-12.807,S2M
77,F6,103,-9.389,S2M
77,F6,104,-7.436,S2M
77,F6,105,-6.460,S2M
77,F6,106,-6.460,S2M
77,F6,107,-6.460,S2M
77,F6,108,-4.995,S2M
77,F6,109,-3.530,S2M
77,F6,110,-1.088,S2M
77,F6,111,0.376,S2M
77,F6,112,0.865,S2M
77,F6,113,0.865,S2M
77,F6,114,1.353,S2M
77,F6,115,2.330,S2M
77,F6,116,2.818,S2M
77,F6,117,2.818,S2M
77,F6,118,0.865,S2M
77,F6,119,-1.088,S2M
77,F6,120,-3.042,S2M
77,F6,121,-4.506,S2M
77,F6,122,-4.995,S2M
77,F6,123,-5.971,S2M
77,F6,124,-6.948,S2M
77,F6,125,-7.924,S2M
77,F6,126,-6.948,S2M
77,F6,127,-4.995,S2M
77,F6,128,-2.065,S2M
77,F6,129,0.376,S2M
77,F6,130,2.330,S2M
77,F6,131,2.818,S2M
77,F6,132,3.306,S2M
77,F6,133,3.794,S2M
77,F6,134,3.794,S2M
77,F6,135,4.771,S2M
77,F6,136,5.259,S2M
77,F6,137,6.236,S2M
77,F6,138,7.212,S2M
77,F6,139,6.724,S2M
77,F6,140,4.771,S2M
77,F6,141,2.330,S2M
77,F6,142,-0.600,S2M
77,F6,143,-2.553,S2M
77,F6,144,-4.018,S2M
77,F6,145,-4.995,S2M
77,F6,146,-6.460,S2M
77,F6,147,-8.901,S2M
77,F6,148,-11.342,S2M
77,F6,149,-12.807,S2M
77,F6,150,-12.807,S2M
77,F6,151,-11.831,S2M
77,F6,152,-10.366,S2M
77,F6,153,-7.924,S2M
77,F6,154,-6.460,S2M
77,F6,155,-4.995,S2M
77,F6,156,-4.995,S2M
77,F6,157,-4.995,S2M
77,F6,158,-5.483,S2M
77,F6,159,-4.995,S2M
77,F6,160,-4.506,S2M
77,F6,161,-3.042,S2M
77,F6,162,-3.530,S2M
77,F6,163,-4.018,S2M
77,F6,164,-5.483,S2M
77,F6,165,-6.460,S2M
77,F6,166,-6.948,S2M
77,F6,167,-7.436,S2M
77,F6,168,-8.413,S2M
77,F6,169,-10.854,S2M
77,F6,170,-12.807,S2M
77,F6,171,-14.760,S2M
77,F6,172,-14.760,S2M
77,F6,173,-13.295,S2M
77,F6,174,-11.342,S2M
77,F6,175,-9.878,S2M
77,F6,176,-9.389,S2M
77,F6,177,-10.366,S2M
77,F6,178,-11.342,S2M
77,F6,179,-12.319,S2M
77,F6,180,-11.831,S2M
77,F6,181,-10.366,S2M
77,F6,182,-7.924,S2M
77,F6,183,-6.460,S2M
77,F6,184,-5.483,S2M
77,F6,185,-5.971,S2M
77,F6,186,-6.460,S2M
77,F6,187,-5.971,S2M
77,F6,188,-5.483,S2M
77,F6,189,-4.506,S2M
77,F6,190,-4.995,S2M
77,F6,191,-6.460,S2M
77,F6,192,-8.901,S2M
77,F6,193,-11.342,S2M
77,F6,194,-12.319,S2M
77,F6,195,-11.831,S2M
77,F6,196,-10.366,S2M
77,F6,197,-8.901,S2M
77,F6,198,-9.389,S2M
77,F6,199,-10.854,S2M
77,F6,200,-13.784,S2M
77,F6,201,-15.737,S2M
77,F6,202,-15.249,S2M
77,F6,203,-13.295,S2M
77,F6,204,-10.854,S2M
77,F6,205,-8.413,S2M
77,F6,206,-6.948,S2M
77,F6,207,-5.483,S2M
77,F6,208,-4.995,S2M
77,F6,209,-3.530,S2M
77,F6,210,-3.042,S2M
77,F6,211,-3.530,S2M
77,F6,212,-4.506,S2M
77,F6,213,-5.483,S2M
77,F6,214,-5.483,S2M
77,F6,215,-4.506,S2M
77,F6,216,-2.065,S2M
77,F6,217,0.865,S2M
77,F6,218,1.841,S2M
77,F6,219,0.865,S2M
77,F6,220,-2.553,S2M
77,F6,221,-6.460,S2M
77,F6,222,-9.878,S2M
77,F6,223,-10.366,S2M
77,F6,224,-7.924,S2M
77,F6,225,-3.530,S2M
77,F6,226,-0.112,S2M
77,F6,227,1.353,S2M
77,F6,228,-0.112,S2M
77,F6,229,-2.065,S2M
77,F6,230,-3.042,S2M
77,F6,231,-1.088,S2M
77,F6,232,1.841,S2M
77,F6,233,4.771,S2M
77,F6,234,5.747,S2M
77,F6,235,3.794,S2M
77,F6,236,1.353,S2M
77,F6,237,-0.112,S2M
77,F6,238,0.865,S2M
77,F6,239,3.794,S2M
77,F6,240,6.724,S2M
77,F6,241,7.701,S2M
77,F6,242,5.747,S2M
77,F6,243,2.330,S2M
77,F6,244,-0.112,S2M
77,F6,245,-0.112,S2M
77,F6,246,2.330,S2M
77,F6,247,4.771,S2M
77,F6,248,5.259,S2M
77,F6,249,3.306,S2M
77,F6,250,0.865,S2M
77,F6,251,-0.112,S2M
77,F6,252,0.865,S2M
77,F6,253,3.306,S2M
77,F6,254,5.747,S2M
77,F6,255,6.236,S2M
77,FT7,0,-4.191,S2M
77,FT7,1,-3.215,S2M
77,FT7,2,-0.773,S2M
77,FT7,3,2.645,S2M
77,FT7,4,6.063,S2M
77,FT7,5,9.969,S2M
77,FT7,6,13.875,S2M
77,FT7,7,16.805,S2M
77,FT7,8,18.270,S2M
77,FT7,9,18.270,S2M
77,FT7,10,16.805,S2M
77,FT7,11,14.364,S2M
77,FT7,12,12.410,S2M
77,FT7,13,10.946,S2M
77,FT7,14,9.969,S2M
77,FT7,15,8.993,S2M
77,FT7,16,7.528,S2M
77,FT7,17,5.086,S2M
77,FT7,18,3.133,S2M
77,FT7,19,0.692,S2M
77,FT7,20,-0.773,S2M
77,FT7,21,-2.726,S2M
77,FT7,22,-4.191,S2M
77,FT7,23,-6.144,S2M
77,FT7,24,-7.609,S2M
77,FT7,25,-9.074,S2M
77,FT7,26,-10.539,S2M
77,FT7,27,-11.027,S2M
77,FT7,28,-11.027,S2M
77,FT7,29,-9.562,S2M
77,FT7,30,-7.609,S2M
77,FT7,31,-5.656,S2M
77,FT7,32,-4.679,S2M
77,FT7,33,-4.191,S2M
77,FT7,34,-4.191,S2M
77,FT7,35,-3.215,S2M
77,FT7,36,-0.285,S2M
77,FT7,37,3.621,S2M
77,FT7,38,8.016,S2M
77,FT7,39,10.457,S2M
77,FT7,40,10.457,S2M
77,FT7,41,8.504,S2M
77,FT7,42,5.575,S2M
77,FT7,43,3.621,S2M
77,FT7,44,2.645,S2M
77,FT7,45,2.157,S2M
77,FT7,46,1.180,S2M
77,FT7,47,-0.773,S2M
77,FT7,48,-3.215,S2M
77,FT7,49,-5.168,S2M
77,FT7,50,-5.168,S2M
77,FT7,51,-4.679,S2M
77,FT7,52,-3.703,S2M
77,FT7,53,-3.215,S2M
77,FT7,54,-2.726,S2M
77,FT7,55,-1.750,S2M
77,FT7,56,0.692,S2M
77,FT7,57,4.110,S2M
77,FT7,58,8.504,S2M
77,FT7,59,10.946,S2M
77,FT7,60,11.922,S2M
77,FT7,61,10.946,S2M
77,FT7,62,8.504,S2M
77,FT7,63,6.551,S2M
77,FT7,64,6.063,S2M
77,FT7,65,6.063,S2M
77,FT7,66,6.063,S2M
77,FT7,67,5.575,S2M
77,FT7,68,4.110,S2M
77,FT7,69,1.668,S2M
77,FT7,70,-0.773,S2M
77,FT7,71,-3.215,S2M
77,FT7,72,-5.656,S2M
77,FT7,73,-7.121,S2M
77,FT7,74,-8.586,S2M
77,FT7,75,-8.586,S2M
77,FT7,76,-8.097,S2M
77,FT7,77,-6.144,S2M
77,FT7,78,-3.703,S2M
77,FT7,79,-1.750,S2M
77,FT7,80,-0.285,S2M
77,FT7,81,0.203,S2M
77,FT7,82,0.203,S2M
77,FT7,83,0.692,S2M
77,FT7,84,2.157,S2M
77,FT7,85,3.621,S2M
77,FT7,86,5.575,S2M
77,FT7,87,6.063,S2M
77,FT7,88,5.575,S2M
77,FT7,89,3.621,S2M
77,FT7,90,0.692,S2M
77,FT7,91,-2.726,S2M
77,FT7,92,-5.168,S2M
77,FT7,93,-5.168,S2M
77,FT7,94,-3.703,S2M
77,FT7,95,-1.750,S2M
77,FT7,96,-1.261,S2M
77,FT7,97,-4.191,S2M
77,FT7,98,-8.586,S2M
77,FT7,99,-12.492,S2M
77,FT7,100,-12.980,S2M
77,FT7,101,-11.515,S2M
77,FT7,102,-8.586,S2M
77,FT7,103,-6.632,S2M
77,FT7,104,-6.632,S2M
77,FT7,105,-6.144,S2M
77,FT7,106,-5.168,S2M
77,FT7,107,-2.726,S2M
77,FT7,108,-0.285,S2M
77,FT7,109,0.203,S2M
77,FT7,110,-0.773,S2M
77,FT7,111,-1.261,S2M
77,FT7,112,-0.285,S2M
77,FT7,113,2.157,S2M
77,FT7,114,4.110,S2M
77,FT7,115,4.598,S2M
77,FT7,116,3.133,S2M
77,FT7,117,1.180,S2M
77,FT7,118,0.203,S2M
77,FT7,119,0.203,S2M
77,FT7,120,0.203,S2M
77,FT7,121,-0.285,S2M
77,FT7,122,-1.261,S2M
77,FT7,123,-2.238,S2M
77,FT7,124,-2.238,S2M
77,FT7,125,-2.238,S2M
77,FT7,126,-2.238,S2M
77,FT7,127,-2.238,S2M
77,FT7,128,-2.238,S2M
77,FT7,129,-2.238,S2M
77,FT7,130,-1.261,S2M
77,FT7,131,0.203,S2M
77,FT7,132,0.692,S2M
77,FT7,133,1.668,S2M
77,FT7,134,2.645,S2M
77,FT7,135,4.598,S2M
77,FT7,136,6.063,S2M
77,FT7,137,7.528,S2M
77,FT7,138,7.528,S2M
77,FT7,139,6.551,S2M
77,FT7,140,5.086,S2M
77,FT7,141,4.110,S2M
77,FT7,142,4.598,S2M
77,FT7,143,5.575,S2M
77,FT7,144,5.086,S2M
77,FT7,145,2.645,S2M
77,FT7,146,-1.261,S2M
77,FT7,147,-5.656,S2M
77,FT7,148,-9.074,S2M
77,FT7,149,-10.050,S2M
77,FT7,150,-9.562,S2M
77,FT7,151,-7.609,S2M
77,FT7,152,-5.168,S2M
77,FT7,153,-3.703,S2M
77,FT7,154,-4.191,S2M
77,FT7,155,-6.144,S2M
77,FT7,156,-8.097,S2M
77,FT7,157,-8.586,S2M
77,FT7,158,-7.121,S2M
77,FT7,159,-4.191,S2M
77,FT7,160,-1.261,S2M
77,FT7,161,0.203,S2M
77,FT7,162,-1.261,S2M
77,FT7,163,-5.168,S2M
77,FT7,164,-7.609,S2M
77,FT7,165,-8.586,S2M
77,FT7,166,-6.632,S2M
77,FT7,167,-3.703,S2M
77,FT7,168,-1.750,S2M
77,FT7,169,-2.238,S2M
77,FT7,170,-3.703,S2M
77,FT7,171,-5.656,S2M
77,FT7,172,-6.632,S2M
77,FT7,173,-6.144,S2M
77,FT7,174,-5.656,S2M
77,FT7,175,-5.656,S2M
77,FT7,176,-7.609,S2M
77,FT7,177,-9.074,S2M
77,FT7,178,-9.562,S2M
77,FT7,179,-7.609,S2M
77,FT7,180,-3.215,S2M
77,FT7,181,1.668,S2M
77,FT7,182,4.598,S2M
77,FT7,183,3.133,S2M
77,FT7,184,-0.285,S2M
77,FT7,185,-4.679,S2M
77,FT7,186,-6.632,S2M
77,FT7,187,-6.144,S2M
77,FT7,188,-4.191,S2M
77,FT7,189,-3.703,S2M
77,FT7,190,-5.168,S2M
77,FT7,191,-7.609,S2M
77,FT7,192,-10.539,S2M
77,FT7,193,-11.027,S2M
77,FT7,194,-9.562,S2M
77,FT7,195,-7.609,S2M
77,FT7,196,-5.168,S2M
77,FT7,197,-4.191,S2M
77,FT7,198,-4.191,S2M
77,FT7,199,-4.191,S2M
77,FT7,200,-4.191,S2M
77,FT7,201,-3.215,S2M
77,FT7,202,-1.261,S2M
77,FT7,203,0.692,S2M
77,FT7,204,2.157,S2M
77,FT7,205,3.133,S2M
77,FT7,206,2.645,S2M
77,FT7,207,1.180,S2M
77,FT7,208,-0.773,S2M
77,FT7,209,-2.238,S2M
77,FT7,210,-3.215,S2M
77,FT7,211,-4.679,S2M
77,FT7,212,-6.632,S2M
77,FT7,213,-8.586,S2M
77,FT7,214,-10.050,S2M
77,FT7,215,-10.050,S2M
77,FT7,216,-9.074,S2M
77,FT7,217,-7.609,S2M
77,FT7,218,-6.632,S2M
77,FT7,219,-6.632,S2M
77,FT7,220,-7.609,S2M
77,FT7,221,-8.097,S2M
77,FT7,222,-8.097,S2M
77,FT7,223,-6.632,S2M
77,FT7,224,-5.168,S2M
77,FT7,225,-4.191,S2M
77,FT7,226,-3.215,S2M
77,FT7,227,-2.238,S2M
77,FT7,228,-1.261,S2M
77,FT7,229,-0.773,S2M
77,FT7,230,-1.261,S2M
77,FT7,231,-3.215,S2M
77,FT7,232,-7.121,S2M
77,FT7,233,-10.050,S2M
77,FT7,234,-11.027,S2M
77,FT7,235,-9.562,S2M
77,FT7,236,-6.144,S2M
77,FT7,237,-1.750,S2M
77,FT7,238,0.692,S2M
77,FT7,239,1.668,S2M
77,FT7,240,0.203,S2M
77,FT7,241,-1.261,S2M
77,FT7,242,-2.238,S2M
77,FT7,243,-1.750,S2M
77,FT7,244,-1.261,S2M
77,FT7,245,-1.261,S2M
77,FT7,246,-0.773,S2M
77,FT7,247,-0.773,S2M
77,FT7,248,0.203,S2M
77,FT7,249,1.668,S2M
77,FT7,250,3.621,S2M
77,FT7,251,4.598,S2M
77,FT7,252,4.110,S2M
77,FT7,253,3.133,S2M
77,FT7,254,2.157,S2M
77,FT7,255,0.692,S2M
77,FT8,0,-4.435,S2M
77,FT8,1,-2.482,S2M
77,FT8,2,-1.506,S2M
77,FT8,3,-1.017,S2M
77,FT8,4,-1.017,S2M
77,FT8,5,-0.529,S2M
77,FT8,6,1.424,S2M
77,FT8,7,5.330,S2M
77,FT8,8,9.725,S2M
77,FT8,9,13.143,S2M
77,FT8,10,15.584,S2M
77,FT8,11,18.026,S2M
77,FT8,12,19.979,S2M
77,FT8,13,21.444,S2M
77,FT8,14,20.955,S2M
77,FT8,15,18.026,S2M
77,FT8,16,13.143,S2M
77,FT8,17,8.260,S2M
77,FT8,18,4.354,S2M
77,FT8,19,1.912,S2M
77,FT8,20,1.424,S2M
77,FT8,21,0.936,S2M
77,FT8,22,-1.017,S2M
77,FT8,23,-3.459,S2M
77,FT8,24,-6.388,S2M
77,FT8,25,-8.830,S2M
77,FT8,26,-11.271,S2M
77,FT8,27,-13.713,S2M
77,FT8,28,-15.177,S2M
77,FT8,29,-15.666,S2M
77,FT8,30,-15.177,S2M
77,FT8,31,-14.201,S2M
77,FT8,32,-12.736,S2M
77,FT8,33,-10.783,S2M
77,FT8,34,-9.318,S2M
77,FT8,35,-6.877,S2M
77,FT8,36,-3.947,S2M
77,FT8,37,0.448,S2M
77,FT8,38,4.842,S2M
77,FT8,39,8.260,S2M
77,FT8,40,9.237,S2M
77,FT8,41,8.260,S2M
77,FT8,42,5.819,S2M
77,FT8,43,2.889,S2M
77,FT8,44,0.448,S2M
77,FT8,45,-2.482,S2M
77,FT8,46,-5.900,S2M
77,FT8,47,-9.806,S2M
77,FT8,48,-13.713,S2M
77,FT8,49,-16.642,S2M
77,FT8,50,-16.642,S2M
77,FT8,51,-14.201,S2M
77,FT8,52,-11.271,S2M
77,FT8,53,-9.806,S2M
77,FT8,54,-10.295,S2M
77,FT8,55,-11.759,S2M
77,FT8,56,-13.224,S2M
77,FT8,57,-12.736,S2M
77,FT8,58,-10.783,S2M
77,FT8,59,-7.853,S2M
77,FT8,60,-4.924,S2M
77,FT8,61,-3.459,S2M
77,FT8,62,-1.994,S2M
77,FT8,63,-1.506,S2M
77,FT8,64,-1.506,S2M
77,FT8,65,-2.482,S2M
77,FT8,66,-4.924,S2M
77,FT8,67,-9.318,S2M
77,FT8,68,-13.713,S2M
77,FT8,69,-17.619,S2M
77,FT8,70,-20.060,S2M
77,FT8,71,-21.037,S2M
77,FT8,72,-21.525,S2M
77,FT8,73,-21.525,S2M
77,FT8,74,-21.525,S2M
77,FT8,75,-21.037,S2M
77,FT8,76,-20.549,S2M
77,FT8,77,-19.084,S2M
77,FT8,78,-17.619,S2M
77,FT8,79,-15.666,S2M
77,FT8,80,-14.201,S2M
77,FT8,81,-13.224,S2M
77,FT8,82,-13.224,S2M
77,FT8,83,-12.736,S2M
77,FT8,84,-11.759,S2M
77,FT8,85,-10.783,S2M
77,FT8,86,-9.806,S2M
77,FT8,87,-9.806,S2M
77,FT8,88,-11.759,S2M
77,FT8,89,-14.689,S2M
77,FT8,90,-18.107,S2M
77,FT8,91,-20.549,S2M
77,FT8,92,-21.525,S2M
77,FT8,93,-21.525,S2M
77,FT8,94,-21.037,S2M
77,FT8,95,-20.060,S2M
77,FT8,96,-19.572,S2M
77,FT8,97,-19.084,S2M
77,FT8,98,-20.060,S2M
77,FT8,99,-21.037,S2M
77,FT8,100,-22.013,S2M
77,FT8,101,-22.013,S2M
77,FT8,102,-21.037,S2M
77,FT8,103,-18.595,S2M
77,FT8,104,-15.666,S2M
77,FT8,105,-13.224,S2M
77,FT8,106,-12.248,S2M
77,FT8,107,-13.224,S2M
77,FT8,108,-13.713,S2M
77,FT8,109,-13.224,S2M
77,FT8,110,-10.783,S2M
77,FT8,111,-6.877,S2M
77,FT8,112,-3.947,S2M
77,FT8,113,-2.482,S2M
77,FT8,114,-2.482,S2M
77,FT8,115,-3.459,S2M
77,FT8,116,-4.924,S2M
77,FT8,117,-6.388,S2M
77,FT8,118,-8.830,S2M
77,FT8,119,-11.271,S2M
77,FT8,120,-13.713,S2M
77,FT8,121,-15.666,S2M
77,FT8,122,-16.154,S2M
77,FT8,123,-15.666,S2M
77,FT8,124,-14.201,S2M
77,FT8,125,-13.224,S2M
77,FT8,126,-12.736,S2M
77,FT8,127,-12.736,S2M
77,FT8,128,-11.759,S2M
77,FT8,129,-10.783,S2M
77,FT8,130,-8.830,S2M
77,FT8,131,-6.877,S2M
77,FT8,132,-5.412,S2M
77,FT8,133,-3.947,S2M
77,FT8,134,-1.506,S2M
77,FT8,135,-0.041,S2M
77,FT8,136,1.424,S2M
77,FT8,137,1.424,S2M
77,FT8,138,-0.041,S2M
77,FT8,139,-1.017,S2M
77,FT8,140,-1.994,S2M
77,FT8,141,-1.994,S2M
77,FT8,142,-2.970,S2M
77,FT8,143,-4.435,S2M
77,FT8,144,-7.365,S2M
77,FT8,145,-10.783,S2M
77,FT8,146,-13.713,S2M
77,FT8,147,-15.666,S2M
77,FT8,148,-16.642,S2M
77,FT8,149,-16.642,S2M
77,FT8,150,-17.131,S2M
77,FT8,151,-17.131,S2M
77,FT8,152,-16.642,S2M
77,FT8,153,-15.177,S2M
77,FT8,154,-12.736,S2M
77,FT8,155,-11.759,S2M
77,FT8,156,-10.783,S2M
77,FT8,157,-10.783,S2M
77,FT8,158,-10.295,S2M
77,FT8,159,-8.341,S2M
77,FT8,160,-5.412,S2M
77,FT8,161,-2.970,S2M
77,FT8,162,-2.970,S2M
77,FT8,163,-4.924,S2M
77,FT8,164,-7.365,S2M
77,FT8,165,-9.806,S2M
77,FT8,166,-11.271,S2M
77,FT8,167,-11.759,S2M
77,FT8,168,-12.248,S2M
77,FT8,169,-12.736,S2M
77,FT8,170,-13.713,S2M
77,FT8,171,-15.666,S2M
77,FT8,172,-17.131,S2M
77,FT8,173,-18.107,S2M
77,FT8,174,-18.595,S2M
77,FT8,175,-18.595,S2M
77,FT8,176,-18.107,S2M
77,FT8,177,-17.131,S2M
77,FT8,178,-16.154,S2M
77,FT8,179,-15.666,S2M
77,FT8,180,-15.666,S2M
77,FT8,181,-16.154,S2M
77,FT8,182,-16.642,S2M
77,FT8,183,-16.642,S2M
77,FT8,184,-14.689,S2M
77,FT8,185,-12.248,S2M
77,FT8,186,-10.295,S2M
77,FT8,187,-9.806,S2M
77,FT8,188,-9.806,S2M
77,FT8,189,-11.271,S2M
77,FT8,190,-12.736,S2M
77,FT8,191,-14.201,S2M
77,FT8,192,-16.642,S2M
77,FT8,193,-19.084,S2M
77,FT8,194,-22.502,S2M
77,FT8,195,-23.966,S2M
77,FT8,196,-24.455,S2M
77,FT8,197,-23.478,S2M
77,FT8,198,-22.013,S2M
77,FT8,199,-21.037,S2M
77,FT8,200,-20.549,S2M
77,FT8,201,-20.549,S2M
77,FT8,202,-20.060,S2M
77,FT8,203,-18.595,S2M
77,FT8,204,-16.642,S2M
77,FT8,205,-15.666,S2M
77,FT8,206,-14.689,S2M
77,FT8,207,-14.201,S2M
77,FT8,208,-13.224,S2M
77,FT8,209,-12.248,S2M
77,FT8,210,-11.759,S2M
77,FT8,211,-11.759,S2M
77,FT8,212,-12.736,S2M
77,FT8,213,-13.224,S2M
77,FT8,214,-13.224,S2M
77,FT8,215,-11.759,S2M
77,FT8,216,-9.806,S2M
77,FT8,217,-8.341,S2M
77,FT8,218,-7.853,S2M
77,FT8,219,-9.318,S2M
77,FT8,220,-11.759,S2M
77,FT8,221,-14.689,S2M
77,FT8,222,-16.154,S2M
77,FT8,223,-15.666,S2M
77,FT8,224,-13.713,S2M
77,FT8,225,-11.271,S2M
77,FT8,226,-8.830,S2M
77,FT8,227,-8.830,S2M
77,FT8,228,-9.806,S2M
77,FT8,229,-11.759,S2M
77,FT8,230,-12.736,S2M
77,FT8,231,-11.759,S2M
77,FT8,232,-9.806,S2M
77,FT8,233,-7.365,S2M
77,FT8,234,-6.388,S2M
77,FT8,235,-6.877,S2M
77,FT8,236,-7.365,S2M
77,FT8,237,-7.853,S2M
77,FT8,238,-6.388,S2M
77,FT8,239,-2.970,S2M
77,FT8,240,-1.017,S2M
77,FT8,241,-0.041,S2M
77,FT8,242,-1.994,S2M
77,FT8,243,-4.924,S2M
77,FT8,244,-7.365,S2M
77,FT8,245,-8.341,S2M
77,FT8,246,-7.853,S2M
77,FT8,247,-6.388,S2M
77,FT8,248,-5.900,S2M
77,FT8,249,-6.877,S2M
77,FT8,250,-7.853,S2M
77,FT8,251,-7.853,S2M
77,FT8,252,-6.388,S2M
77,FT8,253,-4.435,S2M
77,FT8,254,-2.970,S2M
77,FT8,255,-1.994,S2M
77,FPZ,0,-10.630,S2M
77,FPZ,1,-7.212,S2M
77,FPZ,2,-4.771,S2M
77,FPZ,3,-2.818,S2M
77,FPZ,4,-1.353,S2M
77,FPZ,5,-0.376,S2M
77,FPZ,6,1.577,S2M
77,FPZ,7,4.506,S2M
77,FPZ,8,8.413,S2M
77,FPZ,9,12.319,S2M
77,FPZ,10,15.249,S2M
77,FPZ,11,17.690,S2M
77,FPZ,12,18.667,S2M
77,FPZ,13,18.178,S2M
77,FPZ,14,16.225,S2M
77,FPZ,15,11.831,S2M
77,FPZ,16,6.460,S2M
77,FPZ,17,1.088,S2M
77,FPZ,18,-2.818,S2M
77,FPZ,19,-4.283,S2M
77,FPZ,20,-3.794,S2M
77,FPZ,21,-3.306,S2M
77,FPZ,22,-3.306,S2M
77,FPZ,23,-4.283,S2M
77,FPZ,24,-6.236,S2M
77,FPZ,25,-7.212,S2M
77,FPZ,26,-7.701,S2M
77,FPZ,27,-7.212,S2M
77,FPZ,28,-6.724,S2M
77,FPZ,29,-5.747,S2M
77,FPZ,30,-4.771,S2M
77,FPZ,31,-3.306,S2M
77,FPZ,32,-1.353,S2M
77,FPZ,33,0.600,S2M
77,FPZ,34,1.088,S2M
77,FPZ,35,0.600,S2M
77,FPZ,36,0.112,S2M
77,FPZ,37,1.088,S2M
77,FPZ,38,3.530,S2M
77,FPZ,39,6.460,S2M
77,FPZ,40,7.924,S2M
77,FPZ,41,7.924,S2M
77,FPZ,42,5.971,S2M
77,FPZ,43,3.530,S2M
77,FPZ,44,2.553,S2M
77,FPZ,45,2.065,S2M
77,FPZ,46,1.577,S2M
77,FPZ,47,-0.376,S2M
77,FPZ,48,-2.818,S2M
77,FPZ,49,-5.747,S2M
77,FPZ,50,-7.212,S2M
77,FPZ,51,-7.212,S2M
77,FPZ,52,-5.747,S2M
77,FPZ,53,-3.794,S2M
77,FPZ,54,-2.330,S2M
77,FPZ,55,-0.865,S2M
77,FPZ,56,1.088,S2M
77,FPZ,57,4.018,S2M
77,FPZ,58,6.948,S2M
77,FPZ,59,9.878,S2M
77,FPZ,60,10.854,S2M
77,FPZ,61,10.366,S2M
77,FPZ,62,8.413,S2M
77,FPZ,63,6.460,S2M
77,FPZ,64,4.995,S2M
77,FPZ,65,3.530,S2M
77,FPZ,66,2.065,S2M
77,FPZ,67,0.112,S2M
77,FPZ,68,-2.818,S2M
77,FPZ,69,-6.236,S2M
77,FPZ,70,-7.701,S2M
77,FPZ,71,-8.189,S2M
77,FPZ,72,-8.189,S2M
77,FPZ,73,-7.212,S2M
77,FPZ,74,-7.701,S2M
77,FPZ,75,-8.189,S2M
77,FPZ,76,-8.189,S2M
77,FPZ,77,-7.212,S2M
77,FPZ,78,-4.771,S2M
77,FPZ,79,-1.841,S2M
77,FPZ,80,1.088,S2M
77,FPZ,81,2.553,S2M
77,FPZ,82,3.530,S2M
77,FPZ,83,3.530,S2M
77,FPZ,84,4.018,S2M
77,FPZ,85,4.018,S2M
77,FPZ,86,3.530,S2M
77,FPZ,87,3.042,S2M
77,FPZ,88,1.577,S2M
77,FPZ,89,-0.865,S2M
77,FPZ,90,-4.283,S2M
77,FPZ,91,-8.189,S2M
77,FPZ,92,-12.095,S2M
77,FPZ,93,-14.537,S2M
77,FPZ,94,-16.001,S2M
77,FPZ,95,-16.490,S2M
77,FPZ,96,-16.978,S2M
77,FPZ,97,-17.466,S2M
77,FPZ,98,-18.931,S2M
77,FPZ,99,-19.908,S2M
77,FPZ,100,-19.419,S2M
77,FPZ,101,-17.955,S2M
77,FPZ,102,-15.025,S2M
77,FPZ,103,-11.607,S2M
77,FPZ,104,-9.654,S2M
77,FPZ,105,-8.189,S2M
77,FPZ,106,-8.189,S2M
77,FPZ,107,-8.189,S2M
77,FPZ,108,-7.701,S2M
77,FPZ,109,-6.724,S2M
77,FPZ,110,-4.771,S2M
77,FPZ,111,-2.818,S2M
77,FPZ,112,-0.865,S2M
77,FPZ,113,0.600,S2M
77,FPZ,114,1.088,S2M
77,FPZ,115,0.600,S2M
77,FPZ,116,-0.865,S2M
77,FPZ,117,-2.818,S2M
77,FPZ,118,-4.771,S2M
77,FPZ,119,-6.724,S2M
77,FPZ,120,-7.701,S2M
77,FPZ,121,-7.701,S2M
77,FPZ,122,-8.189,S2M
77,FPZ,123,-8.677,S2M
77,FPZ,124,-9.165,S2M
77,FPZ,125,-9.165,S2M
77,FPZ,126,-9.165,S2M
77,FPZ,127,-8.189,S2M
77,FPZ,128,-6.236,S2M
77,FPZ,129,-3.794,S2M
77,FPZ,130,-1.353,S2M
77,FPZ,131,1.577,S2M
77,FPZ,132,4.506,S2M
77,FPZ,133,7.436,S2M
77,FPZ,134,9.389,S2M
77,FPZ,135,10.366,S2M
77,FPZ,136,10.366,S2M
77,FPZ,137,9.878,S2M
77,FPZ,138,9.389,S2M
77,FPZ,139,8.901,S2M
77,FPZ,140,8.413,S2M
77,FPZ,141,7.924,S2M
77,FPZ,142,6.948,S2M
77,FPZ,143,5.971,S2M
77,FPZ,144,4.018,S2M
77,FPZ,145,2.065,S2M
77,FPZ,146,-0.376,S2M
77,FPZ,147,-3.794,S2M
77,FPZ,148,-7.212,S2M
77,FPZ,149,-10.630,S2M
77,FPZ,150,-12.583,S2M
77,FPZ,151,-13.072,S2M
77,FPZ,152,-11.119,S2M
77,FPZ,153,-8.677,S2M
77,FPZ,154,-5.747,S2M
77,FPZ,155,-3.306,S2M
77,FPZ,156,-1.353,S2M
77,FPZ,157,-0.865,S2M
77,FPZ,158,-0.865,S2M
77,FPZ,159,-0.376,S2M
77,FPZ,160,-0.376,S2M
77,FPZ,161,0.112,S2M
77,FPZ,162,-0.376,S2M
77,FPZ,163,-2.330,S2M
77,FPZ,164,-4.283,S2M
77,FPZ,165,-6.236,S2M
77,FPZ,166,-6.724,S2M
77,FPZ,167,-6.236,S2M
77,FPZ,168,-5.747,S2M
77,FPZ,169,-5.747,S2M
77,FPZ,170,-6.236,S2M
77,FPZ,171,-7.701,S2M
77,FPZ,172,-9.165,S2M
77,FPZ,173,-9.654,S2M
77,FPZ,174,-8.677,S2M
77,FPZ,175,-7.701,S2M
77,FPZ,176,-7.212,S2M
77,FPZ,177,-7.212,S2M
77,FPZ,178,-7.701,S2M
77,FPZ,179,-6.724,S2M
77,FPZ,180,-4.771,S2M
77,FPZ,181,-1.353,S2M
77,FPZ,182,1.088,S2M
77,FPZ,183,2.553,S2M
77,FPZ,184,2.553,S2M
77,FPZ,185,0.600,S2M
77,FPZ,186,-0.376,S2M
77,FPZ,187,-0.865,S2M
77,FPZ,188,-0.376,S2M
77,FPZ,189,-0.376,S2M
77,FPZ,190,-0.376,S2M
77,FPZ,191,-1.841,S2M
77,FPZ,192,-3.306,S2M
77,FPZ,193,-5.259,S2M
77,FPZ,194,-5.259,S2M
77,FPZ,195,-3.794,S2M
77,FPZ,196,-1.841,S2M
77,FPZ,197,0.600,S2M
77,FPZ,198,2.065,S2M
77,FPZ,199,2.065,S2M
77,FPZ,200,0.600,S2M
77,FPZ,201,-1.841,S2M
77,FPZ,202,-3.794,S2M
77,FPZ,203,-4.771,S2M
77,FPZ,204,-4.771,S2M
77,FPZ,205,-3.306,S2M
77,FPZ,206,-1.353,S2M
77,FPZ,207,0.112,S2M
77,FPZ,208,1.088,S2M
77,FPZ,209,1.088,S2M
77,FPZ,210,0.600,S2M
77,FPZ,211,0.112,S2M
77,FPZ,212,-0.376,S2M
77,FPZ,213,-0.376,S2M
77,FPZ,214,0.112,S2M
77,FPZ,215,1.577,S2M
77,FPZ,216,4.018,S2M
77,FPZ,217,5.971,S2M
77,FPZ,218,6.460,S2M
77,FPZ,219,4.995,S2M
77,FPZ,220,2.065,S2M
77,FPZ,221,-0.865,S2M
77,FPZ,222,-2.330,S2M
77,FPZ,223,-0.865,S2M
77,FPZ,224,2.553,S2M
77,FPZ,225,5.971,S2M
77,FPZ,226,8.413,S2M
77,FPZ,227,9.389,S2M
77,FPZ,228,8.413,S2M
77,FPZ,229,7.436,S2M
77,FPZ,230,6.948,S2M
77,FPZ,231,6.948,S2M
77,FPZ,232,6.948,S2M
77,FPZ,233,7.436,S2M
77,FPZ,234,7.924,S2M
77,FPZ,235,7.924,S2M
77,FPZ,236,7.436,S2M
77,FPZ,237,6.460,S2M
77,FPZ,238,6.460,S2M
77,FPZ,239,6.948,S2M
77,FPZ,240,8.413,S2M
77,FPZ,241,10.366,S2M
77,FPZ,242,11.342,S2M
77,FPZ,243,11.342,S2M
77,FPZ,244,10.366,S2M
77,FPZ,245,9.389,S2M
77,FPZ,246,9.389,S2M
77,FPZ,247,10.366,S2M
77,FPZ,248,10.854,S2M
77,FPZ,249,10.854,S2M
77,FPZ,250,9.878,S2M
77,FPZ,251,8.413,S2M
77,FPZ,252,8.413,S2M
77,FPZ,253,9.878,S2M
77,FPZ,254,11.342,S2M
77,FPZ,255,12.319,S2M
77,FC4,0,-7.406,S2M
77,FC4,1,-5.941,S2M
77,FC4,2,-4.964,S2M
77,FC4,3,-4.476,S2M
77,FC4,4,-4.476,S2M
77,FC4,5,-4.476,S2M
77,FC4,6,-3.988,S2M
77,FC4,7,-1.546,S2M
77,FC4,8,1.383,S2M
77,FC4,9,4.801,S2M
77,FC4,10,8.219,S2M
77,FC4,11,10.661,S2M
77,FC4,12,12.126,S2M
77,FC4,13,13.590,S2M
77,FC4,14,14.079,S2M
77,FC4,15,12.614,S2M
77,FC4,16,9.684,S2M
77,FC4,17,5.778,S2M
77,FC4,18,2.360,S2M
77,FC4,19,0.407,S2M
77,FC4,20,0.407,S2M
77,FC4,21,0.407,S2M
77,FC4,22,-0.081,S2M
77,FC4,23,-1.546,S2M
77,FC4,24,-3.499,S2M
77,FC4,25,-5.452,S2M
77,FC4,26,-6.429,S2M
77,FC4,27,-6.917,S2M
77,FC4,28,-6.917,S2M
77,FC4,29,-5.941,S2M
77,FC4,30,-5.452,S2M
77,FC4,31,-4.964,S2M
77,FC4,32,-3.988,S2M
77,FC4,33,-2.523,S2M
77,FC4,34,-1.058,S2M
77,FC4,35,0.407,S2M
77,FC4,36,1.383,S2M
77,FC4,37,2.360,S2M
77,FC4,38,3.337,S2M
77,FC4,39,3.825,S2M
77,FC4,40,3.825,S2M
77,FC4,41,4.313,S2M
77,FC4,42,4.313,S2M
77,FC4,43,4.313,S2M
77,FC4,44,4.801,S2M
77,FC4,45,4.801,S2M
77,FC4,46,3.825,S2M
77,FC4,47,1.872,S2M
77,FC4,48,-0.081,S2M
77,FC4,49,-2.035,S2M
77,FC4,50,-3.011,S2M
77,FC4,51,-3.011,S2M
77,FC4,52,-2.523,S2M
77,FC4,53,-3.011,S2M
77,FC4,54,-3.988,S2M
77,FC4,55,-4.964,S2M
77,FC4,56,-4.476,S2M
77,FC4,57,-2.523,S2M
77,FC4,58,-0.081,S2M
77,FC4,59,1.872,S2M
77,FC4,60,3.337,S2M
77,FC4,61,3.337,S2M
77,FC4,62,2.848,S2M
77,FC4,63,2.360,S2M
77,FC4,64,2.360,S2M
77,FC4,65,1.872,S2M
77,FC4,66,0.895,S2M
77,FC4,67,-1.058,S2M
77,FC4,68,-3.011,S2M
77,FC4,69,-4.964,S2M
77,FC4,70,-5.941,S2M
77,FC4,71,-6.429,S2M
77,FC4,72,-6.429,S2M
77,FC4,73,-6.917,S2M
77,FC4,74,-7.406,S2M
77,FC4,75,-7.894,S2M
77,FC4,76,-7.894,S2M
77,FC4,77,-7.406,S2M
77,FC4,78,-6.429,S2M
77,FC4,79,-4.964,S2M
77,FC4,80,-3.011,S2M
77,FC4,81,-2.035,S2M
77,FC4,82,-1.546,S2M
77,FC4,83,-1.546,S2M
77,FC4,84,-1.546,S2M
77,FC4,85,-2.035,S2M
77,FC4,86,-1.546,S2M
77,FC4,87,-1.546,S2M
77,FC4,88,-1.546,S2M
77,FC4,89,-1.546,S2M
77,FC4,90,-3.011,S2M
77,FC4,91,-4.476,S2M
77,FC4,92,-5.941,S2M
77,FC4,93,-6.917,S2M
77,FC4,94,-6.429,S2M
77,FC4,95,-5.941,S2M
77,FC4,96,-4.964,S2M
77,FC4,97,-5.452,S2M
77,FC4,98,-5.941,S2M
77,FC4,99,-7.406,S2M
77,FC4,100,-7.894,S2M
77,FC4,101,-7.406,S2M
77,FC4,102,-6.429,S2M
77,FC4,103,-4.476,S2M
77,FC4,104,-3.499,S2M
77,FC4,105,-2.035,S2M
77,FC4,106,-1.546,S2M
77,FC4,107,-1.546,S2M
77,FC4,108,-1.546,S2M
77,FC4,109,-1.546,S2M
77,FC4,110,-0.570,S2M
77,FC4,111,0.407,S2M
77,FC4,112,1.383,S2M
77,FC4,113,2.360,S2M
77,FC4,114,2.848,S2M
77,FC4,115,2.848,S2M
77,FC4,116,3.337,S2M
77,FC4,117,2.848,S2M
77,FC4,118,1.872,S2M
77,FC4,119,0.407,S2M
77,FC4,120,-1.058,S2M
77,FC4,121,-2.523,S2M
77,FC4,122,-3.988,S2M
77,FC4,123,-5.452,S2M
77,FC4,124,-5.941,S2M
77,FC4,125,-5.941,S2M
77,FC4,126,-5.452,S2M
77,FC4,127,-3.988,S2M
77,FC4,128,-2.523,S2M
77,FC4,129,-1.546,S2M
77,FC4,130,-0.570,S2M
77,FC4,131,-0.081,S2M
77,FC4,132,0.407,S2M
77,FC4,133,1.383,S2M
77,FC4,134,1.872,S2M
77,FC4,135,2.848,S2M
77,FC4,136,3.825,S2M
77,FC4,137,4.801,S2M
77,FC4,138,5.290,S2M
77,FC4,139,5.290,S2M
77,FC4,140,4.313,S2M
77,FC4,141,2.848,S2M
77,FC4,142,1.383,S2M
77,FC4,143,-0.570,S2M
77,FC4,144,-2.035,S2M
77,FC4,145,-3.011,S2M
77,FC4,146,-3.988,S2M
77,FC4,147,-4.476,S2M
77,FC4,148,-5.452,S2M
77,FC4,149,-5.452,S2M
77,FC4,150,-5.941,S2M
77,FC4,151,-5.941,S2M
77,FC4,152,-5.452,S2M
77,FC4,153,-4.476,S2M
77,FC4,154,-3.499,S2M
77,FC4,155,-2.523,S2M
77,FC4,156,-2.035,S2M
77,FC4,157,-2.035,S2M
77,FC4,158,-1.546,S2M
77,FC4,159,-1.058,S2M
77,FC4,160,-0.081,S2M
77,FC4,161,0.895,S2M
77,FC4,162,1.383,S2M
77,FC4,163,1.383,S2M
77,FC4,164,0.895,S2M
77,FC4,165,0.407,S2M
77,FC4,166,-0.570,S2M
77,FC4,167,-1.546,S2M
77,FC4,168,-3.499,S2M
77,FC4,169,-4.964,S2M
77,FC4,170,-6.429,S2M
77,FC4,171,-7.406,S2M
77,FC4,172,-7.406,S2M
77,FC4,173,-6.917,S2M
77,FC4,174,-6.917,S2M
77,FC4,175,-6.917,S2M
77,FC4,176,-6.917,S2M
77,FC4,177,-6.917,S2M
77,FC4,178,-6.429,S2M
77,FC4,179,-5.941,S2M
77,FC4,180,-5.452,S2M
77,FC4,181,-4.964,S2M
77,FC4,182,-3.988,S2M
77,FC4,183,-3.499,S2M
77,FC4,184,-2.035,S2M
77,FC4,185,-1.058,S2M
77,FC4,186,-0.570,S2M
77,FC4,187,-0.081,S2M
77,FC4,188,-0.081,S2M
77,FC4,189,-0.570,S2M
77,FC4,190,-1.058,S2M
77,FC4,191,-2.523,S2M
77,FC4,192,-3.988,S2M
77,FC4,193,-5.452,S2M
77,FC4,194,-6.429,S2M
77,FC4,195,-6.429,S2M
77,FC4,196,-5.941,S2M
77,FC4,197,-5.941,S2M
77,FC4,198,-6.917,S2M
77,FC4,199,-7.894,S2M
77,FC4,200,-9.359,S2M
77,FC4,201,-9.359,S2M
77,FC4,202,-8.870,S2M
77,FC4,203,-7.406,S2M
77,FC4,204,-5.452,S2M
77,FC4,205,-4.476,S2M
77,FC4,206,-3.499,S2M
77,FC4,207,-2.523,S2M
77,FC4,208,-2.035,S2M
77,FC4,209,-1.546,S2M
77,FC4,210,-1.058,S2M
77,FC4,211,-1.058,S2M
77,FC4,212,-1.546,S2M
77,FC4,213,-2.035,S2M
77,FC4,214,-2.035,S2M
77,FC4,215,-1.546,S2M
77,FC4,216,-0.081,S2M
77,FC4,217,1.383,S2M
77,FC4,218,1.872,S2M
77,FC4,219,1.383,S2M
77,FC4,220,-0.081,S2M
77,FC4,221,-2.035,S2M
77,FC4,222,-3.499,S2M
77,FC4,223,-3.988,S2M
77,FC4,224,-3.499,S2M
77,FC4,225,-2.035,S2M
77,FC4,226,-1.058,S2M
77,FC4,227,-0.081,S2M
77,FC4,228,-0.081,S2M
77,FC4,229,0.407,S2M
77,FC4,230,0.407,S2M
77,FC4,231,1.383,S2M
77,FC4,232,3.337,S2M
77,FC4,233,4.313,S2M
77,FC4,234,4.801,S2M
77,FC4,235,3.825,S2M
77,FC4,236,2.848,S2M
77,FC4,237,1.383,S2M
77,FC4,238,1.383,S2M
77,FC4,239,2.848,S2M
77,FC4,240,3.825,S2M
77,FC4,241,5.290,S2M
77,FC4,242,4.801,S2M
77,FC4,243,3.825,S2M
77,FC4,244,3.337,S2M
77,FC4,245,2.848,S2M
77,FC4,246,2.848,S2M
77,FC4,247,2.848,S2M
77,FC4,248,2.360,S2M
77,FC4,249,0.895,S2M
77,FC4,250,-0.081,S2M
77,FC4,251,-0.570,S2M
77,FC4,252,-0.081,S2M
77,FC4,253,1.383,S2M
77,FC4,254,2.848,S2M
77,FC4,255,3.825,S2M
77,FC3,0,-0.977,S2M
77,FC3,1,0.488,S2M
77,FC3,2,1.465,S2M
77,FC3,3,1.953,S2M
77,FC3,4,2.441,S2M
77,FC3,5,3.418,S2M
77,FC3,6,4.395,S2M
77,FC3,7,6.348,S2M
77,FC3,8,7.812,S2M
77,FC3,9,8.789,S2M
77,FC3,10,9.277,S2M
77,FC3,11,8.789,S2M
77,FC3,12,7.812,S2M
77,FC3,13,6.836,S2M
77,FC3,14,5.371,S2M
77,FC3,15,4.395,S2M
77,FC3,16,3.418,S2M
77,FC3,17,1.953,S2M
77,FC3,18,0.488,S2M
77,FC3,19,-0.977,S2M
77,FC3,20,-1.953,S2M
77,FC3,21,-2.441,S2M
77,FC3,22,-2.930,S2M
77,FC3,23,-2.930,S2M
77,FC3,24,-3.418,S2M
77,FC3,25,-2.930,S2M
77,FC3,26,-1.953,S2M
77,FC3,27,-1.465,S2M
77,FC3,28,-1.465,S2M
77,FC3,29,-1.465,S2M
77,FC3,30,-1.465,S2M
77,FC3,31,-1.465,S2M
77,FC3,32,-0.488,S2M
77,FC3,33,0.977,S2M
77,FC3,34,1.953,S2M
77,FC3,35,2.930,S2M
77,FC3,36,4.395,S2M
77,FC3,37,5.371,S2M
77,FC3,38,6.836,S2M
77,FC3,39,8.301,S2M
77,FC3,40,9.766,S2M
77,FC3,41,9.766,S2M
77,FC3,42,9.766,S2M
77,FC3,43,8.789,S2M
77,FC3,44,7.812,S2M
77,FC3,45,6.836,S2M
77,FC3,46,5.371,S2M
77,FC3,47,3.906,S2M
77,FC3,48,1.953,S2M
77,FC3,49,0.488,S2M
77,FC3,50,-0.977,S2M
77,FC3,51,-0.977,S2M
77,FC3,52,0.000,S2M
77,FC3,53,1.465,S2M
77,FC3,54,3.418,S2M
77,FC3,55,5.371,S2M
77,FC3,56,7.324,S2M
77,FC3,57,8.301,S2M
77,FC3,58,8.301,S2M
77,FC3,59,7.812,S2M
77,FC3,60,7.324,S2M
77,FC3,61,6.836,S2M
77,FC3,62,5.859,S2M
77,FC3,63,5.859,S2M
77,FC3,64,5.371,S2M
77,FC3,65,5.859,S2M
77,FC3,66,6.348,S2M
77,FC3,67,6.348,S2M
77,FC3,68,5.859,S2M
77,FC3,69,4.883,S2M
77,FC3,70,3.906,S2M
77,FC3,71,2.441,S2M
77,FC3,72,1.953,S2M
77,FC3,73,0.977,S2M
77,FC3,74,0.488,S2M
77,FC3,75,0.488,S2M
77,FC3,76,0.000,S2M
77,FC3,77,0.000,S2M
77,FC3,78,0.000,S2M
77,FC3,79,0.488,S2M
77,FC3,80,0.488,S2M
77,FC3,81,0.977,S2M
77,FC3,82,1.465,S2M
77,FC3,83,2.441,S2M
77,FC3,84,3.418,S2M
77,FC3,85,4.395,S2M
77,FC3,86,5.371,S2M
77,FC3,87,5.859,S2M
77,FC3,88,6.348,S2M
77,FC3,89,6.348,S2M
77,FC3,90,5.859,S2M
77,FC3,91,4.395,S2M
77,FC3,92,2.441,S2M
77,FC3,93,0.488,S2M
77,FC3,94,-0.977,S2M
77,FC3,95,-1.953,S2M
77,FC3,96,-1.953,S2M
77,FC3,97,-1.953,S2M
77,FC3,98,-2.441,S2M
77,FC3,99,-2.441,S2M
77,FC3,100,-1.953,S2M
77,FC3,101,-0.977,S2M
77,FC3,102,0.488,S2M
77,FC3,103,0.977,S2M
77,FC3,104,0.977,S2M
77,FC3,105,0.488,S2M
77,FC3,106,0.000,S2M
77,FC3,107,0.000,S2M
77,FC3,108,0.977,S2M
77,FC3,109,1.953,S2M
77,FC3,110,1.953,S2M
77,FC3,111,1.953,S2M
77,FC3,112,2.441,S2M
77,FC3,113,2.930,S2M
77,FC3,114,3.418,S2M
77,FC3,115,4.395,S2M
77,FC3,116,3.906,S2M
77,FC3,117,3.418,S2M
77,FC3,118,2.441,S2M
77,FC3,119,1.465,S2M
77,FC3,120,1.465,S2M
77,FC3,121,1.953,S2M
77,FC3,122,2.930,S2M
77,FC3,123,3.418,S2M
77,FC3,124,3.418,S2M
77,FC3,125,2.930,S2M
77,FC3,126,1.953,S2M
77,FC3,127,0.488,S2M
77,FC3,128,0.000,S2M
77,FC3,129,-0.488,S2M
77,FC3,130,0.000,S2M
77,FC3,131,0.977,S2M
77,FC3,132,2.441,S2M
77,FC3,133,3.906,S2M
77,FC3,134,4.395,S2M
77,FC3,135,4.883,S2M
77,FC3,136,4.883,S2M
77,FC3,137,4.395,S2M
77,FC3,138,4.883,S2M
77,FC3,139,4.395,S2M
77,FC3,140,4.883,S2M
77,FC3,141,5.371,S2M
77,FC3,142,5.371,S2M
77,FC3,143,5.859,S2M
77,FC3,144,5.859,S2M
77,FC3,145,5.371,S2M
77,FC3,146,3.906,S2M
77,FC3,147,2.441,S2M
77,FC3,148,0.488,S2M
77,FC3,149,-0.488,S2M
77,FC3,150,-0.488,S2M
77,FC3,151,0.977,S2M
77,FC3,152,3.418,S2M
77,FC3,153,5.371,S2M
77,FC3,154,6.348,S2M
77,FC3,155,5.371,S2M
77,FC3,156,3.906,S2M
77,FC3,157,2.441,S2M
77,FC3,158,1.953,S2M
77,FC3,159,1.953,S2M
77,FC3,160,1.953,S2M
77,FC3,161,1.465,S2M
77,FC3,162,0.977,S2M
77,FC3,163,0.000,S2M
77,FC3,164,0.000,S2M
77,FC3,165,0.488,S2M
77,FC3,166,1.953,S2M
77,FC3,167,3.418,S2M
77,FC3,168,3.906,S2M
77,FC3,169,2.930,S2M
77,FC3,170,1.465,S2M
77,FC3,171,0.000,S2M
77,FC3,172,-0.488,S2M
77,FC3,173,-0.488,S2M
77,FC3,174,-0.488,S2M
77,FC3,175,-0.488,S2M
77,FC3,176,-1.465,S2M
77,FC3,177,-1.953,S2M
77,FC3,178,-1.465,S2M
77,FC3,179,0.000,S2M
77,FC3,180,2.441,S2M
77,FC3,181,4.395,S2M
77,FC3,182,4.883,S2M
77,FC3,183,3.418,S2M
77,FC3,184,1.465,S2M
77,FC3,185,-0.488,S2M
77,FC3,186,-0.977,S2M
77,FC3,187,-0.977,S2M
77,FC3,188,0.000,S2M
77,FC3,189,0.000,S2M
77,FC3,190,-0.488,S2M
77,FC3,191,-0.977,S2M
77,FC3,192,-0.977,S2M
77,FC3,193,0.488,S2M
77,FC3,194,1.953,S2M
77,FC3,195,3.906,S2M
77,FC3,196,4.395,S2M
77,FC3,197,4.883,S2M
77,FC3,198,4.395,S2M
77,FC3,199,3.906,S2M
77,FC3,200,2.930,S2M
77,FC3,201,1.953,S2M
77,FC3,202,1.953,S2M
77,FC3,203,1.953,S2M
77,FC3,204,1.953,S2M
77,FC3,205,2.441,S2M
77,FC3,206,2.441,S2M
77,FC3,207,1.953,S2M
77,FC3,208,0.977,S2M
77,FC3,209,0.488,S2M
77,FC3,210,0.488,S2M
77,FC3,211,0.977,S2M
77,FC3,212,1.465,S2M
77,FC3,213,0.977,S2M
77,FC3,214,0.488,S2M
77,FC3,215,-0.488,S2M
77,FC3,216,-0.977,S2M
77,FC3,217,-0.977,S2M
77,FC3,218,-0.977,S2M
77,FC3,219,-0.488,S2M
77,FC3,220,-0.977,S2M
77,FC3,221,-0.977,S2M
77,FC3,222,0.000,S2M
77,FC3,223,0.977,S2M
77,FC3,224,2.441,S2M
77,FC3,225,3.418,S2M
77,FC3,226,3.906,S2M
77,FC3,227,3.906,S2M
77,FC3,228,3.418,S2M
77,FC3,229,2.930,S2M
77,FC3,230,2.441,S2M
77,FC3,231,0.977,S2M
77,FC3,232,0.000,S2M
77,FC3,233,0.000,S2M
77,FC3,234,0.488,S2M
77,FC3,235,1.953,S2M
77,FC3,236,3.418,S2M
77,FC3,237,3.906,S2M
77,FC3,238,2.930,S2M
77,FC3,239,1.953,S2M
77,FC3,240,1.953,S2M
77,FC3,241,2.441,S2M
77,FC3,242,3.418,S2M
77,FC3,243,3.906,S2M
77,FC3,244,3.906,S2M
77,FC3,245,3.906,S2M
77,FC3,246,3.418,S2M
77,FC3,247,4.395,S2M
77,FC3,248,5.371,S2M
77,FC3,249,5.859,S2M
77,FC3,250,4.883,S2M
77,FC3,251,3.906,S2M
77,FC3,252,2.441,S2M
77,FC3,253,2.441,S2M
77,FC3,254,2.930,S2M
77,FC3,255,3.418,S2M
77,C6,0,-6.256,S2M
77,C6,1,-5.768,S2M
77,C6,2,-4.791,S2M
77,C6,3,-3.815,S2M
77,C6,4,-2.838,S2M
77,C6,5,-1.373,S2M
77,C6,6,0.580,S2M
77,C6,7,2.533,S2M
77,C6,8,4.974,S2M
77,C6,9,6.927,S2M
77,C6,10,8.392,S2M
77,C6,11,10.834,S2M
77,C6,12,14.252,S2M
77,C6,13,17.670,S2M
77,C6,14,20.111,S2M
77,C6,15,19.135,S2M
77,C6,16,15.717,S2M
77,C6,17,11.322,S2M
77,C6,18,8.392,S2M
77,C6,19,7.416,S2M
77,C6,20,7.904,S2M
77,C6,21,8.392,S2M
77,C6,22,6.439,S2M
77,C6,23,3.021,S2M
77,C6,24,-1.373,S2M
77,C6,25,-5.768,S2M
77,C6,26,-9.186,S2M
77,C6,27,-10.651,S2M
77,C6,28,-11.627,S2M
77,C6,29,-11.627,S2M
77,C6,30,-10.651,S2M
77,C6,31,-10.162,S2M
77,C6,32,-8.698,S2M
77,C6,33,-7.721,S2M
77,C6,34,-6.256,S2M
77,C6,35,-4.303,S2M
77,C6,36,-1.862,S2M
77,C6,37,1.556,S2M
77,C6,38,4.974,S2M
77,C6,39,7.904,S2M
77,C6,40,9.369,S2M
77,C6,41,9.857,S2M
77,C6,42,9.369,S2M
77,C6,43,8.881,S2M
77,C6,44,8.392,S2M
77,C6,45,7.416,S2M
77,C6,46,4.974,S2M
77,C6,47,1.556,S2M
77,C6,48,-1.862,S2M
77,C6,49,-3.326,S2M
77,C6,50,-2.838,S2M
77,C6,51,-1.373,S2M
77,C6,52,-0.397,S2M
77,C6,53,-0.885,S2M
77,C6,54,-3.326,S2M
77,C6,55,-6.256,S2M
77,C6,56,-8.209,S2M
77,C6,57,-8.209,S2M
77,C6,58,-5.768,S2M
77,C6,59,-3.326,S2M
77,C6,60,-1.862,S2M
77,C6,61,-0.885,S2M
77,C6,62,0.092,S2M
77,C6,63,1.068,S2M
77,C6,64,2.533,S2M
77,C6,65,3.021,S2M
77,C6,66,3.021,S2M
77,C6,67,0.580,S2M
77,C6,68,-2.350,S2M
77,C6,69,-5.280,S2M
77,C6,70,-6.744,S2M
77,C6,71,-8.209,S2M
77,C6,72,-8.698,S2M
77,C6,73,-9.186,S2M
77,C6,74,-9.674,S2M
77,C6,75,-10.162,S2M
77,C6,76,-10.162,S2M
77,C6,77,-9.186,S2M
77,C6,78,-8.209,S2M
77,C6,79,-6.744,S2M
77,C6,80,-5.768,S2M
77,C6,81,-5.280,S2M
77,C6,82,-5.768,S2M
77,C6,83,-6.744,S2M
77,C6,84,-6.744,S2M
77,C6,85,-6.744,S2M
77,C6,86,-6.256,S2M
77,C6,87,-5.768,S2M
77,C6,88,-6.256,S2M
77,C6,89,-7.233,S2M
77,C6,90,-8.209,S2M
77,C6,91,-9.186,S2M
77,C6,92,-9.186,S2M
77,C6,93,-8.209,S2M
77,C6,94,-6.744,S2M
77,C6,95,-5.768,S2M
77,C6,96,-4.791,S2M
77,C6,97,-5.280,S2M
77,C6,98,-6.256,S2M
77,C6,99,-7.233,S2M
77,C6,100,-7.721,S2M
77,C6,101,-7.721,S2M
77,C6,102,-6.256,S2M
77,C6,103,-4.791,S2M
77,C6,104,-3.326,S2M
77,C6,105,-2.350,S2M
77,C6,106,-2.350,S2M
77,C6,107,-2.350,S2M
77,C6,108,-2.350,S2M
77,C6,109,-1.862,S2M
77,C6,110,-0.885,S2M
77,C6,111,0.580,S2M
77,C6,112,2.045,S2M
77,C6,113,3.510,S2M
77,C6,114,3.998,S2M
77,C6,115,4.486,S2M
77,C6,116,3.998,S2M
77,C6,117,3.021,S2M
77,C6,118,1.556,S2M
77,C6,119,0.580,S2M
77,C6,120,-0.885,S2M
77,C6,121,-1.862,S2M
77,C6,122,-3.326,S2M
77,C6,123,-3.815,S2M
77,C6,124,-4.791,S2M
77,C6,125,-5.280,S2M
77,C6,126,-5.768,S2M
77,C6,127,-4.791,S2M
77,C6,128,-3.815,S2M
77,C6,129,-2.350,S2M
77,C6,130,-1.373,S2M
77,C6,131,-0.885,S2M
77,C6,132,-1.373,S2M
77,C6,133,-1.373,S2M
77,C6,134,-1.373,S2M
77,C6,135,-0.397,S2M
77,C6,136,0.580,S2M
77,C6,137,2.045,S2M
77,C6,138,2.045,S2M
77,C6,139,2.045,S2M
77,C6,140,2.045,S2M
77,C6,141,1.068,S2M
77,C6,142,0.092,S2M
77,C6,143,-1.373,S2M
77,C6,144,-3.326,S2M
77,C6,145,-5.280,S2M
77,C6,146,-7.233,S2M
77,C6,147,-8.698,S2M
77,C6,148,-9.186,S2M
77,C6,149,-8.698,S2M
77,C6,150,-8.209,S2M
77,C6,151,-7.721,S2M
77,C6,152,-7.233,S2M
77,C6,153,-6.744,S2M
77,C6,154,-6.256,S2M
77,C6,155,-5.280,S2M
77,C6,156,-4.303,S2M
77,C6,157,-3.326,S2M
77,C6,158,-1.862,S2M
77,C6,159,0.092,S2M
77,C6,160,2.045,S2M
77,C6,161,4.486,S2M
77,C6,162,5.463,S2M
77,C6,163,5.463,S2M
77,C6,164,4.974,S2M
77,C6,165,3.998,S2M
77,C6,166,2.533,S2M
77,C6,167,0.092,S2M
77,C6,168,-2.350,S2M
77,C6,169,-4.791,S2M
77,C6,170,-7.233,S2M
77,C6,171,-7.721,S2M
77,C6,172,-8.209,S2M
77,C6,173,-7.721,S2M
77,C6,174,-7.721,S2M
77,C6,175,-8.209,S2M
77,C6,176,-7.721,S2M
77,C6,177,-7.233,S2M
77,C6,178,-5.768,S2M
77,C6,179,-5.280,S2M
77,C6,180,-5.280,S2M
77,C6,181,-6.256,S2M
77,C6,182,-6.256,S2M
77,C6,183,-5.768,S2M
77,C6,184,-3.815,S2M
77,C6,185,-1.862,S2M
77,C6,186,0.092,S2M
77,C6,187,0.580,S2M
77,C6,188,0.580,S2M
77,C6,189,0.092,S2M
77,C6,190,-0.885,S2M
77,C6,191,-2.350,S2M
77,C6,192,-4.303,S2M
77,C6,193,-7.721,S2M
77,C6,194,-11.139,S2M
77,C6,195,-13.580,S2M
77,C6,196,-15.045,S2M
77,C6,197,-14.557,S2M
77,C6,198,-13.580,S2M
77,C6,199,-12.604,S2M
77,C6,200,-12.115,S2M
77,C6,201,-11.139,S2M
77,C6,202,-9.674,S2M
77,C6,203,-7.721,S2M
77,C6,204,-6.256,S2M
77,C6,205,-4.791,S2M
77,C6,206,-4.303,S2M
77,C6,207,-3.815,S2M
77,C6,208,-2.838,S2M
77,C6,209,-2.838,S2M
77,C6,210,-2.838,S2M
77,C6,211,-3.326,S2M
77,C6,212,-4.303,S2M
77,C6,213,-4.303,S2M
77,C6,214,-3.326,S2M
77,C6,215,-1.373,S2M
77,C6,216,0.580,S2M
77,C6,217,2.533,S2M
77,C6,218,3.021,S2M
77,C6,219,2.045,S2M
77,C6,220,0.092,S2M
77,C6,221,-2.350,S2M
77,C6,222,-4.303,S2M
77,C6,223,-4.791,S2M
77,C6,224,-4.303,S2M
77,C6,225,-2.838,S2M
77,C6,226,-1.373,S2M
77,C6,227,-0.885,S2M
77,C6,228,-0.885,S2M
77,C6,229,-1.373,S2M
77,C6,230,-1.373,S2M
77,C6,231,-0.397,S2M
77,C6,232,1.556,S2M
77,C6,233,3.021,S2M
77,C6,234,3.510,S2M
77,C6,235,3.021,S2M
77,C6,236,2.533,S2M
77,C6,237,2.533,S2M
77,C6,238,3.021,S2M
77,C6,239,3.510,S2M
77,C6,240,3.998,S2M
77,C6,241,3.510,S2M
77,C6,242,2.045,S2M
77,C6,243,1.068,S2M
77,C6,244,0.580,S2M
77,C6,245,0.580,S2M
77,C6,246,0.580,S2M
77,C6,247,0.092,S2M
77,C6,248,-1.373,S2M
77,C6,249,-2.350,S2M
77,C6,250,-2.838,S2M
77,C6,251,-2.350,S2M
77,C6,252,-1.373,S2M
77,C6,253,0.092,S2M
77,C6,254,1.068,S2M
77,C6,255,1.556,S2M
77,C5,0,0.498,S2M
77,C5,1,0.987,S2M
77,C5,2,2.940,S2M
77,C5,3,5.381,S2M
77,C5,4,7.334,S2M
77,C5,5,8.799,S2M
77,C5,6,10.752,S2M
77,C5,7,12.217,S2M
77,C5,8,14.170,S2M
77,C5,9,14.659,S2M
77,C5,10,14.170,S2M
77,C5,11,12.705,S2M
77,C5,12,10.264,S2M
77,C5,13,8.311,S2M
77,C5,14,7.823,S2M
77,C5,15,7.334,S2M
77,C5,16,7.334,S2M
77,C5,17,7.334,S2M
77,C5,18,6.358,S2M
77,C5,19,4.893,S2M
77,C5,20,3.428,S2M
77,C5,21,1.475,S2M
77,C5,22,-0.478,S2M
77,C5,23,-2.431,S2M
77,C5,24,-4.873,S2M
77,C5,25,-5.849,S2M
77,C5,26,-6.826,S2M
77,C5,27,-6.826,S2M
77,C5,28,-6.826,S2M
77,C5,29,-5.849,S2M
77,C5,30,-4.873,S2M
77,C5,31,-3.896,S2M
77,C5,32,-1.455,S2M
77,C5,33,0.010,S2M
77,C5,34,1.963,S2M
77,C5,35,2.940,S2M
77,C5,36,3.916,S2M
77,C5,37,4.893,S2M
77,C5,38,6.358,S2M
77,C5,39,7.823,S2M
77,C5,40,8.799,S2M
77,C5,41,8.799,S2M
77,C5,42,7.823,S2M
77,C5,43,5.870,S2M
77,C5,44,3.916,S2M
77,C5,45,1.963,S2M
77,C5,46,0.987,S2M
77,C5,47,-0.478,S2M
77,C5,48,-1.943,S2M
77,C5,49,-3.896,S2M
77,C5,50,-4.873,S2M
77,C5,51,-4.873,S2M
77,C5,52,-3.896,S2M
77,C5,53,-0.966,S2M
77,C5,54,1.475,S2M
77,C5,55,3.916,S2M
77,C5,56,4.893,S2M
77,C5,57,4.893,S2M
77,C5,58,4.405,S2M
77,C5,59,3.916,S2M
77,C5,60,3.916,S2M
77,C5,61,4.405,S2M
77,C5,62,5.381,S2M
77,C5,63,5.870,S2M
77,C5,64,6.358,S2M
77,C5,65,7.334,S2M
77,C5,66,7.334,S2M
77,C5,67,7.334,S2M
77,C5,68,6.358,S2M
77,C5,69,4.893,S2M
77,C5,70,2.940,S2M
77,C5,71,0.987,S2M
77,C5,72,-0.478,S2M
77,C5,73,-1.455,S2M
77,C5,74,-1.455,S2M
77,C5,75,-1.455,S2M
77,C5,76,-1.943,S2M
77,C5,77,-2.431,S2M
77,C5,78,-2.920,S2M
77,C5,79,-3.408,S2M
77,C5,80,-3.896,S2M
77,C5,81,-3.408,S2M
77,C5,82,-2.431,S2M
77,C5,83,-0.966,S2M
77,C5,84,0.498,S2M
77,C5,85,1.475,S2M
77,C5,86,1.963,S2M
77,C5,87,1.963,S2M
77,C5,88,1.475,S2M
77,C5,89,1.475,S2M
77,C5,90,1.475,S2M
77,C5,91,0.987,S2M
77,C5,92,0.010,S2M
77,C5,93,0.010,S2M
77,C5,94,-0.966,S2M
77,C5,95,-1.455,S2M
77,C5,96,-1.943,S2M
77,C5,97,-2.920,S2M
77,C5,98,-3.896,S2M
77,C5,99,-4.873,S2M
77,C5,100,-4.873,S2M
77,C5,101,-3.408,S2M
77,C5,102,-2.920,S2M
77,C5,103,-2.920,S2M
77,C5,104,-3.896,S2M
77,C5,105,-4.873,S2M
77,C5,106,-5.361,S2M
77,C5,107,-4.384,S2M
77,C5,108,-2.431,S2M
77,C5,109,-0.966,S2M
77,C5,110,0.010,S2M
77,C5,111,-0.478,S2M
77,C5,112,-0.478,S2M
77,C5,113,0.010,S2M
77,C5,114,1.475,S2M
77,C5,115,3.428,S2M
77,C5,116,4.405,S2M
77,C5,117,4.405,S2M
77,C5,118,3.428,S2M
77,C5,119,1.475,S2M
77,C5,120,0.498,S2M
77,C5,121,0.498,S2M
77,C5,122,1.963,S2M
77,C5,123,2.452,S2M
77,C5,124,2.940,S2M
77,C5,125,1.963,S2M
77,C5,126,0.987,S2M
77,C5,127,-0.478,S2M
77,C5,128,-1.943,S2M
77,C5,129,-2.431,S2M
77,C5,130,-2.431,S2M
77,C5,131,-2.431,S2M
77,C5,132,-2.431,S2M
77,C5,133,-1.943,S2M
77,C5,134,-1.455,S2M
77,C5,135,-0.478,S2M
77,C5,136,0.987,S2M
77,C5,137,1.475,S2M
77,C5,138,2.452,S2M
77,C5,139,2.452,S2M
77,C5,140,2.940,S2M
77,C5,141,2.940,S2M
77,C5,142,2.940,S2M
77,C5,143,3.428,S2M
77,C5,144,4.405,S2M
77,C5,145,4.405,S2M
77,C5,146,3.916,S2M
77,C5,147,1.963,S2M
77,C5,148,0.010,S2M
77,C5,149,-1.943,S2M
77,C5,150,-2.431,S2M
77,C5,151,-1.943,S2M
77,C5,152,-0.966,S2M
77,C5,153,-0.966,S2M
77,C5,154,-1.455,S2M
77,C5,155,-2.920,S2M
77,C5,156,-4.384,S2M
77,C5,157,-4.873,S2M
77,C5,158,-4.384,S2M
77,C5,159,-2.920,S2M
77,C5,160,-2.920,S2M
77,C5,161,-2.920,S2M
77,C5,162,-3.896,S2M
77,C5,163,-5.361,S2M
77,C5,164,-5.361,S2M
77,C5,165,-4.384,S2M
77,C5,166,-2.431,S2M
77,C5,167,-0.966,S2M
77,C5,168,0.010,S2M
77,C5,169,0.010,S2M
77,C5,170,-0.966,S2M
77,C5,171,-1.455,S2M
77,C5,172,-0.966,S2M
77,C5,173,-0.478,S2M
77,C5,174,0.010,S2M
77,C5,175,0.010,S2M
77,C5,176,-0.478,S2M
77,C5,177,-1.455,S2M
77,C5,178,-1.943,S2M
77,C5,179,-1.943,S2M
77,C5,180,-0.966,S2M
77,C5,181,0.010,S2M
77,C5,182,0.010,S2M
77,C5,183,-1.455,S2M
77,C5,184,-3.408,S2M
77,C5,185,-5.361,S2M
77,C5,186,-6.337,S2M
77,C5,187,-5.849,S2M
77,C5,188,-5.361,S2M
77,C5,189,-4.873,S2M
77,C5,190,-5.849,S2M
77,C5,191,-6.826,S2M
77,C5,192,-7.802,S2M
77,C5,193,-7.314,S2M
77,C5,194,-6.826,S2M
77,C5,195,-4.873,S2M
77,C5,196,-3.408,S2M
77,C5,197,-1.455,S2M
77,C5,198,-0.478,S2M
77,C5,199,0.010,S2M
77,C5,200,0.498,S2M
77,C5,201,0.498,S2M
77,C5,202,0.498,S2M
77,C5,203,0.498,S2M
77,C5,204,0.987,S2M
77,C5,205,1.475,S2M
77,C5,206,0.987,S2M
77,C5,207,0.010,S2M
77,C5,208,-1.943,S2M
77,C5,209,-3.896,S2M
77,C5,210,-4.873,S2M
77,C5,211,-5.849,S2M
77,C5,212,-6.337,S2M
77,C5,213,-6.826,S2M
77,C5,214,-7.314,S2M
77,C5,215,-7.802,S2M
77,C5,216,-7.802,S2M
77,C5,217,-7.314,S2M
77,C5,218,-6.826,S2M
77,C5,219,-6.337,S2M
77,C5,220,-6.337,S2M
77,C5,221,-5.849,S2M
77,C5,222,-5.849,S2M
77,C5,223,-4.384,S2M
77,C5,224,-2.920,S2M
77,C5,225,-1.943,S2M
77,C5,226,-1.455,S2M
77,C5,227,-0.966,S2M
77,C5,228,-0.966,S2M
77,C5,229,-1.943,S2M
77,C5,230,-2.920,S2M
77,C5,231,-4.873,S2M
77,C5,232,-7.314,S2M
77,C5,233,-8.291,S2M
77,C5,234,-7.802,S2M
77,C5,235,-5.849,S2M
77,C5,236,-3.896,S2M
77,C5,237,-2.920,S2M
77,C5,238,-3.896,S2M
77,C5,239,-5.361,S2M
77,C5,240,-6.826,S2M
77,C5,241,-7.314,S2M
77,C5,242,-6.337,S2M
77,C5,243,-4.873,S2M
77,C5,244,-3.896,S2M
77,C5,245,-3.896,S2M
77,C5,246,-3.896,S2M
77,C5,247,-2.431,S2M
77,C5,248,-0.966,S2M
77,C5,249,0.010,S2M
77,C5,250,0.010,S2M
77,C5,251,-1.943,S2M
77,C5,252,-3.408,S2M
77,C5,253,-4.384,S2M
77,C5,254,-3.896,S2M
77,C5,255,-2.920,S2M
77,F2,0,-7.182,S2M
77,F2,1,-5.717,S2M
77,F2,2,-4.252,S2M
77,F2,3,-3.764,S2M
77,F2,4,-3.764,S2M
77,F2,5,-3.276,S2M
77,F2,6,-1.811,S2M
77,F2,7,0.142,S2M
77,F2,8,3.560,S2M
77,F2,9,7.467,S2M
77,F2,10,9.908,S2M
77,F2,11,11.861,S2M
77,F2,12,12.838,S2M
77,F2,13,12.838,S2M
77,F2,14,11.861,S2M
77,F2,15,9.420,S2M
77,F2,16,5.514,S2M
77,F2,17,1.607,S2M
77,F2,18,-1.322,S2M
77,F2,19,-2.787,S2M
77,F2,20,-2.787,S2M
77,F2,21,-2.299,S2M
77,F2,22,-2.299,S2M
77,F2,23,-3.276,S2M
77,F2,24,-4.252,S2M
77,F2,25,-5.229,S2M
77,F2,26,-4.740,S2M
77,F2,27,-4.252,S2M
77,F2,28,-3.764,S2M
77,F2,29,-2.787,S2M
77,F2,30,-2.787,S2M
77,F2,31,-1.811,S2M
77,F2,32,-0.834,S2M
77,F2,33,1.119,S2M
77,F2,34,2.584,S2M
77,F2,35,3.072,S2M
77,F2,36,3.560,S2M
77,F2,37,4.049,S2M
77,F2,38,5.025,S2M
77,F2,39,6.002,S2M
77,F2,40,6.490,S2M
77,F2,41,6.490,S2M
77,F2,42,6.002,S2M
77,F2,43,5.514,S2M
77,F2,44,6.002,S2M
77,F2,45,6.490,S2M
77,F2,46,6.002,S2M
77,F2,47,5.025,S2M
77,F2,48,2.584,S2M
77,F2,49,-0.346,S2M
77,F2,50,-1.811,S2M
77,F2,51,-2.299,S2M
77,F2,52,-1.811,S2M
77,F2,53,-0.834,S2M
77,F2,54,0.142,S2M
77,F2,55,0.631,S2M
77,F2,56,2.096,S2M
77,F2,57,4.537,S2M
77,F2,58,6.978,S2M
77,F2,59,8.931,S2M
77,F2,60,9.420,S2M
77,F2,61,8.931,S2M
77,F2,62,7.955,S2M
77,F2,63,6.002,S2M
77,F2,64,5.025,S2M
77,F2,65,4.049,S2M
77,F2,66,3.072,S2M
77,F2,67,1.119,S2M
77,F2,68,-0.346,S2M
77,F2,69,-1.811,S2M
77,F2,70,-2.787,S2M
77,F2,71,-3.276,S2M
77,F2,72,-3.276,S2M
77,F2,73,-3.276,S2M
77,F2,74,-3.276,S2M
77,F2,75,-3.764,S2M
77,F2,76,-3.764,S2M
77,F2,77,-3.276,S2M
77,F2,78,-1.811,S2M
77,F2,79,0.142,S2M
77,F2,80,1.607,S2M
77,F2,81,3.072,S2M
77,F2,82,3.560,S2M
77,F2,83,3.560,S2M
77,F2,84,3.072,S2M
77,F2,85,3.072,S2M
77,F2,86,3.072,S2M
77,F2,87,3.072,S2M
77,F2,88,3.072,S2M
77,F2,89,2.096,S2M
77,F2,90,0.142,S2M
77,F2,91,-2.299,S2M
77,F2,92,-4.740,S2M
77,F2,93,-6.205,S2M
77,F2,94,-7.182,S2M
77,F2,95,-7.182,S2M
77,F2,96,-7.182,S2M
77,F2,97,-8.158,S2M
77,F2,98,-8.647,S2M
77,F2,99,-9.623,S2M
77,F2,100,-9.135,S2M
77,F2,101,-8.158,S2M
77,F2,102,-6.205,S2M
77,F2,103,-4.252,S2M
77,F2,104,-3.276,S2M
77,F2,105,-2.787,S2M
77,F2,106,-1.811,S2M
77,F2,107,-1.811,S2M
77,F2,108,-1.322,S2M
77,F2,109,-0.834,S2M
77,F2,110,-0.346,S2M
77,F2,111,0.142,S2M
77,F2,112,1.119,S2M
77,F2,113,1.607,S2M
77,F2,114,1.607,S2M
77,F2,115,1.607,S2M
77,F2,116,1.119,S2M
77,F2,117,1.119,S2M
77,F2,118,0.631,S2M
77,F2,119,0.142,S2M
77,F2,120,-0.834,S2M
77,F2,121,-1.811,S2M
77,F2,122,-3.276,S2M
77,F2,123,-4.740,S2M
77,F2,124,-5.717,S2M
77,F2,125,-5.717,S2M
77,F2,126,-5.229,S2M
77,F2,127,-3.764,S2M
77,F2,128,-2.299,S2M
77,F2,129,-0.834,S2M
77,F2,130,0.142,S2M
77,F2,131,1.119,S2M
77,F2,132,2.584,S2M
77,F2,133,4.049,S2M
77,F2,134,5.025,S2M
77,F2,135,6.002,S2M
77,F2,136,6.490,S2M
77,F2,137,6.490,S2M
77,F2,138,6.002,S2M
77,F2,139,5.514,S2M
77,F2,140,4.537,S2M
77,F2,141,3.560,S2M
77,F2,142,2.584,S2M
77,F2,143,1.607,S2M
77,F2,144,0.631,S2M
77,F2,145,-0.834,S2M
77,F2,146,-1.811,S2M
77,F2,147,-2.787,S2M
77,F2,148,-4.252,S2M
77,F2,149,-5.229,S2M
77,F2,150,-5.229,S2M
77,F2,151,-4.740,S2M
77,F2,152,-3.764,S2M
77,F2,153,-2.299,S2M
77,F2,154,-0.834,S2M
77,F2,155,0.631,S2M
77,F2,156,1.607,S2M
77,F2,157,1.119,S2M
77,F2,158,0.631,S2M
77,F2,159,0.142,S2M
77,F2,160,-0.346,S2M
77,F2,161,0.142,S2M
77,F2,162,0.142,S2M
77,F2,163,-0.834,S2M
77,F2,164,-1.811,S2M
77,F2,165,-2.299,S2M
77,F2,166,-2.787,S2M
77,F2,167,-2.787,S2M
77,F2,168,-2.787,S2M
77,F2,169,-3.276,S2M
77,F2,170,-4.740,S2M
77,F2,171,-6.205,S2M
77,F2,172,-7.182,S2M
77,F2,173,-7.182,S2M
77,F2,174,-6.694,S2M
77,F2,175,-6.205,S2M
77,F2,176,-6.205,S2M
77,F2,177,-6.694,S2M
77,F2,178,-6.694,S2M
77,F2,179,-5.717,S2M
77,F2,180,-3.764,S2M
77,F2,181,-1.322,S2M
77,F2,182,0.631,S2M
77,F2,183,1.119,S2M
77,F2,184,1.119,S2M
77,F2,185,0.142,S2M
77,F2,186,0.142,S2M
77,F2,187,0.142,S2M
77,F2,188,0.631,S2M
77,F2,189,0.631,S2M
77,F2,190,0.142,S2M
77,F2,191,-0.834,S2M
77,F2,192,-1.811,S2M
77,F2,193,-1.811,S2M
77,F2,194,-0.834,S2M
77,F2,195,0.631,S2M
77,F2,196,2.096,S2M
77,F2,197,2.096,S2M
77,F2,198,1.119,S2M
77,F2,199,-0.346,S2M
77,F2,200,-1.811,S2M
77,F2,201,-3.276,S2M
77,F2,202,-4.252,S2M
77,F2,203,-4.252,S2M
77,F2,204,-4.252,S2M
77,F2,205,-3.764,S2M
77,F2,206,-2.787,S2M
77,F2,207,-1.811,S2M
77,F2,208,-0.834,S2M
77,F2,209,0.142,S2M
77,F2,210,0.142,S2M
77,F2,211,0.631,S2M
77,F2,212,0.631,S2M
77,F2,213,0.631,S2M
77,F2,214,0.631,S2M
77,F2,215,1.119,S2M
77,F2,216,1.607,S2M
77,F2,217,2.584,S2M
77,F2,218,3.072,S2M
77,F2,219,2.096,S2M
77,F2,220,1.119,S2M
77,F2,221,-0.834,S2M
77,F2,222,-1.811,S2M
77,F2,223,-0.834,S2M
77,F2,224,0.631,S2M
77,F2,225,2.584,S2M
77,F2,226,4.537,S2M
77,F2,227,5.025,S2M
77,F2,228,4.537,S2M
77,F2,229,4.049,S2M
77,F2,230,3.560,S2M
77,F2,231,4.049,S2M
77,F2,232,5.025,S2M
77,F2,233,6.490,S2M
77,F2,234,6.490,S2M
77,F2,235,5.514,S2M
77,F2,236,4.049,S2M
77,F2,237,3.072,S2M
77,F2,238,3.072,S2M
77,F2,239,5.025,S2M
77,F2,240,6.978,S2M
77,F2,241,8.443,S2M
77,F2,242,8.931,S2M
77,F2,243,7.955,S2M
77,F2,244,6.490,S2M
77,F2,245,6.002,S2M
77,F2,246,6.002,S2M
77,F2,247,6.978,S2M
77,F2,248,7.467,S2M
77,F2,249,6.978,S2M
77,F2,250,5.514,S2M
77,F2,251,4.049,S2M
77,F2,252,4.049,S2M
77,F2,253,5.025,S2M
77,F2,254,6.002,S2M
77,F2,255,6.490,S2M
77,F1,0,-5.870,S2M
77,F1,1,-3.916,S2M
77,F1,2,-2.452,S2M
77,F1,3,-1.963,S2M
77,F1,4,-0.987,S2M
77,F1,5,-0.498,S2M
77,F1,6,0.966,S2M
77,F1,7,3.408,S2M
77,F1,8,5.849,S2M
77,F1,9,7.802,S2M
77,F1,10,9.267,S2M
77,F1,11,10.244,S2M
77,F1,12,10.244,S2M
77,F1,13,9.267,S2M
77,F1,14,8.291,S2M
77,F1,15,5.849,S2M
77,F1,16,2.920,S2M
77,F1,17,-0.498,S2M
77,F1,18,-2.940,S2M
77,F1,19,-4.405,S2M
77,F1,20,-4.893,S2M
77,F1,21,-4.405,S2M
77,F1,22,-4.405,S2M
77,F1,23,-4.405,S2M
77,F1,24,-4.405,S2M
77,F1,25,-4.405,S2M
77,F1,26,-3.428,S2M
77,F1,27,-2.940,S2M
77,F1,28,-2.452,S2M
77,F1,29,-2.452,S2M
77,F1,30,-1.963,S2M
77,F1,31,-1.475,S2M
77,F1,32,-0.498,S2M
77,F1,33,0.966,S2M
77,F1,34,1.943,S2M
77,F1,35,2.431,S2M
77,F1,36,2.920,S2M
77,F1,37,3.896,S2M
77,F1,38,4.873,S2M
77,F1,39,6.337,S2M
77,F1,40,7.314,S2M
77,F1,41,7.314,S2M
77,F1,42,7.314,S2M
77,F1,43,6.826,S2M
77,F1,44,6.337,S2M
77,F1,45,6.337,S2M
77,F1,46,5.849,S2M
77,F1,47,3.896,S2M
77,F1,48,1.943,S2M
77,F1,49,-0.010,S2M
77,F1,50,-1.475,S2M
77,F1,51,-1.475,S2M
77,F1,52,-1.475,S2M
77,F1,53,-0.498,S2M
77,F1,54,0.966,S2M
77,F1,55,2.920,S2M
77,F1,56,4.873,S2M
77,F1,57,7.314,S2M
77,F1,58,8.779,S2M
77,F1,59,9.755,S2M
77,F1,60,10.244,S2M
77,F1,61,9.267,S2M
77,F1,62,7.802,S2M
77,F1,63,5.849,S2M
77,F1,64,4.384,S2M
77,F1,65,3.408,S2M
77,F1,66,2.431,S2M
77,F1,67,1.943,S2M
77,F1,68,1.455,S2M
77,F1,69,0.478,S2M
77,F1,70,-0.498,S2M
77,F1,71,-1.475,S2M
77,F1,72,-2.452,S2M
77,F1,73,-2.452,S2M
77,F1,74,-2.940,S2M
77,F1,75,-3.428,S2M
77,F1,76,-2.940,S2M
77,F1,77,-2.452,S2M
77,F1,78,-0.987,S2M
77,F1,79,0.478,S2M
77,F1,80,1.455,S2M
77,F1,81,2.431,S2M
77,F1,82,2.920,S2M
77,F1,83,3.408,S2M
77,F1,84,3.408,S2M
77,F1,85,3.408,S2M
77,F1,86,3.896,S2M
77,F1,87,4.384,S2M
77,F1,88,4.384,S2M
77,F1,89,3.896,S2M
77,F1,90,1.943,S2M
77,F1,91,-0.498,S2M
77,F1,92,-2.940,S2M
77,F1,93,-5.381,S2M
77,F1,94,-6.846,S2M
77,F1,95,-7.823,S2M
77,F1,96,-8.311,S2M
77,F1,97,-8.799,S2M
77,F1,98,-9.288,S2M
77,F1,99,-9.288,S2M
77,F1,100,-8.799,S2M
77,F1,101,-7.334,S2M
77,F1,102,-5.381,S2M
77,F1,103,-3.916,S2M
77,F1,104,-2.940,S2M
77,F1,105,-2.452,S2M
77,F1,106,-2.940,S2M
77,F1,107,-2.940,S2M
77,F1,108,-2.452,S2M
77,F1,109,-1.963,S2M
77,F1,110,-0.987,S2M
77,F1,111,-0.987,S2M
77,F1,112,-0.498,S2M
77,F1,113,-0.498,S2M
77,F1,114,-0.498,S2M
77,F1,115,-0.498,S2M
77,F1,116,-1.475,S2M
77,F1,117,-1.963,S2M
77,F1,118,-1.963,S2M
77,F1,119,-2.452,S2M
77,F1,120,-2.452,S2M
77,F1,121,-2.452,S2M
77,F1,122,-2.940,S2M
77,F1,123,-3.428,S2M
77,F1,124,-3.916,S2M
77,F1,125,-4.405,S2M
77,F1,126,-4.893,S2M
77,F1,127,-4.893,S2M
77,F1,128,-4.405,S2M
77,F1,129,-3.428,S2M
77,F1,130,-1.963,S2M
77,F1,131,-0.498,S2M
77,F1,132,1.455,S2M
77,F1,133,2.920,S2M
77,F1,134,3.896,S2M
77,F1,135,4.384,S2M
77,F1,136,4.384,S2M
77,F1,137,3.896,S2M
77,F1,138,2.920,S2M
77,F1,139,2.920,S2M
77,F1,140,2.431,S2M
77,F1,141,1.943,S2M
77,F1,142,1.943,S2M
77,F1,143,1.943,S2M
77,F1,144,0.966,S2M
77,F1,145,-0.010,S2M
77,F1,146,-1.475,S2M
77,F1,147,-3.428,S2M
77,F1,148,-5.381,S2M
77,F1,149,-6.358,S2M
77,F1,150,-6.358,S2M
77,F1,151,-4.893,S2M
77,F1,152,-2.452,S2M
77,F1,153,-0.498,S2M
77,F1,154,1.455,S2M
77,F1,155,1.943,S2M
77,F1,156,1.943,S2M
77,F1,157,0.966,S2M
77,F1,158,-0.010,S2M
77,F1,159,-0.010,S2M
77,F1,160,-0.498,S2M
77,F1,161,-0.498,S2M
77,F1,162,-1.475,S2M
77,F1,163,-2.452,S2M
77,F1,164,-3.428,S2M
77,F1,165,-3.428,S2M
77,F1,166,-2.452,S2M
77,F1,167,-1.475,S2M
77,F1,168,-0.987,S2M
77,F1,169,-1.475,S2M
77,F1,170,-3.428,S2M
77,F1,171,-4.893,S2M
77,F1,172,-6.358,S2M
77,F1,173,-6.358,S2M
77,F1,174,-6.358,S2M
77,F1,175,-6.358,S2M
77,F1,176,-6.358,S2M
77,F1,177,-6.846,S2M
77,F1,178,-6.358,S2M
77,F1,179,-5.381,S2M
77,F1,180,-2.452,S2M
77,F1,181,0.478,S2M
77,F1,182,1.943,S2M
77,F1,183,1.943,S2M
77,F1,184,0.478,S2M
77,F1,185,-0.987,S2M
77,F1,186,-1.475,S2M
77,F1,187,-1.475,S2M
77,F1,188,-0.987,S2M
77,F1,189,-0.987,S2M
77,F1,190,-1.475,S2M
77,F1,191,-2.452,S2M
77,F1,192,-2.940,S2M
77,F1,193,-1.963,S2M
77,F1,194,-0.010,S2M
77,F1,195,1.943,S2M
77,F1,196,3.408,S2M
77,F1,197,3.896,S2M
77,F1,198,2.920,S2M
77,F1,199,1.455,S2M
77,F1,200,-0.010,S2M
77,F1,201,-1.963,S2M
77,F1,202,-3.428,S2M
77,F1,203,-3.916,S2M
77,F1,204,-3.916,S2M
77,F1,205,-3.428,S2M
77,F1,206,-3.428,S2M
77,F1,207,-2.452,S2M
77,F1,208,-2.452,S2M
77,F1,209,-2.452,S2M
77,F1,210,-1.475,S2M
77,F1,211,-0.987,S2M
77,F1,212,-0.498,S2M
77,F1,213,-0.498,S2M
77,F1,214,-0.987,S2M
77,F1,215,-1.475,S2M
77,F1,216,-0.498,S2M
77,F1,217,0.478,S2M
77,F1,218,0.966,S2M
77,F1,219,0.478,S2M
77,F1,220,-0.498,S2M
77,F1,221,-1.963,S2M
77,F1,222,-2.452,S2M
77,F1,223,-1.475,S2M
77,F1,224,0.478,S2M
77,F1,225,2.431,S2M
77,F1,226,3.408,S2M
77,F1,227,3.896,S2M
77,F1,228,3.408,S2M
77,F1,229,2.920,S2M
77,F1,230,1.943,S2M
77,F1,231,1.455,S2M
77,F1,232,1.455,S2M
77,F1,233,1.943,S2M
77,F1,234,2.431,S2M
77,F1,235,2.431,S2M
77,F1,236,2.431,S2M
77,F1,237,1.943,S2M
77,F1,238,1.455,S2M
77,F1,239,1.943,S2M
77,F1,240,3.408,S2M
77,F1,241,4.873,S2M
77,F1,242,6.337,S2M
77,F1,243,5.849,S2M
77,F1,244,4.873,S2M
77,F1,245,3.896,S2M
77,F1,246,3.896,S2M
77,F1,247,4.873,S2M
77,F1,248,5.849,S2M
77,F1,249,5.849,S2M
77,F1,250,4.384,S2M
77,F1,251,2.920,S2M
77,F1,252,2.431,S2M
77,F1,253,3.408,S2M
77,F1,254,3.896,S2M
77,F1,255,4.384,S2M
77,TP8,0,-1.953,S2M
77,TP8,1,-1.953,S2M
77,TP8,2,-1.465,S2M
77,TP8,3,0.000,S2M
77,TP8,4,2.441,S2M
77,TP8,5,4.395,S2M
77,TP8,6,7.812,S2M
77,TP8,7,10.254,S2M
77,TP8,8,12.207,S2M
77,TP8,9,13.672,S2M
77,TP8,10,15.137,S2M
77,TP8,11,16.602,S2M
77,TP8,12,19.043,S2M
77,TP8,13,21.484,S2M
77,TP8,14,22.949,S2M
77,TP8,15,21.484,S2M
77,TP8,16,18.555,S2M
77,TP8,17,14.648,S2M
77,TP8,18,11.719,S2M
77,TP8,19,11.230,S2M
77,TP8,20,11.230,S2M
77,TP8,21,11.230,S2M
77,TP8,22,10.254,S2M
77,TP8,23,7.324,S2M
77,TP8,24,2.441,S2M
77,TP8,25,-1.465,S2M
77,TP8,26,-5.371,S2M
77,TP8,27,-7.812,S2M
77,TP8,28,-8.789,S2M
77,TP8,29,-8.789,S2M
77,TP8,30,-8.301,S2M
77,TP8,31,-7.812,S2M
77,TP8,32,-7.324,S2M
77,TP8,33,-5.371,S2M
77,TP8,34,-2.930,S2M
77,TP8,35,0.488,S2M
77,TP8,36,4.395,S2M
77,TP8,37,7.324,S2M
77,TP8,38,9.766,S2M
77,TP8,39,11.230,S2M
77,TP8,40,11.230,S2M
77,TP8,41,10.742,S2M
77,TP8,42,9.766,S2M
77,TP8,43,7.812,S2M
77,TP8,44,5.371,S2M
77,TP8,45,1.953,S2M
77,TP8,46,-0.977,S2M
77,TP8,47,-3.906,S2M
77,TP8,48,-6.348,S2M
77,TP8,49,-7.324,S2M
77,TP8,50,-6.348,S2M
77,TP8,51,-4.395,S2M
77,TP8,52,-1.953,S2M
77,TP8,53,-1.465,S2M
77,TP8,54,-3.418,S2M
77,TP8,55,-6.836,S2M
77,TP8,56,-8.301,S2M
77,TP8,57,-7.812,S2M
77,TP8,58,-4.883,S2M
77,TP8,59,-0.977,S2M
77,TP8,60,1.953,S2M
77,TP8,61,2.930,S2M
77,TP8,62,3.418,S2M
77,TP8,63,3.418,S2M
77,TP8,64,3.418,S2M
77,TP8,65,3.418,S2M
77,TP8,66,1.953,S2M
77,TP8,67,-0.977,S2M
77,TP8,68,-4.395,S2M
77,TP8,69,-8.301,S2M
77,TP8,70,-10.742,S2M
77,TP8,71,-12.695,S2M
77,TP8,72,-13.672,S2M
77,TP8,73,-14.648,S2M
77,TP8,74,-15.137,S2M
77,TP8,75,-14.648,S2M
77,TP8,76,-13.184,S2M
77,TP8,77,-11.719,S2M
77,TP8,78,-9.277,S2M
77,TP8,79,-7.324,S2M
77,TP8,80,-6.348,S2M
77,TP8,81,-5.371,S2M
77,TP8,82,-4.395,S2M
77,TP8,83,-3.906,S2M
77,TP8,84,-3.418,S2M
77,TP8,85,-2.441,S2M
77,TP8,86,-2.441,S2M
77,TP8,87,-2.930,S2M
77,TP8,88,-3.418,S2M
77,TP8,89,-3.906,S2M
77,TP8,90,-5.371,S2M
77,TP8,91,-5.859,S2M
77,TP8,92,-6.348,S2M
77,TP8,93,-5.859,S2M
77,TP8,94,-4.883,S2M
77,TP8,95,-3.906,S2M
77,TP8,96,-3.906,S2M
77,TP8,97,-5.371,S2M
77,TP8,98,-7.812,S2M
77,TP8,99,-9.766,S2M
77,TP8,100,-10.254,S2M
77,TP8,101,-8.789,S2M
77,TP8,102,-6.348,S2M
77,TP8,103,-4.395,S2M
77,TP8,104,-3.906,S2M
77,TP8,105,-4.883,S2M
77,TP8,106,-6.348,S2M
77,TP8,107,-7.324,S2M
77,TP8,108,-6.836,S2M
77,TP8,109,-4.883,S2M
77,TP8,110,-1.953,S2M
77,TP8,111,0.977,S2M
77,TP8,112,2.930,S2M
77,TP8,113,4.883,S2M
77,TP8,114,5.859,S2M
77,TP8,115,6.836,S2M
77,TP8,116,6.836,S2M
77,TP8,117,5.859,S2M
77,TP8,118,3.418,S2M
77,TP8,119,1.465,S2M
77,TP8,120,-0.488,S2M
77,TP8,121,-0.977,S2M
77,TP8,122,-1.465,S2M
77,TP8,123,-1.465,S2M
77,TP8,124,-2.441,S2M
77,TP8,125,-3.418,S2M
77,TP8,126,-4.395,S2M
77,TP8,127,-3.418,S2M
77,TP8,128,-1.953,S2M
77,TP8,129,0.000,S2M
77,TP8,130,0.977,S2M
77,TP8,131,0.488,S2M
77,TP8,132,-0.488,S2M
77,TP8,133,-0.977,S2M
77,TP8,134,-0.488,S2M
77,TP8,135,1.465,S2M
77,TP8,136,3.418,S2M
77,TP8,137,4.883,S2M
77,TP8,138,5.371,S2M
77,TP8,139,5.859,S2M
77,TP8,140,5.859,S2M
77,TP8,141,5.859,S2M
77,TP8,142,5.371,S2M
77,TP8,143,3.418,S2M
77,TP8,144,0.000,S2M
77,TP8,145,-3.906,S2M
77,TP8,146,-7.324,S2M
77,TP8,147,-9.277,S2M
77,TP8,148,-10.254,S2M
77,TP8,149,-9.766,S2M
77,TP8,150,-9.277,S2M
77,TP8,151,-8.789,S2M
77,TP8,152,-7.812,S2M
77,TP8,153,-6.348,S2M
77,TP8,154,-5.371,S2M
77,TP8,155,-4.883,S2M
77,TP8,156,-5.371,S2M
77,TP8,157,-5.371,S2M
77,TP8,158,-3.906,S2M
77,TP8,159,-0.977,S2M
77,TP8,160,3.418,S2M
77,TP8,161,6.836,S2M
77,TP8,162,8.301,S2M
77,TP8,163,8.301,S2M
77,TP8,164,7.812,S2M
77,TP8,165,7.324,S2M
77,TP8,166,7.324,S2M
77,TP8,167,6.348,S2M
77,TP8,168,4.395,S2M
77,TP8,169,1.953,S2M
77,TP8,170,-0.488,S2M
77,TP8,171,-1.465,S2M
77,TP8,172,-1.953,S2M
77,TP8,173,-1.953,S2M
77,TP8,174,-2.441,S2M
77,TP8,175,-2.930,S2M
77,TP8,176,-3.418,S2M
77,TP8,177,-2.441,S2M
77,TP8,178,-1.465,S2M
77,TP8,179,-1.465,S2M
77,TP8,180,-1.953,S2M
77,TP8,181,-3.418,S2M
77,TP8,182,-4.883,S2M
77,TP8,183,-3.906,S2M
77,TP8,184,-1.953,S2M
77,TP8,185,0.488,S2M
77,TP8,186,2.441,S2M
77,TP8,187,3.418,S2M
77,TP8,188,3.418,S2M
77,TP8,189,3.906,S2M
77,TP8,190,3.418,S2M
77,TP8,191,1.465,S2M
77,TP8,192,-1.953,S2M
77,TP8,193,-6.836,S2M
77,TP8,194,-11.719,S2M
77,TP8,195,-14.648,S2M
77,TP8,196,-15.137,S2M
77,TP8,197,-13.672,S2M
77,TP8,198,-11.230,S2M
77,TP8,199,-9.766,S2M
77,TP8,200,-9.277,S2M
77,TP8,201,-8.789,S2M
77,TP8,202,-7.324,S2M
77,TP8,203,-5.371,S2M
77,TP8,204,-3.418,S2M
77,TP8,205,-1.953,S2M
77,TP8,206,-1.465,S2M
77,TP8,207,-0.977,S2M
77,TP8,208,-0.977,S2M
77,TP8,209,-0.977,S2M
77,TP8,210,-0.977,S2M
77,TP8,211,-1.465,S2M
77,TP8,212,-1.953,S2M
77,TP8,213,-1.465,S2M
77,TP8,214,0.000,S2M
77,TP8,215,2.441,S2M
77,TP8,216,4.395,S2M
77,TP8,217,5.859,S2M
77,TP8,218,5.859,S2M
77,TP8,219,4.883,S2M
77,TP8,220,2.930,S2M
77,TP8,221,1.465,S2M
77,TP8,222,0.488,S2M
77,TP8,223,0.488,S2M
77,TP8,224,1.465,S2M
77,TP8,225,3.906,S2M
77,TP8,226,5.371,S2M
77,TP8,227,5.859,S2M
77,TP8,228,4.395,S2M
77,TP8,229,2.441,S2M
77,TP8,230,0.977,S2M
77,TP8,231,0.977,S2M
77,TP8,232,2.441,S2M
77,TP8,233,4.883,S2M
77,TP8,234,6.836,S2M
77,TP8,235,7.812,S2M
77,TP8,236,8.301,S2M
77,TP8,237,8.789,S2M
77,TP8,238,10.254,S2M
77,TP8,239,11.230,S2M
77,TP8,240,11.719,S2M
77,TP8,241,10.742,S2M
77,TP8,242,8.301,S2M
77,TP8,243,5.859,S2M
77,TP8,244,4.395,S2M
77,TP8,245,3.418,S2M
77,TP8,246,2.930,S2M
77,TP8,247,1.465,S2M
77,TP8,248,0.000,S2M
77,TP8,249,-0.977,S2M
77,TP8,250,-0.488,S2M
77,TP8,251,0.977,S2M
77,TP8,252,2.441,S2M
77,TP8,253,3.906,S2M
77,TP8,254,3.906,S2M
77,TP8,255,3.418,S2M
77,TP7,0,3.977,S2M
77,TP7,1,3.977,S2M
77,TP7,2,6.419,S2M
77,TP7,3,9.349,S2M
77,TP7,4,12.278,S2M
77,TP7,5,14.720,S2M
77,TP7,6,16.673,S2M
77,TP7,7,18.626,S2M
77,TP7,8,21.067,S2M
77,TP7,9,22.532,S2M
77,TP7,10,22.044,S2M
77,TP7,11,19.602,S2M
77,TP7,12,16.673,S2M
77,TP7,13,13.743,S2M
77,TP7,14,12.278,S2M
77,TP7,15,11.302,S2M
77,TP7,16,10.813,S2M
77,TP7,17,9.837,S2M
77,TP7,18,9.349,S2M
77,TP7,19,9.349,S2M
77,TP7,20,8.860,S2M
77,TP7,21,7.884,S2M
77,TP7,22,4.954,S2M
77,TP7,23,0.559,S2M
77,TP7,24,-3.835,S2M
77,TP7,25,-7.253,S2M
77,TP7,26,-8.230,S2M
77,TP7,27,-8.230,S2M
77,TP7,28,-7.741,S2M
77,TP7,29,-7.253,S2M
77,TP7,30,-6.765,S2M
77,TP7,31,-5.300,S2M
77,TP7,32,-1.882,S2M
77,TP7,33,2.024,S2M
77,TP7,34,5.931,S2M
77,TP7,35,7.884,S2M
77,TP7,36,7.884,S2M
77,TP7,37,7.884,S2M
77,TP7,38,7.884,S2M
77,TP7,39,8.372,S2M
77,TP7,40,8.372,S2M
77,TP7,41,7.395,S2M
77,TP7,42,4.954,S2M
77,TP7,43,2.513,S2M
77,TP7,44,0.559,S2M
77,TP7,45,-0.905,S2M
77,TP7,46,-1.882,S2M
77,TP7,47,-3.347,S2M
77,TP7,48,-5.788,S2M
77,TP7,49,-7.741,S2M
77,TP7,50,-8.230,S2M
77,TP7,51,-7.253,S2M
77,TP7,52,-4.812,S2M
77,TP7,53,-2.370,S2M
77,TP7,54,-0.417,S2M
77,TP7,55,0.559,S2M
77,TP7,56,1.048,S2M
77,TP7,57,1.536,S2M
77,TP7,58,2.024,S2M
77,TP7,59,3.001,S2M
77,TP7,60,3.977,S2M
77,TP7,61,4.954,S2M
77,TP7,62,5.931,S2M
77,TP7,63,6.907,S2M
77,TP7,64,7.884,S2M
77,TP7,65,8.372,S2M
77,TP7,66,8.860,S2M
77,TP7,67,8.372,S2M
77,TP7,68,6.907,S2M
77,TP7,69,3.977,S2M
77,TP7,70,0.559,S2M
77,TP7,71,-2.858,S2M
77,TP7,72,-5.300,S2M
77,TP7,73,-5.788,S2M
77,TP7,74,-5.788,S2M
77,TP7,75,-5.300,S2M
77,TP7,76,-5.300,S2M
77,TP7,77,-5.300,S2M
77,TP7,78,-5.788,S2M
77,TP7,79,-5.788,S2M
77,TP7,80,-4.323,S2M
77,TP7,81,-2.858,S2M
77,TP7,82,-1.394,S2M
77,TP7,83,-0.417,S2M
77,TP7,84,0.071,S2M
77,TP7,85,1.048,S2M
77,TP7,86,1.536,S2M
77,TP7,87,2.024,S2M
77,TP7,88,2.024,S2M
77,TP7,89,2.513,S2M
77,TP7,90,2.513,S2M
77,TP7,91,3.001,S2M
77,TP7,92,3.001,S2M
77,TP7,93,3.489,S2M
77,TP7,94,2.513,S2M
77,TP7,95,1.048,S2M
77,TP7,96,-0.905,S2M
77,TP7,97,-3.835,S2M
77,TP7,98,-5.788,S2M
77,TP7,99,-6.765,S2M
77,TP7,100,-6.765,S2M
77,TP7,101,-6.276,S2M
77,TP7,102,-5.788,S2M
77,TP7,103,-6.276,S2M
77,TP7,104,-7.741,S2M
77,TP7,105,-8.718,S2M
77,TP7,106,-8.718,S2M
77,TP7,107,-7.741,S2M
77,TP7,108,-5.788,S2M
77,TP7,109,-4.323,S2M
77,TP7,110,-3.835,S2M
77,TP7,111,-3.347,S2M
77,TP7,112,-3.347,S2M
77,TP7,113,-1.882,S2M
77,TP7,114,0.559,S2M
77,TP7,115,3.001,S2M
77,TP7,116,4.954,S2M
77,TP7,117,5.442,S2M
77,TP7,118,4.954,S2M
77,TP7,119,3.977,S2M
77,TP7,120,3.001,S2M
77,TP7,121,2.513,S2M
77,TP7,122,3.001,S2M
77,TP7,123,3.001,S2M
77,TP7,124,3.001,S2M
77,TP7,125,2.024,S2M
77,TP7,126,0.559,S2M
77,TP7,127,-0.905,S2M
77,TP7,128,-2.370,S2M
77,TP7,129,-3.835,S2M
77,TP7,130,-4.812,S2M
77,TP7,131,-5.788,S2M
77,TP7,132,-6.765,S2M
77,TP7,133,-6.765,S2M
77,TP7,134,-5.788,S2M
77,TP7,135,-4.323,S2M
77,TP7,136,-2.370,S2M
77,TP7,137,-0.417,S2M
77,TP7,138,1.048,S2M
77,TP7,139,2.024,S2M
77,TP7,140,1.536,S2M
77,TP7,141,0.559,S2M
77,TP7,142,0.559,S2M
77,TP7,143,0.559,S2M
77,TP7,144,1.536,S2M
77,TP7,145,2.024,S2M
77,TP7,146,2.024,S2M
77,TP7,147,1.048,S2M
77,TP7,148,-0.905,S2M
77,TP7,149,-2.858,S2M
77,TP7,150,-4.812,S2M
77,TP7,151,-5.300,S2M
77,TP7,152,-6.765,S2M
77,TP7,153,-8.718,S2M
77,TP7,154,-11.648,S2M
77,TP7,155,-13.601,S2M
77,TP7,156,-15.066,S2M
77,TP7,157,-14.577,S2M
77,TP7,158,-12.624,S2M
77,TP7,159,-9.694,S2M
77,TP7,160,-7.741,S2M
77,TP7,161,-7.253,S2M
77,TP7,162,-8.230,S2M
77,TP7,163,-9.694,S2M
77,TP7,164,-10.671,S2M
77,TP7,165,-9.694,S2M
77,TP7,166,-7.741,S2M
77,TP7,167,-5.300,S2M
77,TP7,168,-3.835,S2M
77,TP7,169,-3.835,S2M
77,TP7,170,-4.323,S2M
77,TP7,171,-5.300,S2M
77,TP7,172,-5.300,S2M
77,TP7,173,-4.812,S2M
77,TP7,174,-4.323,S2M
77,TP7,175,-3.835,S2M
77,TP7,176,-3.835,S2M
77,TP7,177,-4.323,S2M
77,TP7,178,-5.300,S2M
77,TP7,179,-5.788,S2M
77,TP7,180,-5.788,S2M
77,TP7,181,-6.276,S2M
77,TP7,182,-7.741,S2M
77,TP7,183,-9.206,S2M
77,TP7,184,-11.648,S2M
77,TP7,185,-13.112,S2M
77,TP7,186,-13.601,S2M
77,TP7,187,-12.624,S2M
77,TP7,188,-11.648,S2M
77,TP7,189,-11.648,S2M
77,TP7,190,-13.601,S2M
77,TP7,191,-16.042,S2M
77,TP7,192,-18.483,S2M
77,TP7,193,-18.972,S2M
77,TP7,194,-17.507,S2M
77,TP7,195,-14.577,S2M
77,TP7,196,-10.671,S2M
77,TP7,197,-7.741,S2M
77,TP7,198,-5.300,S2M
77,TP7,199,-3.835,S2M
77,TP7,200,-3.347,S2M
77,TP7,201,-2.858,S2M
77,TP7,202,-2.858,S2M
77,TP7,203,-2.858,S2M
77,TP7,204,-1.882,S2M
77,TP7,205,-1.882,S2M
77,TP7,206,-2.370,S2M
77,TP7,207,-4.323,S2M
77,TP7,208,-7.253,S2M
77,TP7,209,-10.183,S2M
77,TP7,210,-12.136,S2M
77,TP7,211,-13.112,S2M
77,TP7,212,-13.601,S2M
77,TP7,213,-13.601,S2M
77,TP7,214,-13.601,S2M
77,TP7,215,-13.112,S2M
77,TP7,216,-12.136,S2M
77,TP7,217,-10.671,S2M
77,TP7,218,-9.694,S2M
77,TP7,219,-9.694,S2M
77,TP7,220,-10.183,S2M
77,TP7,221,-11.159,S2M
77,TP7,222,-11.159,S2M
77,TP7,223,-9.694,S2M
77,TP7,224,-7.741,S2M
77,TP7,225,-6.276,S2M
77,TP7,226,-4.812,S2M
77,TP7,227,-3.835,S2M
77,TP7,228,-3.347,S2M
77,TP7,229,-3.835,S2M
77,TP7,230,-5.300,S2M
77,TP7,231,-7.741,S2M
77,TP7,232,-10.671,S2M
77,TP7,233,-12.624,S2M
77,TP7,234,-12.624,S2M
77,TP7,235,-11.648,S2M
77,TP7,236,-10.183,S2M
77,TP7,237,-10.183,S2M
77,TP7,238,-11.159,S2M
77,TP7,239,-12.624,S2M
77,TP7,240,-13.112,S2M
77,TP7,241,-13.112,S2M
77,TP7,242,-12.136,S2M
77,TP7,243,-11.159,S2M
77,TP7,244,-11.159,S2M
77,TP7,245,-10.671,S2M
77,TP7,246,-10.183,S2M
77,TP7,247,-8.230,S2M
77,TP7,248,-5.788,S2M
77,TP7,249,-4.323,S2M
77,TP7,250,-4.323,S2M
77,TP7,251,-5.788,S2M
77,TP7,252,-7.741,S2M
77,TP7,253,-8.718,S2M
77,TP7,254,-8.718,S2M
77,TP7,255,-7.253,S2M
77,AFZ,0,-9.064,S2M
77,AFZ,1,-6.622,S2M
77,AFZ,2,-5.157,S2M
77,AFZ,3,-4.181,S2M
77,AFZ,4,-3.693,S2M
77,AFZ,5,-2.716,S2M
77,AFZ,6,-1.251,S2M
77,AFZ,7,1.678,S2M
77,AFZ,8,5.096,S2M
77,AFZ,9,9.003,S2M
77,AFZ,10,11.932,S2M
77,AFZ,11,13.397,S2M
77,AFZ,12,13.885,S2M
77,AFZ,13,12.909,S2M
77,AFZ,14,10.956,S2M
77,AFZ,15,8.026,S2M
77,AFZ,16,3.632,S2M
77,AFZ,17,-1.251,S2M
77,AFZ,18,-4.181,S2M
77,AFZ,19,-5.646,S2M
77,AFZ,20,-5.157,S2M
77,AFZ,21,-4.181,S2M
77,AFZ,22,-4.669,S2M
77,AFZ,23,-5.157,S2M
77,AFZ,24,-6.134,S2M
77,AFZ,25,-6.134,S2M
77,AFZ,26,-6.134,S2M
77,AFZ,27,-5.157,S2M
77,AFZ,28,-4.669,S2M
77,AFZ,29,-4.669,S2M
77,AFZ,30,-4.181,S2M
77,AFZ,31,-3.204,S2M
77,AFZ,32,-1.251,S2M
77,AFZ,33,0.214,S2M
77,AFZ,34,1.678,S2M
77,AFZ,35,2.167,S2M
77,AFZ,36,2.655,S2M
77,AFZ,37,3.632,S2M
77,AFZ,38,5.585,S2M
77,AFZ,39,7.050,S2M
77,AFZ,40,8.026,S2M
77,AFZ,41,8.026,S2M
77,AFZ,42,6.561,S2M
77,AFZ,43,5.585,S2M
77,AFZ,44,4.608,S2M
77,AFZ,45,4.608,S2M
77,AFZ,46,4.120,S2M
77,AFZ,47,2.655,S2M
77,AFZ,48,0.214,S2M
77,AFZ,49,-2.228,S2M
77,AFZ,50,-3.693,S2M
77,AFZ,51,-3.693,S2M
77,AFZ,52,-3.204,S2M
77,AFZ,53,-1.740,S2M
77,AFZ,54,-0.763,S2M
77,AFZ,55,0.702,S2M
77,AFZ,56,2.655,S2M
77,AFZ,57,6.073,S2M
77,AFZ,58,8.514,S2M
77,AFZ,59,10.468,S2M
77,AFZ,60,10.956,S2M
77,AFZ,61,9.979,S2M
77,AFZ,62,8.514,S2M
77,AFZ,63,6.561,S2M
77,AFZ,64,5.096,S2M
77,AFZ,65,4.120,S2M
77,AFZ,66,2.655,S2M
77,AFZ,67,0.702,S2M
77,AFZ,68,-2.228,S2M
77,AFZ,69,-4.181,S2M
77,AFZ,70,-5.646,S2M
77,AFZ,71,-5.646,S2M
77,AFZ,72,-4.669,S2M
77,AFZ,73,-4.669,S2M
77,AFZ,74,-5.157,S2M
77,AFZ,75,-6.134,S2M
77,AFZ,76,-6.134,S2M
77,AFZ,77,-5.157,S2M
77,AFZ,78,-3.204,S2M
77,AFZ,79,-0.763,S2M
77,AFZ,80,1.190,S2M
77,AFZ,81,2.655,S2M
77,AFZ,82,3.632,S2M
77,AFZ,83,4.120,S2M
77,AFZ,84,4.608,S2M
77,AFZ,85,4.608,S2M
77,AFZ,86,4.608,S2M
77,AFZ,87,4.120,S2M
77,AFZ,88,3.632,S2M
77,AFZ,89,1.678,S2M
77,AFZ,90,-0.275,S2M
77,AFZ,91,-3.693,S2M
77,AFZ,92,-6.134,S2M
77,AFZ,93,-8.575,S2M
77,AFZ,94,-10.040,S2M
77,AFZ,95,-10.529,S2M
77,AFZ,96,-10.529,S2M
77,AFZ,97,-11.505,S2M
77,AFZ,98,-12.482,S2M
77,AFZ,99,-12.482,S2M
77,AFZ,100,-11.993,S2M
77,AFZ,101,-10.040,S2M
77,AFZ,102,-7.599,S2M
77,AFZ,103,-5.646,S2M
77,AFZ,104,-4.181,S2M
77,AFZ,105,-3.693,S2M
77,AFZ,106,-3.693,S2M
77,AFZ,107,-3.204,S2M
77,AFZ,108,-2.716,S2M
77,AFZ,109,-1.740,S2M
77,AFZ,110,-0.763,S2M
77,AFZ,111,0.702,S2M
77,AFZ,112,1.678,S2M
77,AFZ,113,2.655,S2M
77,AFZ,114,2.655,S2M
77,AFZ,115,2.167,S2M
77,AFZ,116,0.702,S2M
77,AFZ,117,-0.275,S2M
77,AFZ,118,-1.251,S2M
77,AFZ,119,-1.740,S2M
77,AFZ,120,-2.228,S2M
77,AFZ,121,-2.716,S2M
77,AFZ,122,-3.693,S2M
77,AFZ,123,-4.669,S2M
77,AFZ,124,-5.646,S2M
77,AFZ,125,-6.134,S2M
77,AFZ,126,-5.646,S2M
77,AFZ,127,-4.669,S2M
77,AFZ,128,-3.204,S2M
77,AFZ,129,-1.251,S2M
77,AFZ,130,0.702,S2M
77,AFZ,131,2.655,S2M
77,AFZ,132,5.096,S2M
77,AFZ,133,7.050,S2M
77,AFZ,134,8.514,S2M
77,AFZ,135,9.491,S2M
77,AFZ,136,9.491,S2M
77,AFZ,137,9.003,S2M
77,AFZ,138,8.514,S2M
77,AFZ,139,7.538,S2M
77,AFZ,140,7.050,S2M
77,AFZ,141,6.561,S2M
77,AFZ,142,6.073,S2M
77,AFZ,143,5.096,S2M
77,AFZ,144,4.120,S2M
77,AFZ,145,2.167,S2M
77,AFZ,146,-0.275,S2M
77,AFZ,147,-2.228,S2M
77,AFZ,148,-4.181,S2M
77,AFZ,149,-5.646,S2M
77,AFZ,150,-6.134,S2M
77,AFZ,151,-6.134,S2M
77,AFZ,152,-5.157,S2M
77,AFZ,153,-2.716,S2M
77,AFZ,154,0.214,S2M
77,AFZ,155,2.167,S2M
77,AFZ,156,3.143,S2M
77,AFZ,157,3.143,S2M
77,AFZ,158,2.655,S2M
77,AFZ,159,2.655,S2M
77,AFZ,160,2.655,S2M
77,AFZ,161,2.167,S2M
77,AFZ,162,1.190,S2M
77,AFZ,163,-0.763,S2M
77,AFZ,164,-2.716,S2M
77,AFZ,165,-3.693,S2M
77,AFZ,166,-3.204,S2M
77,AFZ,167,-2.228,S2M
77,AFZ,168,-1.740,S2M
77,AFZ,169,-2.228,S2M
77,AFZ,170,-4.181,S2M
77,AFZ,171,-5.646,S2M
77,AFZ,172,-6.622,S2M
77,AFZ,173,-6.622,S2M
77,AFZ,174,-5.646,S2M
77,AFZ,175,-5.157,S2M
77,AFZ,176,-5.646,S2M
77,AFZ,177,-6.622,S2M
77,AFZ,178,-6.622,S2M
77,AFZ,179,-5.157,S2M
77,AFZ,180,-1.740,S2M
77,AFZ,181,1.190,S2M
77,AFZ,182,3.632,S2M
77,AFZ,183,4.120,S2M
77,AFZ,184,3.632,S2M
77,AFZ,185,2.167,S2M
77,AFZ,186,1.678,S2M
77,AFZ,187,1.678,S2M
77,AFZ,188,2.167,S2M
77,AFZ,189,1.678,S2M
77,AFZ,190,0.702,S2M
77,AFZ,191,-0.275,S2M
77,AFZ,192,-1.740,S2M
77,AFZ,193,-1.740,S2M
77,AFZ,194,-0.763,S2M
77,AFZ,195,1.678,S2M
77,AFZ,196,3.632,S2M
77,AFZ,197,5.096,S2M
77,AFZ,198,5.585,S2M
77,AFZ,199,4.120,S2M
77,AFZ,200,2.167,S2M
77,AFZ,201,-0.275,S2M
77,AFZ,202,-2.228,S2M
77,AFZ,203,-2.716,S2M
77,AFZ,204,-2.716,S2M
77,AFZ,205,-2.228,S2M
77,AFZ,206,-1.251,S2M
77,AFZ,207,-0.275,S2M
77,AFZ,208,-0.275,S2M
77,AFZ,209,0.702,S2M
77,AFZ,210,1.190,S2M
77,AFZ,211,1.678,S2M
77,AFZ,212,2.167,S2M
77,AFZ,213,1.678,S2M
77,AFZ,214,1.678,S2M
77,AFZ,215,2.167,S2M
77,AFZ,216,3.632,S2M
77,AFZ,217,5.096,S2M
77,AFZ,218,5.585,S2M
77,AFZ,219,5.096,S2M
77,AFZ,220,2.655,S2M
77,AFZ,221,0.214,S2M
77,AFZ,222,-0.763,S2M
77,AFZ,223,0.214,S2M
77,AFZ,224,2.167,S2M
77,AFZ,225,5.096,S2M
77,AFZ,226,6.561,S2M
77,AFZ,227,7.538,S2M
77,AFZ,228,7.050,S2M
77,AFZ,229,6.561,S2M
77,AFZ,230,6.073,S2M
77,AFZ,231,6.073,S2M
77,AFZ,232,6.073,S2M
77,AFZ,233,6.073,S2M
77,AFZ,234,6.561,S2M
77,AFZ,235,6.561,S2M
77,AFZ,236,6.561,S2M
77,AFZ,237,6.073,S2M
77,AFZ,238,5.585,S2M
77,AFZ,239,6.561,S2M
77,AFZ,240,8.514,S2M
77,AFZ,241,9.979,S2M
77,AFZ,242,10.956,S2M
77,AFZ,243,10.468,S2M
77,AFZ,244,9.491,S2M
77,AFZ,245,8.514,S2M
77,AFZ,246,8.514,S2M
77,AFZ,247,9.491,S2M
77,AFZ,248,9.979,S2M
77,AFZ,249,9.979,S2M
77,AFZ,250,8.514,S2M
77,AFZ,251,7.050,S2M
77,AFZ,252,6.561,S2M
77,AFZ,253,7.538,S2M
77,AFZ,254,8.514,S2M
77,AFZ,255,9.003,S2M
77,CP3,0,5.198,S2M
77,CP3,1,4.710,S2M
77,CP3,2,5.686,S2M
77,CP3,3,6.663,S2M
77,CP3,4,6.663,S2M
77,CP3,5,6.175,S2M
77,CP3,6,5.198,S2M
77,CP3,7,5.198,S2M
77,CP3,8,5.198,S2M
77,CP3,9,4.710,S2M
77,CP3,10,3.245,S2M
77,CP3,11,1.780,S2M
77,CP3,12,0.315,S2M
77,CP3,13,-0.173,S2M
77,CP3,14,0.804,S2M
77,CP3,15,2.268,S2M
77,CP3,16,4.222,S2M
77,CP3,17,5.686,S2M
77,CP3,18,7.151,S2M
77,CP3,19,8.128,S2M
77,CP3,20,8.128,S2M
77,CP3,21,6.663,S2M
77,CP3,22,4.222,S2M
77,CP3,23,2.268,S2M
77,CP3,24,-0.173,S2M
77,CP3,25,-1.638,S2M
77,CP3,26,-3.591,S2M
77,CP3,27,-5.056,S2M
77,CP3,28,-7.009,S2M
77,CP3,29,-7.985,S2M
77,CP3,30,-7.985,S2M
77,CP3,31,-7.009,S2M
77,CP3,32,-5.056,S2M
77,CP3,33,-3.103,S2M
77,CP3,34,-1.638,S2M
77,CP3,35,-0.173,S2M
77,CP3,36,0.315,S2M
77,CP3,37,1.292,S2M
77,CP3,38,2.268,S2M
77,CP3,39,4.222,S2M
77,CP3,40,5.198,S2M
77,CP3,41,5.686,S2M
77,CP3,42,4.710,S2M
77,CP3,43,2.757,S2M
77,CP3,44,0.804,S2M
77,CP3,45,-0.661,S2M
77,CP3,46,-1.149,S2M
77,CP3,47,-2.126,S2M
77,CP3,48,-2.614,S2M
77,CP3,49,-3.103,S2M
77,CP3,50,-3.103,S2M
77,CP3,51,-2.126,S2M
77,CP3,52,-0.661,S2M
77,CP3,53,1.780,S2M
77,CP3,54,2.757,S2M
77,CP3,55,2.757,S2M
77,CP3,56,1.292,S2M
77,CP3,57,-1.149,S2M
77,CP3,58,-3.103,S2M
77,CP3,59,-4.079,S2M
77,CP3,60,-3.591,S2M
77,CP3,61,-2.126,S2M
77,CP3,62,-0.173,S2M
77,CP3,63,2.268,S2M
77,CP3,64,3.733,S2M
77,CP3,65,5.198,S2M
77,CP3,66,5.686,S2M
77,CP3,67,5.686,S2M
77,CP3,68,5.686,S2M
77,CP3,69,4.710,S2M
77,CP3,70,3.245,S2M
77,CP3,71,2.268,S2M
77,CP3,72,1.780,S2M
77,CP3,73,1.780,S2M
77,CP3,74,1.780,S2M
77,CP3,75,1.780,S2M
77,CP3,76,0.804,S2M
77,CP3,77,-0.173,S2M
77,CP3,78,-2.126,S2M
77,CP3,79,-4.079,S2M
77,CP3,80,-5.056,S2M
77,CP3,81,-5.544,S2M
77,CP3,82,-4.567,S2M
77,CP3,83,-3.103,S2M
77,CP3,84,-2.126,S2M
77,CP3,85,-1.149,S2M
77,CP3,86,-1.149,S2M
77,CP3,87,-1.149,S2M
77,CP3,88,-0.661,S2M
77,CP3,89,0.315,S2M
77,CP3,90,2.268,S2M
77,CP3,91,3.245,S2M
77,CP3,92,4.222,S2M
77,CP3,93,4.710,S2M
77,CP3,94,4.710,S2M
77,CP3,95,5.198,S2M
77,CP3,96,5.198,S2M
77,CP3,97,4.222,S2M
77,CP3,98,2.757,S2M
77,CP3,99,0.804,S2M
77,CP3,100,0.804,S2M
77,CP3,101,0.804,S2M
77,CP3,102,0.315,S2M
77,CP3,103,-1.149,S2M
77,CP3,104,-2.614,S2M
77,CP3,105,-4.079,S2M
77,CP3,106,-3.591,S2M
77,CP3,107,-2.126,S2M
77,CP3,108,-0.661,S2M
77,CP3,109,0.804,S2M
77,CP3,110,0.315,S2M
77,CP3,111,-0.173,S2M
77,CP3,112,-0.661,S2M
77,CP3,113,0.315,S2M
77,CP3,114,2.268,S2M
77,CP3,115,4.222,S2M
77,CP3,116,4.710,S2M
77,CP3,117,4.222,S2M
77,CP3,118,3.733,S2M
77,CP3,119,3.245,S2M
77,CP3,120,3.733,S2M
77,CP3,121,4.222,S2M
77,CP3,122,5.686,S2M
77,CP3,123,6.175,S2M
77,CP3,124,6.663,S2M
77,CP3,125,5.686,S2M
77,CP3,126,4.710,S2M
77,CP3,127,3.245,S2M
77,CP3,128,1.780,S2M
77,CP3,129,-0.173,S2M
77,CP3,130,-1.638,S2M
77,CP3,131,-3.103,S2M
77,CP3,132,-3.591,S2M
77,CP3,133,-4.079,S2M
77,CP3,134,-3.591,S2M
77,CP3,135,-3.103,S2M
77,CP3,136,-2.614,S2M
77,CP3,137,-1.638,S2M
77,CP3,138,-0.661,S2M
77,CP3,139,-0.173,S2M
77,CP3,140,0.315,S2M
77,CP3,141,0.804,S2M
77,CP3,142,1.780,S2M
77,CP3,143,3.245,S2M
77,CP3,144,5.198,S2M
77,CP3,145,6.663,S2M
77,CP3,146,6.663,S2M
77,CP3,147,5.686,S2M
77,CP3,148,4.710,S2M
77,CP3,149,3.733,S2M
77,CP3,150,2.757,S2M
77,CP3,151,3.245,S2M
77,CP3,152,2.757,S2M
77,CP3,153,1.780,S2M
77,CP3,154,-0.173,S2M
77,CP3,155,-2.126,S2M
77,CP3,156,-3.103,S2M
77,CP3,157,-3.591,S2M
77,CP3,158,-3.591,S2M
77,CP3,159,-3.103,S2M
77,CP3,160,-3.103,S2M
77,CP3,161,-3.591,S2M
77,CP3,162,-4.079,S2M
77,CP3,163,-4.567,S2M
77,CP3,164,-3.591,S2M
77,CP3,165,-2.126,S2M
77,CP3,166,-0.173,S2M
77,CP3,167,1.292,S2M
77,CP3,168,2.757,S2M
77,CP3,169,3.245,S2M
77,CP3,170,3.733,S2M
77,CP3,171,4.222,S2M
77,CP3,172,4.710,S2M
77,CP3,173,4.710,S2M
77,CP3,174,4.710,S2M
77,CP3,175,4.710,S2M
77,CP3,176,4.222,S2M
77,CP3,177,3.733,S2M
77,CP3,178,3.245,S2M
77,CP3,179,2.268,S2M
77,CP3,180,1.292,S2M
77,CP3,181,-0.173,S2M
77,CP3,182,-1.638,S2M
77,CP3,183,-3.103,S2M
77,CP3,184,-4.567,S2M
77,CP3,185,-5.056,S2M
77,CP3,186,-5.056,S2M
77,CP3,187,-5.056,S2M
77,CP3,188,-5.056,S2M
77,CP3,189,-5.056,S2M
77,CP3,190,-5.056,S2M
77,CP3,191,-5.056,S2M
77,CP3,192,-5.056,S2M
77,CP3,193,-5.544,S2M
77,CP3,194,-5.056,S2M
77,CP3,195,-4.567,S2M
77,CP3,196,-2.614,S2M
77,CP3,197,-0.173,S2M
77,CP3,198,2.757,S2M
77,CP3,199,3.733,S2M
77,CP3,200,3.245,S2M
77,CP3,201,2.268,S2M
77,CP3,202,1.292,S2M
77,CP3,203,1.780,S2M
77,CP3,204,2.268,S2M
77,CP3,205,2.757,S2M
77,CP3,206,2.268,S2M
77,CP3,207,-0.173,S2M
77,CP3,208,-2.614,S2M
77,CP3,209,-5.056,S2M
77,CP3,210,-6.032,S2M
77,CP3,211,-6.521,S2M
77,CP3,212,-6.521,S2M
77,CP3,213,-6.521,S2M
77,CP3,214,-6.521,S2M
77,CP3,215,-6.521,S2M
77,CP3,216,-7.009,S2M
77,CP3,217,-7.009,S2M
77,CP3,218,-6.521,S2M
77,CP3,219,-5.544,S2M
77,CP3,220,-4.567,S2M
77,CP3,221,-3.591,S2M
77,CP3,222,-3.103,S2M
77,CP3,223,-2.126,S2M
77,CP3,224,-2.126,S2M
77,CP3,225,-1.638,S2M
77,CP3,226,-1.638,S2M
77,CP3,227,-1.638,S2M
77,CP3,228,-2.126,S2M
77,CP3,229,-3.103,S2M
77,CP3,230,-5.056,S2M
77,CP3,231,-7.009,S2M
77,CP3,232,-8.474,S2M
77,CP3,233,-8.474,S2M
77,CP3,234,-7.985,S2M
77,CP3,235,-6.032,S2M
77,CP3,236,-5.056,S2M
77,CP3,237,-5.544,S2M
77,CP3,238,-7.497,S2M
77,CP3,239,-10.427,S2M
77,CP3,240,-11.892,S2M
77,CP3,241,-12.380,S2M
77,CP3,242,-11.403,S2M
77,CP3,243,-9.939,S2M
77,CP3,244,-8.474,S2M
77,CP3,245,-7.009,S2M
77,CP3,246,-6.521,S2M
77,CP3,247,-5.544,S2M
77,CP3,248,-4.567,S2M
77,CP3,249,-4.079,S2M
77,CP3,250,-4.567,S2M
77,CP3,251,-6.032,S2M
77,CP3,252,-8.474,S2M
77,CP3,253,-10.427,S2M
77,CP3,254,-10.915,S2M
77,CP3,255,-9.450,S2M
77,CP4,0,-0.559,S2M
77,CP4,1,-1.536,S2M
77,CP4,2,-1.536,S2M
77,CP4,3,-1.536,S2M
77,CP4,4,-1.536,S2M
77,CP4,5,-1.536,S2M
77,CP4,6,-1.536,S2M
77,CP4,7,-1.536,S2M
77,CP4,8,-2.513,S2M
77,CP4,9,-3.489,S2M
77,CP4,10,-3.489,S2M
77,CP4,11,-2.513,S2M
77,CP4,12,0.905,S2M
77,CP4,13,5.300,S2M
77,CP4,14,8.718,S2M
77,CP4,15,10.183,S2M
77,CP4,16,10.183,S2M
77,CP4,17,9.206,S2M
77,CP4,18,9.694,S2M
77,CP4,19,11.159,S2M
77,CP4,20,12.624,S2M
77,CP4,21,12.624,S2M
77,CP4,22,10.671,S2M
77,CP4,23,7.741,S2M
77,CP4,24,4.323,S2M
77,CP4,25,0.905,S2M
77,CP4,26,-1.536,S2M
77,CP4,27,-3.489,S2M
77,CP4,28,-5.442,S2M
77,CP4,29,-6.419,S2M
77,CP4,30,-7.395,S2M
77,CP4,31,-8.372,S2M
77,CP4,32,-8.860,S2M
77,CP4,33,-9.837,S2M
77,CP4,34,-9.837,S2M
77,CP4,35,-8.860,S2M
77,CP4,36,-7.395,S2M
77,CP4,37,-5.931,S2M
77,CP4,38,-5.442,S2M
77,CP4,39,-4.466,S2M
77,CP4,40,-3.977,S2M
77,CP4,41,-3.489,S2M
77,CP4,42,-2.024,S2M
77,CP4,43,-1.048,S2M
77,CP4,44,-0.071,S2M
77,CP4,45,0.905,S2M
77,CP4,46,0.905,S2M
77,CP4,47,0.417,S2M
77,CP4,48,-0.071,S2M
77,CP4,49,0.417,S2M
77,CP4,50,1.882,S2M
77,CP4,51,3.347,S2M
77,CP4,52,3.835,S2M
77,CP4,53,2.370,S2M
77,CP4,54,-0.559,S2M
77,CP4,55,-4.466,S2M
77,CP4,56,-6.907,S2M
77,CP4,57,-7.884,S2M
77,CP4,58,-7.395,S2M
77,CP4,59,-6.419,S2M
77,CP4,60,-5.931,S2M
77,CP4,61,-4.954,S2M
77,CP4,62,-3.977,S2M
77,CP4,63,-2.513,S2M
77,CP4,64,-1.536,S2M
77,CP4,65,-0.559,S2M
77,CP4,66,-1.048,S2M
77,CP4,67,-2.024,S2M
77,CP4,68,-3.001,S2M
77,CP4,69,-3.489,S2M
77,CP4,70,-3.977,S2M
77,CP4,71,-3.977,S2M
77,CP4,72,-3.977,S2M
77,CP4,73,-4.466,S2M
77,CP4,74,-3.977,S2M
77,CP4,75,-3.489,S2M
77,CP4,76,-2.513,S2M
77,CP4,77,-2.024,S2M
77,CP4,78,-1.536,S2M
77,CP4,79,-1.048,S2M
77,CP4,80,-1.048,S2M
77,CP4,81,-2.024,S2M
77,CP4,82,-2.513,S2M
77,CP4,83,-3.489,S2M
77,CP4,84,-3.977,S2M
77,CP4,85,-3.977,S2M
77,CP4,86,-3.977,S2M
77,CP4,87,-3.977,S2M
77,CP4,88,-4.466,S2M
77,CP4,89,-4.954,S2M
77,CP4,90,-4.954,S2M
77,CP4,91,-4.466,S2M
77,CP4,92,-2.513,S2M
77,CP4,93,-1.048,S2M
77,CP4,94,0.905,S2M
77,CP4,95,2.370,S2M
77,CP4,96,2.370,S2M
77,CP4,97,2.370,S2M
77,CP4,98,0.905,S2M
77,CP4,99,0.417,S2M
77,CP4,100,-0.071,S2M
77,CP4,101,0.417,S2M
77,CP4,102,1.882,S2M
77,CP4,103,2.370,S2M
77,CP4,104,2.370,S2M
77,CP4,105,1.394,S2M
77,CP4,106,-0.071,S2M
77,CP4,107,-1.048,S2M
77,CP4,108,-1.048,S2M
77,CP4,109,-0.559,S2M
77,CP4,110,0.417,S2M
77,CP4,111,0.905,S2M
77,CP4,112,1.882,S2M
77,CP4,113,2.858,S2M
77,CP4,114,3.835,S2M
77,CP4,115,5.300,S2M
77,CP4,116,5.788,S2M
77,CP4,117,5.788,S2M
77,CP4,118,4.812,S2M
77,CP4,119,3.835,S2M
77,CP4,120,3.347,S2M
77,CP4,121,2.858,S2M
77,CP4,122,2.858,S2M
77,CP4,123,2.370,S2M
77,CP4,124,1.394,S2M
77,CP4,125,0.417,S2M
77,CP4,126,0.417,S2M
77,CP4,127,0.905,S2M
77,CP4,128,1.394,S2M
77,CP4,129,1.394,S2M
77,CP4,130,0.417,S2M
77,CP4,131,-1.048,S2M
77,CP4,132,-2.513,S2M
77,CP4,133,-3.001,S2M
77,CP4,134,-2.513,S2M
77,CP4,135,-1.536,S2M
77,CP4,136,-0.559,S2M
77,CP4,137,-0.071,S2M
77,CP4,138,0.905,S2M
77,CP4,139,1.882,S2M
77,CP4,140,2.858,S2M
77,CP4,141,2.858,S2M
77,CP4,142,2.858,S2M
77,CP4,143,1.394,S2M
77,CP4,144,-0.071,S2M
77,CP4,145,-2.024,S2M
77,CP4,146,-3.001,S2M
77,CP4,147,-3.001,S2M
77,CP4,148,-3.001,S2M
77,CP4,149,-3.001,S2M
77,CP4,150,-3.489,S2M
77,CP4,151,-3.977,S2M
77,CP4,152,-4.466,S2M
77,CP4,153,-4.954,S2M
77,CP4,154,-4.954,S2M
77,CP4,155,-4.466,S2M
77,CP4,156,-4.466,S2M
77,CP4,157,-3.489,S2M
77,CP4,158,-2.513,S2M
77,CP4,159,-0.559,S2M
77,CP4,160,1.882,S2M
77,CP4,161,3.835,S2M
77,CP4,162,5.300,S2M
77,CP4,163,5.788,S2M
77,CP4,164,5.788,S2M
77,CP4,165,6.276,S2M
77,CP4,166,5.788,S2M
77,CP4,167,4.812,S2M
77,CP4,168,3.347,S2M
77,CP4,169,1.394,S2M
77,CP4,170,0.417,S2M
77,CP4,171,-0.071,S2M
77,CP4,172,-0.559,S2M
77,CP4,173,-1.536,S2M
77,CP4,174,-2.024,S2M
77,CP4,175,-2.513,S2M
77,CP4,176,-2.024,S2M
77,CP4,177,-1.048,S2M
77,CP4,178,-1.048,S2M
77,CP4,179,-1.536,S2M
77,CP4,180,-3.001,S2M
77,CP4,181,-4.466,S2M
77,CP4,182,-4.954,S2M
77,CP4,183,-3.977,S2M
77,CP4,184,-2.024,S2M
77,CP4,185,-0.559,S2M
77,CP4,186,0.417,S2M
77,CP4,187,0.905,S2M
77,CP4,188,1.882,S2M
77,CP4,189,2.370,S2M
77,CP4,190,2.370,S2M
77,CP4,191,1.882,S2M
77,CP4,192,-0.559,S2M
77,CP4,193,-3.489,S2M
77,CP4,194,-6.419,S2M
77,CP4,195,-7.884,S2M
77,CP4,196,-8.372,S2M
77,CP4,197,-8.372,S2M
77,CP4,198,-7.395,S2M
77,CP4,199,-7.395,S2M
77,CP4,200,-7.395,S2M
77,CP4,201,-6.419,S2M
77,CP4,202,-5.442,S2M
77,CP4,203,-3.977,S2M
77,CP4,204,-2.513,S2M
77,CP4,205,-1.536,S2M
77,CP4,206,-1.048,S2M
77,CP4,207,-1.048,S2M
77,CP4,208,-1.536,S2M
77,CP4,209,-2.024,S2M
77,CP4,210,-2.513,S2M
77,CP4,211,-3.001,S2M
77,CP4,212,-3.001,S2M
77,CP4,213,-2.513,S2M
77,CP4,214,-0.559,S2M
77,CP4,215,0.905,S2M
77,CP4,216,2.858,S2M
77,CP4,217,3.347,S2M
77,CP4,218,3.347,S2M
77,CP4,219,2.858,S2M
77,CP4,220,1.394,S2M
77,CP4,221,-0.071,S2M
77,CP4,222,-1.536,S2M
77,CP4,223,-2.024,S2M
77,CP4,224,-2.024,S2M
77,CP4,225,-1.536,S2M
77,CP4,226,-1.536,S2M
77,CP4,227,-1.048,S2M
77,CP4,228,-1.536,S2M
77,CP4,229,-1.536,S2M
77,CP4,230,-1.048,S2M
77,CP4,231,-0.559,S2M
77,CP4,232,-0.071,S2M
77,CP4,233,0.417,S2M
77,CP4,234,0.905,S2M
77,CP4,235,0.905,S2M
77,CP4,236,1.394,S2M
77,CP4,237,1.882,S2M
77,CP4,238,1.882,S2M
77,CP4,239,1.394,S2M
77,CP4,240,0.417,S2M
77,CP4,241,-1.048,S2M
77,CP4,242,-2.024,S2M
77,CP4,243,-2.513,S2M
77,CP4,244,-3.001,S2M
77,CP4,245,-3.977,S2M
77,CP4,246,-5.442,S2M
77,CP4,247,-6.419,S2M
77,CP4,248,-6.907,S2M
77,CP4,249,-5.931,S2M
77,CP4,250,-4.954,S2M
77,CP4,251,-3.977,S2M
77,CP4,252,-3.489,S2M
77,CP4,253,-3.489,S2M
77,CP4,254,-3.977,S2M
77,CP4,255,-3.489,S2M
77,P5,0,9.450,S2M
77,P5,1,8.962,S2M
77,P5,2,9.939,S2M
77,P5,3,11.403,S2M
77,P5,4,11.892,S2M
77,P5,5,11.892,S2M
77,P5,6,10.915,S2M
77,P5,7,10.915,S2M
77,P5,8,10.915,S2M
77,P5,9,11.403,S2M
77,P5,10,10.427,S2M
77,P5,11,8.474,S2M
77,P5,12,7.009,S2M
77,P5,13,5.544,S2M
77,P5,14,5.544,S2M
77,P5,15,5.544,S2M
77,P5,16,6.521,S2M
77,P5,17,7.497,S2M
77,P5,18,8.962,S2M
77,P5,19,10.427,S2M
77,P5,20,11.403,S2M
77,P5,21,10.427,S2M
77,P5,22,8.474,S2M
77,P5,23,6.032,S2M
77,P5,24,3.103,S2M
77,P5,25,0.661,S2M
77,P5,26,-0.804,S2M
77,P5,27,-2.268,S2M
77,P5,28,-3.733,S2M
77,P5,29,-4.710,S2M
77,P5,30,-5.198,S2M
77,P5,31,-4.222,S2M
77,P5,32,-2.268,S2M
77,P5,33,0.173,S2M
77,P5,34,2.614,S2M
77,P5,35,4.079,S2M
77,P5,36,4.567,S2M
77,P5,37,5.056,S2M
77,P5,38,4.567,S2M
77,P5,39,4.567,S2M
77,P5,40,4.079,S2M
77,P5,41,3.103,S2M
77,P5,42,1.638,S2M
77,P5,43,-0.315,S2M
77,P5,44,-1.292,S2M
77,P5,45,-1.780,S2M
77,P5,46,-2.268,S2M
77,P5,47,-2.268,S2M
77,P5,48,-2.757,S2M
77,P5,49,-3.245,S2M
77,P5,50,-3.245,S2M
77,P5,51,-1.780,S2M
77,P5,52,0.661,S2M
77,P5,53,3.103,S2M
77,P5,54,4.079,S2M
77,P5,55,3.591,S2M
77,P5,56,2.126,S2M
77,P5,57,0.661,S2M
77,P5,58,-0.804,S2M
77,P5,59,-0.804,S2M
77,P5,60,0.173,S2M
77,P5,61,2.126,S2M
77,P5,62,3.591,S2M
77,P5,63,5.056,S2M
77,P5,64,6.032,S2M
77,P5,65,6.521,S2M
77,P5,66,7.009,S2M
77,P5,67,7.009,S2M
77,P5,68,6.032,S2M
77,P5,69,4.567,S2M
77,P5,70,2.614,S2M
77,P5,71,1.638,S2M
77,P5,72,0.661,S2M
77,P5,73,0.661,S2M
77,P5,74,0.661,S2M
77,P5,75,0.661,S2M
77,P5,76,0.173,S2M
77,P5,77,-1.292,S2M
77,P5,78,-2.757,S2M
77,P5,79,-3.733,S2M
77,P5,80,-4.222,S2M
77,P5,81,-4.222,S2M
77,P5,82,-3.733,S2M
77,P5,83,-3.245,S2M
77,P5,84,-2.757,S2M
77,P5,85,-2.757,S2M
77,P5,86,-2.757,S2M
77,P5,87,-2.757,S2M
77,P5,88,-1.780,S2M
77,P5,89,-0.315,S2M
77,P5,90,2.614,S2M
77,P5,91,4.567,S2M
77,P5,92,6.521,S2M
77,P5,93,7.497,S2M
77,P5,94,8.962,S2M
77,P5,95,8.962,S2M
77,P5,96,8.474,S2M
77,P5,97,7.497,S2M
77,P5,98,5.544,S2M
77,P5,99,3.591,S2M
77,P5,100,3.103,S2M
77,P5,101,3.103,S2M
77,P5,102,2.614,S2M
77,P5,103,0.661,S2M
77,P5,104,-1.780,S2M
77,P5,105,-3.733,S2M
77,P5,106,-4.710,S2M
77,P5,107,-4.222,S2M
77,P5,108,-3.245,S2M
77,P5,109,-2.268,S2M
77,P5,110,-2.757,S2M
77,P5,111,-3.733,S2M
77,P5,112,-4.222,S2M
77,P5,113,-3.245,S2M
77,P5,114,-0.804,S2M
77,P5,115,2.614,S2M
77,P5,116,5.056,S2M
77,P5,117,6.032,S2M
77,P5,118,6.032,S2M
77,P5,119,5.056,S2M
77,P5,120,5.056,S2M
77,P5,121,5.544,S2M
77,P5,122,6.032,S2M
77,P5,123,6.521,S2M
77,P5,124,6.521,S2M
77,P5,125,6.032,S2M
77,P5,126,4.567,S2M
77,P5,127,3.103,S2M
77,P5,128,0.661,S2M
77,P5,129,-1.780,S2M
77,P5,130,-4.710,S2M
77,P5,131,-8.128,S2M
77,P5,132,-10.081,S2M
77,P5,133,-10.569,S2M
77,P5,134,-10.081,S2M
77,P5,135,-9.104,S2M
77,P5,136,-7.640,S2M
77,P5,137,-6.663,S2M
77,P5,138,-5.198,S2M
77,P5,139,-4.222,S2M
77,P5,140,-3.245,S2M
77,P5,141,-2.268,S2M
77,P5,142,-0.804,S2M
77,P5,143,1.638,S2M
77,P5,144,4.079,S2M
77,P5,145,6.032,S2M
77,P5,146,6.521,S2M
77,P5,147,6.521,S2M
77,P5,148,5.056,S2M
77,P5,149,4.079,S2M
77,P5,150,3.103,S2M
77,P5,151,2.126,S2M
77,P5,152,0.661,S2M
77,P5,153,-1.780,S2M
77,P5,154,-4.710,S2M
77,P5,155,-7.640,S2M
77,P5,156,-9.104,S2M
77,P5,157,-9.104,S2M
77,P5,158,-8.128,S2M
77,P5,159,-7.151,S2M
77,P5,160,-6.175,S2M
77,P5,161,-6.175,S2M
77,P5,162,-6.663,S2M
77,P5,163,-7.151,S2M
77,P5,164,-6.663,S2M
77,P5,165,-4.222,S2M
77,P5,166,-1.780,S2M
77,P5,167,0.173,S2M
77,P5,168,2.126,S2M
77,P5,169,3.103,S2M
77,P5,170,4.567,S2M
77,P5,171,5.544,S2M
77,P5,172,6.521,S2M
77,P5,173,7.009,S2M
77,P5,174,7.009,S2M
77,P5,175,6.521,S2M
77,P5,176,5.544,S2M
77,P5,177,5.056,S2M
77,P5,178,3.591,S2M
77,P5,179,1.638,S2M
77,P5,180,-0.315,S2M
77,P5,181,-2.757,S2M
77,P5,182,-5.198,S2M
77,P5,183,-7.151,S2M
77,P5,184,-8.616,S2M
77,P5,185,-8.616,S2M
77,P5,186,-8.616,S2M
77,P5,187,-7.640,S2M
77,P5,188,-6.663,S2M
77,P5,189,-6.663,S2M
77,P5,190,-6.663,S2M
77,P5,191,-7.151,S2M
77,P5,192,-8.128,S2M
77,P5,193,-8.616,S2M
77,P5,194,-8.128,S2M
77,P5,195,-6.175,S2M
77,P5,196,-2.757,S2M
77,P5,197,1.149,S2M
77,P5,198,4.567,S2M
77,P5,199,6.032,S2M
77,P5,200,6.032,S2M
77,P5,201,5.056,S2M
77,P5,202,4.567,S2M
77,P5,203,4.567,S2M
77,P5,204,5.056,S2M
77,P5,205,4.567,S2M
77,P5,206,3.103,S2M
77,P5,207,0.173,S2M
77,P5,208,-3.245,S2M
77,P5,209,-6.175,S2M
77,P5,210,-8.616,S2M
77,P5,211,-9.104,S2M
77,P5,212,-9.104,S2M
77,P5,213,-8.616,S2M
77,P5,214,-8.128,S2M
77,P5,215,-7.151,S2M
77,P5,216,-6.175,S2M
77,P5,217,-5.198,S2M
77,P5,218,-4.222,S2M
77,P5,219,-3.733,S2M
77,P5,220,-3.245,S2M
77,P5,221,-2.757,S2M
77,P5,222,-2.757,S2M
77,P5,223,-1.780,S2M
77,P5,224,-0.804,S2M
77,P5,225,0.173,S2M
77,P5,226,0.661,S2M
77,P5,227,0.173,S2M
77,P5,228,-0.315,S2M
77,P5,229,-1.780,S2M
77,P5,230,-3.733,S2M
77,P5,231,-6.663,S2M
77,P5,232,-8.616,S2M
77,P5,233,-9.593,S2M
77,P5,234,-9.104,S2M
77,P5,235,-7.640,S2M
77,P5,236,-6.663,S2M
77,P5,237,-6.663,S2M
77,P5,238,-7.640,S2M
77,P5,239,-10.081,S2M
77,P5,240,-11.058,S2M
77,P5,241,-11.058,S2M
77,P5,242,-10.569,S2M
77,P5,243,-9.104,S2M
77,P5,244,-8.128,S2M
77,P5,245,-7.640,S2M
77,P5,246,-7.151,S2M
77,P5,247,-6.175,S2M
77,P5,248,-4.710,S2M
77,P5,249,-3.245,S2M
77,P5,250,-3.733,S2M
77,P5,251,-4.710,S2M
77,P5,252,-6.663,S2M
77,P5,253,-8.128,S2M
77,P5,254,-8.128,S2M
77,P5,255,-6.663,S2M
77,P6,0,3.815,S2M
77,P6,1,2.838,S2M
77,P6,2,2.838,S2M
77,P6,3,3.326,S2M
77,P6,4,3.815,S2M
77,P6,5,4.303,S2M
77,P6,6,4.791,S2M
77,P6,7,4.791,S2M
77,P6,8,4.303,S2M
77,P6,9,3.815,S2M
77,P6,10,4.303,S2M
77,P6,11,5.768,S2M
77,P6,12,8.209,S2M
77,P6,13,11.627,S2M
77,P6,14,13.580,S2M
77,P6,15,14.069,S2M
77,P6,16,13.092,S2M
77,P6,17,12.604,S2M
77,P6,18,13.092,S2M
77,P6,19,15.045,S2M
77,P6,20,16.998,S2M
77,P6,21,17.487,S2M
77,P6,22,15.533,S2M
77,P6,23,12.115,S2M
77,P6,24,7.721,S2M
77,P6,25,3.326,S2M
77,P6,26,0.397,S2M
77,P6,27,-2.045,S2M
77,P6,28,-3.021,S2M
77,P6,29,-3.998,S2M
77,P6,30,-4.974,S2M
77,P6,31,-6.439,S2M
77,P6,32,-6.439,S2M
77,P6,33,-5.951,S2M
77,P6,34,-4.486,S2M
77,P6,35,-2.045,S2M
77,P6,36,-0.580,S2M
77,P6,37,0.397,S2M
77,P6,38,0.885,S2M
77,P6,39,0.397,S2M
77,P6,40,-0.092,S2M
77,P6,41,-0.092,S2M
77,P6,42,-0.092,S2M
77,P6,43,0.397,S2M
77,P6,44,0.397,S2M
77,P6,45,-0.580,S2M
77,P6,46,-1.068,S2M
77,P6,47,-3.021,S2M
77,P6,48,-3.998,S2M
77,P6,49,-3.998,S2M
77,P6,50,-2.045,S2M
77,P6,51,-0.092,S2M
77,P6,52,1.862,S2M
77,P6,53,1.862,S2M
77,P6,54,-0.580,S2M
77,P6,55,-3.021,S2M
77,P6,56,-5.463,S2M
77,P6,57,-4.974,S2M
77,P6,58,-3.510,S2M
77,P6,59,-1.068,S2M
77,P6,60,1.373,S2M
77,P6,61,2.838,S2M
77,P6,62,4.303,S2M
77,P6,63,4.791,S2M
77,P6,64,5.280,S2M
77,P6,65,5.280,S2M
77,P6,66,3.815,S2M
77,P6,67,1.373,S2M
77,P6,68,-1.068,S2M
77,P6,69,-3.510,S2M
77,P6,70,-4.974,S2M
77,P6,71,-5.463,S2M
77,P6,72,-5.951,S2M
77,P6,73,-5.951,S2M
77,P6,74,-5.463,S2M
77,P6,75,-4.974,S2M
77,P6,76,-3.998,S2M
77,P6,77,-3.510,S2M
77,P6,78,-2.533,S2M
77,P6,79,-1.556,S2M
77,P6,80,-1.068,S2M
77,P6,81,-1.068,S2M
77,P6,82,-1.556,S2M
77,P6,83,-1.556,S2M
77,P6,84,-1.068,S2M
77,P6,85,-0.580,S2M
77,P6,86,-0.580,S2M
77,P6,87,-0.580,S2M
77,P6,88,-1.068,S2M
77,P6,89,-1.556,S2M
77,P6,90,-1.556,S2M
77,P6,91,-0.580,S2M
77,P6,92,0.885,S2M
77,P6,93,2.838,S2M
77,P6,94,3.815,S2M
77,P6,95,4.791,S2M
77,P6,96,4.303,S2M
77,P6,97,3.326,S2M
77,P6,98,1.862,S2M
77,P6,99,0.397,S2M
77,P6,100,0.397,S2M
77,P6,101,0.885,S2M
77,P6,102,2.350,S2M
77,P6,103,2.838,S2M
77,P6,104,1.862,S2M
77,P6,105,-0.580,S2M
77,P6,106,-2.533,S2M
77,P6,107,-4.974,S2M
77,P6,108,-5.463,S2M
77,P6,109,-4.486,S2M
77,P6,110,-3.021,S2M
77,P6,111,-2.045,S2M
77,P6,112,-0.580,S2M
77,P6,113,0.885,S2M
77,P6,114,3.326,S2M
77,P6,115,6.256,S2M
77,P6,116,8.209,S2M
77,P6,117,8.698,S2M
77,P6,118,7.721,S2M
77,P6,119,6.256,S2M
77,P6,120,5.280,S2M
77,P6,121,4.791,S2M
77,P6,122,5.280,S2M
77,P6,123,5.768,S2M
77,P6,124,4.791,S2M
77,P6,125,3.326,S2M
77,P6,126,2.838,S2M
77,P6,127,2.350,S2M
77,P6,128,2.350,S2M
77,P6,129,1.862,S2M
77,P6,130,-0.092,S2M
77,P6,131,-2.045,S2M
77,P6,132,-3.998,S2M
77,P6,133,-4.486,S2M
77,P6,134,-3.998,S2M
77,P6,135,-3.021,S2M
77,P6,136,-1.556,S2M
77,P6,137,-0.580,S2M
77,P6,138,0.397,S2M
77,P6,139,1.373,S2M
77,P6,140,3.326,S2M
77,P6,141,4.791,S2M
77,P6,142,5.280,S2M
77,P6,143,4.303,S2M
77,P6,144,1.862,S2M
77,P6,145,-0.580,S2M
77,P6,146,-2.045,S2M
77,P6,147,-3.021,S2M
77,P6,148,-3.021,S2M
77,P6,149,-3.510,S2M
77,P6,150,-3.998,S2M
77,P6,151,-4.486,S2M
77,P6,152,-4.974,S2M
77,P6,153,-4.974,S2M
77,P6,154,-5.463,S2M
77,P6,155,-6.439,S2M
77,P6,156,-7.416,S2M
77,P6,157,-7.416,S2M
77,P6,158,-5.463,S2M
77,P6,159,-2.533,S2M
77,P6,160,0.885,S2M
77,P6,161,3.815,S2M
77,P6,162,5.280,S2M
77,P6,163,5.768,S2M
77,P6,164,6.744,S2M
77,P6,165,8.209,S2M
77,P6,166,9.186,S2M
77,P6,167,8.209,S2M
77,P6,168,6.256,S2M
77,P6,169,3.815,S2M
77,P6,170,2.350,S2M
77,P6,171,1.862,S2M
77,P6,172,1.862,S2M
77,P6,173,1.862,S2M
77,P6,174,1.373,S2M
77,P6,175,0.885,S2M
77,P6,176,0.885,S2M
77,P6,177,1.373,S2M
77,P6,178,0.885,S2M
77,P6,179,-1.068,S2M
77,P6,180,-3.021,S2M
77,P6,181,-5.463,S2M
77,P6,182,-5.951,S2M
77,P6,183,-5.463,S2M
77,P6,184,-4.486,S2M
77,P6,185,-2.533,S2M
77,P6,186,-1.068,S2M
77,P6,187,0.885,S2M
77,P6,188,2.838,S2M
77,P6,189,4.791,S2M
77,P6,190,5.768,S2M
77,P6,191,4.791,S2M
77,P6,192,1.373,S2M
77,P6,193,-3.021,S2M
77,P6,194,-6.439,S2M
77,P6,195,-8.392,S2M
77,P6,196,-8.392,S2M
77,P6,197,-7.416,S2M
77,P6,198,-6.439,S2M
77,P6,199,-5.951,S2M
77,P6,200,-5.463,S2M
77,P6,201,-4.974,S2M
77,P6,202,-3.510,S2M
77,P6,203,-2.045,S2M
77,P6,204,-1.068,S2M
77,P6,205,-0.092,S2M
77,P6,206,-0.092,S2M
77,P6,207,-0.580,S2M
77,P6,208,-1.556,S2M
77,P6,209,-2.533,S2M
77,P6,210,-3.510,S2M
77,P6,211,-4.486,S2M
77,P6,212,-3.510,S2M
77,P6,213,-2.045,S2M
77,P6,214,0.397,S2M
77,P6,215,2.838,S2M
77,P6,216,4.791,S2M
77,P6,217,5.280,S2M
77,P6,218,5.280,S2M
77,P6,219,4.791,S2M
77,P6,220,3.326,S2M
77,P6,221,2.350,S2M
77,P6,222,0.885,S2M
77,P6,223,0.885,S2M
77,P6,224,0.885,S2M
77,P6,225,1.373,S2M
77,P6,226,1.862,S2M
77,P6,227,1.862,S2M
77,P6,228,0.885,S2M
77,P6,229,-0.092,S2M
77,P6,230,-1.068,S2M
77,P6,231,-0.580,S2M
77,P6,232,0.397,S2M
77,P6,233,1.862,S2M
77,P6,234,2.838,S2M
77,P6,235,3.326,S2M
77,P6,236,4.791,S2M
77,P6,237,5.768,S2M
77,P6,238,6.744,S2M
77,P6,239,6.744,S2M
77,P6,240,6.256,S2M
77,P6,241,4.791,S2M
77,P6,242,3.326,S2M
77,P6,243,2.350,S2M
77,P6,244,1.862,S2M
77,P6,245,0.397,S2M
77,P6,246,-1.068,S2M
77,P6,247,-3.021,S2M
77,P6,248,-3.998,S2M
77,P6,249,-3.510,S2M
77,P6,250,-2.045,S2M
77,P6,251,-0.580,S2M
77,P6,252,-0.580,S2M
77,P6,253,-1.068,S2M
77,P6,254,-2.045,S2M
77,P6,255,-1.068,S2M
77,C1,0,2.950,S2M
77,C1,1,3.438,S2M
77,C1,2,3.438,S2M
77,C1,3,3.438,S2M
77,C1,4,3.438,S2M
77,C1,5,2.950,S2M
77,C1,6,2.462,S2M
77,C1,7,1.973,S2M
77,C1,8,1.973,S2M
77,C1,9,1.485,S2M
77,C1,10,0.509,S2M
77,C1,11,-0.468,S2M
77,C1,12,-1.444,S2M
77,C1,13,-2.421,S2M
77,C1,14,-2.909,S2M
77,C1,15,-2.421,S2M
77,C1,16,-1.444,S2M
77,C1,17,-0.468,S2M
77,C1,18,0.020,S2M
77,C1,19,0.509,S2M
77,C1,20,0.509,S2M
77,C1,21,0.020,S2M
77,C1,22,0.020,S2M
77,C1,23,0.020,S2M
77,C1,24,-0.468,S2M
77,C1,25,-0.468,S2M
77,C1,26,-0.468,S2M
77,C1,27,-0.468,S2M
77,C1,28,-0.956,S2M
77,C1,29,-1.444,S2M
77,C1,30,-1.933,S2M
77,C1,31,-1.933,S2M
77,C1,32,-1.444,S2M
77,C1,33,-1.444,S2M
77,C1,34,-0.956,S2M
77,C1,35,-0.468,S2M
77,C1,36,0.020,S2M
77,C1,37,0.509,S2M
77,C1,38,0.997,S2M
77,C1,39,2.462,S2M
77,C1,40,3.438,S2M
77,C1,41,4.415,S2M
77,C1,42,4.903,S2M
77,C1,43,3.927,S2M
77,C1,44,2.950,S2M
77,C1,45,1.485,S2M
77,C1,46,0.509,S2M
77,C1,47,-0.468,S2M
77,C1,48,-0.468,S2M
77,C1,49,-0.468,S2M
77,C1,50,-0.956,S2M
77,C1,51,-0.956,S2M
77,C1,52,-0.468,S2M
77,C1,53,0.020,S2M
77,C1,54,0.997,S2M
77,C1,55,1.485,S2M
77,C1,56,1.485,S2M
77,C1,57,0.997,S2M
77,C1,58,0.020,S2M
77,C1,59,-0.956,S2M
77,C1,60,-1.444,S2M
77,C1,61,-0.956,S2M
77,C1,62,0.020,S2M
77,C1,63,0.997,S2M
77,C1,64,1.973,S2M
77,C1,65,2.462,S2M
77,C1,66,3.438,S2M
77,C1,67,3.927,S2M
77,C1,68,3.438,S2M
77,C1,69,2.950,S2M
77,C1,70,2.462,S2M
77,C1,71,1.973,S2M
77,C1,72,1.973,S2M
77,C1,73,1.973,S2M
77,C1,74,2.462,S2M
77,C1,75,2.462,S2M
77,C1,76,1.973,S2M
77,C1,77,1.485,S2M
77,C1,78,0.509,S2M
77,C1,79,0.020,S2M
77,C1,80,-0.956,S2M
77,C1,81,-0.956,S2M
77,C1,82,-0.468,S2M
77,C1,83,0.020,S2M
77,C1,84,0.509,S2M
77,C1,85,1.485,S2M
77,C1,86,1.485,S2M
77,C1,87,1.485,S2M
77,C1,88,1.973,S2M
77,C1,89,1.973,S2M
77,C1,90,2.462,S2M
77,C1,91,2.462,S2M
77,C1,92,2.462,S2M
77,C1,93,2.462,S2M
77,C1,94,2.462,S2M
77,C1,95,2.462,S2M
77,C1,96,2.462,S2M
77,C1,97,2.462,S2M
77,C1,98,1.973,S2M
77,C1,99,1.973,S2M
77,C1,100,1.973,S2M
77,C1,101,1.973,S2M
77,C1,102,2.462,S2M
77,C1,103,1.973,S2M
77,C1,104,0.997,S2M
77,C1,105,0.509,S2M
77,C1,106,0.509,S2M
77,C1,107,0.997,S2M
77,C1,108,1.485,S2M
77,C1,109,2.462,S2M
77,C1,110,2.950,S2M
77,C1,111,2.462,S2M
77,C1,112,2.462,S2M
77,C1,113,2.462,S2M
77,C1,114,2.462,S2M
77,C1,115,2.950,S2M
77,C1,116,2.950,S2M
77,C1,117,2.950,S2M
77,C1,118,2.950,S2M
77,C1,119,2.950,S2M
77,C1,120,2.950,S2M
77,C1,121,3.438,S2M
77,C1,122,3.438,S2M
77,C1,123,3.927,S2M
77,C1,124,4.415,S2M
77,C1,125,3.927,S2M
77,C1,126,3.438,S2M
77,C1,127,2.950,S2M
77,C1,128,1.973,S2M
77,C1,129,1.485,S2M
77,C1,130,0.997,S2M
77,C1,131,0.997,S2M
77,C1,132,0.997,S2M
77,C1,133,1.485,S2M
77,C1,134,1.485,S2M
77,C1,135,1.485,S2M
77,C1,136,1.485,S2M
77,C1,137,1.485,S2M
77,C1,138,1.485,S2M
77,C1,139,1.485,S2M
77,C1,140,1.973,S2M
77,C1,141,2.462,S2M
77,C1,142,2.950,S2M
77,C1,143,3.438,S2M
77,C1,144,3.438,S2M
77,C1,145,3.927,S2M
77,C1,146,3.927,S2M
77,C1,147,3.438,S2M
77,C1,148,2.950,S2M
77,C1,149,2.462,S2M
77,C1,150,2.462,S2M
77,C1,151,2.950,S2M
77,C1,152,3.438,S2M
77,C1,153,3.927,S2M
77,C1,154,3.927,S2M
77,C1,155,2.950,S2M
77,C1,156,1.973,S2M
77,C1,157,1.485,S2M
77,C1,158,0.997,S2M
77,C1,159,0.997,S2M
77,C1,160,0.997,S2M
77,C1,161,0.997,S2M
77,C1,162,0.020,S2M
77,C1,163,0.020,S2M
77,C1,164,0.020,S2M
77,C1,165,0.509,S2M
77,C1,166,1.485,S2M
77,C1,167,2.462,S2M
77,C1,168,2.462,S2M
77,C1,169,2.950,S2M
77,C1,170,2.950,S2M
77,C1,171,2.950,S2M
77,C1,172,2.950,S2M
77,C1,173,2.950,S2M
77,C1,174,2.950,S2M
77,C1,175,2.950,S2M
77,C1,176,2.462,S2M
77,C1,177,2.462,S2M
77,C1,178,1.973,S2M
77,C1,179,1.973,S2M
77,C1,180,1.973,S2M
77,C1,181,1.973,S2M
77,C1,182,1.973,S2M
77,C1,183,1.485,S2M
77,C1,184,0.997,S2M
77,C1,185,0.509,S2M
77,C1,186,0.020,S2M
77,C1,187,0.020,S2M
77,C1,188,0.020,S2M
77,C1,189,-0.468,S2M
77,C1,190,-0.468,S2M
77,C1,191,-0.468,S2M
77,C1,192,0.020,S2M
77,C1,193,0.509,S2M
77,C1,194,0.509,S2M
77,C1,195,0.997,S2M
77,C1,196,1.485,S2M
77,C1,197,1.973,S2M
77,C1,198,2.462,S2M
77,C1,199,2.950,S2M
77,C1,200,2.950,S2M
77,C1,201,2.950,S2M
77,C1,202,2.462,S2M
77,C1,203,2.462,S2M
77,C1,204,2.462,S2M
77,C1,205,2.462,S2M
77,C1,206,2.462,S2M
77,C1,207,1.973,S2M
77,C1,208,1.485,S2M
77,C1,209,0.997,S2M
77,C1,210,0.509,S2M
77,C1,211,0.509,S2M
77,C1,212,0.997,S2M
77,C1,213,0.509,S2M
77,C1,214,0.509,S2M
77,C1,215,0.020,S2M
77,C1,216,-0.468,S2M
77,C1,217,-0.956,S2M
77,C1,218,-1.444,S2M
77,C1,219,-0.956,S2M
77,C1,220,-0.468,S2M
77,C1,221,0.509,S2M
77,C1,222,1.485,S2M
77,C1,223,1.973,S2M
77,C1,224,2.462,S2M
77,C1,225,1.973,S2M
77,C1,226,1.973,S2M
77,C1,227,1.485,S2M
77,C1,228,1.485,S2M
77,C1,229,0.997,S2M
77,C1,230,0.509,S2M
77,C1,231,-0.468,S2M
77,C1,232,-1.444,S2M
77,C1,233,-1.444,S2M
77,C1,234,-1.444,S2M
77,C1,235,-0.468,S2M
77,C1,236,0.020,S2M
77,C1,237,0.020,S2M
77,C1,238,-0.468,S2M
77,C1,239,-1.444,S2M
77,C1,240,-2.421,S2M
77,C1,241,-2.421,S2M
77,C1,242,-2.421,S2M
77,C1,243,-1.444,S2M
77,C1,244,-0.468,S2M
77,C1,245,0.020,S2M
77,C1,246,0.020,S2M
77,C1,247,0.509,S2M
77,C1,248,0.509,S2M
77,C1,249,0.509,S2M
77,C1,250,0.509,S2M
77,C1,251,0.020,S2M
77,C1,252,-0.956,S2M
77,C1,253,-1.444,S2M
77,C1,254,-1.933,S2M
77,C1,255,-1.444,S2M
77,C2,0,-2.960,S2M
77,C2,1,-3.448,S2M
77,C2,2,-2.960,S2M
77,C2,3,-2.960,S2M
77,C2,4,-2.960,S2M
77,C2,5,-2.472,S2M
77,C2,6,-2.960,S2M
77,C2,7,-2.472,S2M
77,C2,8,-2.960,S2M
77,C2,9,-2.472,S2M
77,C2,10,-2.472,S2M
77,C2,11,-1.007,S2M
77,C2,12,0.458,S2M
77,C2,13,1.923,S2M
77,C2,14,2.899,S2M
77,C2,15,3.387,S2M
77,C2,16,2.899,S2M
77,C2,17,2.411,S2M
77,C2,18,1.923,S2M
77,C2,19,1.434,S2M
77,C2,20,1.434,S2M
77,C2,21,0.946,S2M
77,C2,22,0.458,S2M
77,C2,23,-0.031,S2M
77,C2,24,-1.007,S2M
77,C2,25,-1.495,S2M
77,C2,26,-2.960,S2M
77,C2,27,-3.448,S2M
77,C2,28,-3.448,S2M
77,C2,29,-3.937,S2M
77,C2,30,-3.937,S2M
77,C2,31,-3.937,S2M
77,C2,32,-3.937,S2M
77,C2,33,-4.425,S2M
77,C2,34,-4.425,S2M
77,C2,35,-4.913,S2M
77,C2,36,-4.425,S2M
77,C2,37,-4.425,S2M
77,C2,38,-4.425,S2M
77,C2,39,-4.425,S2M
77,C2,40,-5.402,S2M
77,C2,41,-5.402,S2M
77,C2,42,-4.913,S2M
77,C2,43,-3.937,S2M
77,C2,44,-2.960,S2M
77,C2,45,-1.984,S2M
77,C2,46,-1.007,S2M
77,C2,47,-1.007,S2M
77,C2,48,-1.007,S2M
77,C2,49,-1.007,S2M
77,C2,50,-1.007,S2M
77,C2,51,-0.519,S2M
77,C2,52,-0.519,S2M
77,C2,53,-1.495,S2M
77,C2,54,-2.472,S2M
77,C2,55,-3.937,S2M
77,C2,56,-4.425,S2M
77,C2,57,-4.425,S2M
77,C2,58,-3.448,S2M
77,C2,59,-2.960,S2M
77,C2,60,-2.472,S2M
77,C2,61,-2.960,S2M
77,C2,62,-3.448,S2M
77,C2,63,-3.937,S2M
77,C2,64,-3.937,S2M
77,C2,65,-3.937,S2M
77,C2,66,-3.937,S2M
77,C2,67,-4.425,S2M
77,C2,68,-4.913,S2M
77,C2,69,-4.913,S2M
77,C2,70,-4.913,S2M
77,C2,71,-4.913,S2M
77,C2,72,-4.913,S2M
77,C2,73,-4.913,S2M
77,C2,74,-4.913,S2M
77,C2,75,-4.913,S2M
77,C2,76,-4.425,S2M
77,C2,77,-3.937,S2M
77,C2,78,-3.448,S2M
77,C2,79,-2.960,S2M
77,C2,80,-2.472,S2M
77,C2,81,-2.472,S2M
77,C2,82,-2.960,S2M
77,C2,83,-2.960,S2M
77,C2,84,-3.448,S2M
77,C2,85,-3.937,S2M
77,C2,86,-3.937,S2M
77,C2,87,-3.937,S2M
77,C2,88,-3.937,S2M
77,C2,89,-4.425,S2M
77,C2,90,-4.425,S2M
77,C2,91,-4.913,S2M
77,C2,92,-3.937,S2M
77,C2,93,-3.448,S2M
77,C2,94,-2.472,S2M
77,C2,95,-1.495,S2M
77,C2,96,-1.495,S2M
77,C2,97,-1.007,S2M
77,C2,98,-1.495,S2M
77,C2,99,-1.984,S2M
77,C2,100,-2.472,S2M
77,C2,101,-2.472,S2M
77,C2,102,-1.984,S2M
77,C2,103,-1.495,S2M
77,C2,104,-1.007,S2M
77,C2,105,-1.007,S2M
77,C2,106,-1.007,S2M
77,C2,107,-1.007,S2M
77,C2,108,-1.007,S2M
77,C2,109,-0.519,S2M
77,C2,110,-0.519,S2M
77,C2,111,-0.519,S2M
77,C2,112,-0.519,S2M
77,C2,113,-0.031,S2M
77,C2,114,-0.031,S2M
77,C2,115,0.458,S2M
77,C2,116,0.458,S2M
77,C2,117,-0.031,S2M
77,C2,118,-0.031,S2M
77,C2,119,-0.519,S2M
77,C2,120,-1.007,S2M
77,C2,121,-1.007,S2M
77,C2,122,-1.495,S2M
77,C2,123,-1.984,S2M
77,C2,124,-2.472,S2M
77,C2,125,-2.472,S2M
77,C2,126,-1.984,S2M
77,C2,127,-1.495,S2M
77,C2,128,-1.007,S2M
77,C2,129,-0.519,S2M
77,C2,130,-0.519,S2M
77,C2,131,-1.007,S2M
77,C2,132,-1.007,S2M
77,C2,133,-1.007,S2M
77,C2,134,-1.007,S2M
77,C2,135,-0.519,S2M
77,C2,136,-0.031,S2M
77,C2,137,0.458,S2M
77,C2,138,0.458,S2M
77,C2,139,0.946,S2M
77,C2,140,1.434,S2M
77,C2,141,0.946,S2M
77,C2,142,0.458,S2M
77,C2,143,-0.519,S2M
77,C2,144,-1.495,S2M
77,C2,145,-2.472,S2M
77,C2,146,-2.472,S2M
77,C2,147,-1.495,S2M
77,C2,148,-1.495,S2M
77,C2,149,-1.495,S2M
77,C2,150,-1.984,S2M
77,C2,151,-2.960,S2M
77,C2,152,-3.448,S2M
77,C2,153,-3.448,S2M
77,C2,154,-2.960,S2M
77,C2,155,-2.960,S2M
77,C2,156,-2.472,S2M
77,C2,157,-2.472,S2M
77,C2,158,-1.495,S2M
77,C2,159,-1.007,S2M
77,C2,160,-0.519,S2M
77,C2,161,0.458,S2M
77,C2,162,0.946,S2M
77,C2,163,1.434,S2M
77,C2,164,0.946,S2M
77,C2,165,0.946,S2M
77,C2,166,0.458,S2M
77,C2,167,0.458,S2M
77,C2,168,-0.031,S2M
77,C2,169,-1.007,S2M
77,C2,170,-1.984,S2M
77,C2,171,-2.472,S2M
77,C2,172,-2.472,S2M
77,C2,173,-2.960,S2M
77,C2,174,-2.960,S2M
77,C2,175,-3.448,S2M
77,C2,176,-3.448,S2M
77,C2,177,-2.960,S2M
77,C2,178,-2.472,S2M
77,C2,179,-2.472,S2M
77,C2,180,-2.472,S2M
77,C2,181,-2.960,S2M
77,C2,182,-2.960,S2M
77,C2,183,-2.472,S2M
77,C2,184,-1.495,S2M
77,C2,185,-0.519,S2M
77,C2,186,-0.519,S2M
77,C2,187,-0.031,S2M
77,C2,188,-0.519,S2M
77,C2,189,-0.519,S2M
77,C2,190,-1.007,S2M
77,C2,191,-1.007,S2M
77,C2,192,-1.495,S2M
77,C2,193,-2.472,S2M
77,C2,194,-2.960,S2M
77,C2,195,-3.937,S2M
77,C2,196,-4.913,S2M
77,C2,197,-5.402,S2M
77,C2,198,-5.890,S2M
77,C2,199,-5.890,S2M
77,C2,200,-5.890,S2M
77,C2,201,-5.890,S2M
77,C2,202,-5.402,S2M
77,C2,203,-4.913,S2M
77,C2,204,-3.937,S2M
77,C2,205,-2.960,S2M
77,C2,206,-2.472,S2M
77,C2,207,-1.984,S2M
77,C2,208,-1.984,S2M
77,C2,209,-1.984,S2M
77,C2,210,-2.472,S2M
77,C2,211,-2.472,S2M
77,C2,212,-2.472,S2M
77,C2,213,-2.472,S2M
77,C2,214,-2.472,S2M
77,C2,215,-1.495,S2M
77,C2,216,-0.519,S2M
77,C2,217,-0.031,S2M
77,C2,218,0.458,S2M
77,C2,219,0.458,S2M
77,C2,220,-0.519,S2M
77,C2,221,-1.495,S2M
77,C2,222,-2.472,S2M
77,C2,223,-2.960,S2M
77,C2,224,-3.448,S2M
77,C2,225,-2.960,S2M
77,C2,226,-2.960,S2M
77,C2,227,-2.960,S2M
77,C2,228,-2.472,S2M
77,C2,229,-2.472,S2M
77,C2,230,-1.495,S2M
77,C2,231,-1.007,S2M
77,C2,232,-0.519,S2M
77,C2,233,-0.519,S2M
77,C2,234,-0.519,S2M
77,C2,235,-0.519,S2M
77,C2,236,-0.519,S2M
77,C2,237,-0.519,S2M
77,C2,238,-0.519,S2M
77,C2,239,-0.031,S2M
77,C2,240,-0.031,S2M
77,C2,241,-0.031,S2M
77,C2,242,-0.031,S2M
77,C2,243,-0.031,S2M
77,C2,244,-0.519,S2M
77,C2,245,-1.007,S2M
77,C2,246,-1.984,S2M
77,C2,247,-2.472,S2M
77,C2,248,-2.960,S2M
77,C2,249,-3.448,S2M
77,C2,250,-3.448,S2M
77,C2,251,-2.960,S2M
77,C2,252,-2.472,S2M
77,C2,253,-1.984,S2M
77,C2,254,-1.495,S2M
77,C2,255,-1.495,S2M
77,PO7,0,16.602,S2M
77,PO7,1,15.625,S2M
77,PO7,2,16.113,S2M
77,PO7,3,17.578,S2M
77,PO7,4,18.555,S2M
77,PO7,5,19.043,S2M
77,PO7,6,19.043,S2M
77,PO7,7,19.043,S2M
77,PO7,8,19.043,S2M
77,PO7,9,19.043,S2M
77,PO7,10,18.066,S2M
77,PO7,11,16.602,S2M
77,PO7,12,14.648,S2M
77,PO7,13,12.695,S2M
77,PO7,14,11.230,S2M
77,PO7,15,10.742,S2M
77,PO7,16,10.742,S2M
77,PO7,17,11.719,S2M
77,PO7,18,13.184,S2M
77,PO7,19,14.648,S2M
77,PO7,20,15.625,S2M
77,PO7,21,15.625,S2M
77,PO7,22,14.648,S2M
77,PO7,23,12.207,S2M
77,PO7,24,9.277,S2M
77,PO7,25,6.836,S2M
77,PO7,26,4.883,S2M
77,PO7,27,3.906,S2M
77,PO7,28,2.930,S2M
77,PO7,29,1.953,S2M
77,PO7,30,0.977,S2M
77,PO7,31,0.488,S2M
77,PO7,32,1.953,S2M
77,PO7,33,4.395,S2M
77,PO7,34,7.812,S2M
77,PO7,35,10.254,S2M
77,PO7,36,11.719,S2M
77,PO7,37,10.742,S2M
77,PO7,38,8.301,S2M
77,PO7,39,5.371,S2M
77,PO7,40,2.441,S2M
77,PO7,41,0.488,S2M
77,PO7,42,-0.977,S2M
77,PO7,43,-0.977,S2M
77,PO7,44,-0.977,S2M
77,PO7,45,-0.977,S2M
77,PO7,46,-0.488,S2M
77,PO7,47,-0.977,S2M
77,PO7,48,-1.465,S2M
77,PO7,49,-1.953,S2M
77,PO7,50,-2.441,S2M
77,PO7,51,-0.977,S2M
77,PO7,52,0.977,S2M
77,PO7,53,2.930,S2M
77,PO7,54,4.395,S2M
77,PO7,55,4.395,S2M
77,PO7,56,3.418,S2M
77,PO7,57,2.441,S2M
77,PO7,58,1.953,S2M
77,PO7,59,3.418,S2M
77,PO7,60,5.371,S2M
77,PO7,61,7.324,S2M
77,PO7,62,9.277,S2M
77,PO7,63,10.254,S2M
77,PO7,64,10.254,S2M
77,PO7,65,10.742,S2M
77,PO7,66,10.742,S2M
77,PO7,67,10.742,S2M
77,PO7,68,9.277,S2M
77,PO7,69,7.812,S2M
77,PO7,70,5.371,S2M
77,PO7,71,2.930,S2M
77,PO7,72,1.465,S2M
77,PO7,73,0.977,S2M
77,PO7,74,1.953,S2M
77,PO7,75,1.953,S2M
77,PO7,76,1.465,S2M
77,PO7,77,0.000,S2M
77,PO7,78,-1.465,S2M
77,PO7,79,-2.441,S2M
77,PO7,80,-2.930,S2M
77,PO7,81,-2.441,S2M
77,PO7,82,-1.953,S2M
77,PO7,83,-1.953,S2M
77,PO7,84,-2.441,S2M
77,PO7,85,-2.930,S2M
77,PO7,86,-2.930,S2M
77,PO7,87,-2.930,S2M
77,PO7,88,-1.465,S2M
77,PO7,89,0.488,S2M
77,PO7,90,2.930,S2M
77,PO7,91,5.371,S2M
77,PO7,92,7.324,S2M
77,PO7,93,9.277,S2M
77,PO7,94,9.766,S2M
77,PO7,95,10.254,S2M
77,PO7,96,8.789,S2M
77,PO7,97,6.836,S2M
77,PO7,98,4.395,S2M
77,PO7,99,1.953,S2M
77,PO7,100,0.488,S2M
77,PO7,101,0.488,S2M
77,PO7,102,0.488,S2M
77,PO7,103,-0.488,S2M
77,PO7,104,-2.441,S2M
77,PO7,105,-5.859,S2M
77,PO7,106,-8.789,S2M
77,PO7,107,-10.742,S2M
77,PO7,108,-11.230,S2M
77,PO7,109,-10.742,S2M
77,PO7,110,-10.742,S2M
77,PO7,111,-10.742,S2M
77,PO7,112,-10.742,S2M
77,PO7,113,-9.766,S2M
77,PO7,114,-7.812,S2M
77,PO7,115,-3.906,S2M
77,PO7,116,0.000,S2M
77,PO7,117,2.441,S2M
77,PO7,118,3.906,S2M
77,PO7,119,3.906,S2M
77,PO7,120,3.418,S2M
77,PO7,121,2.930,S2M
77,PO7,122,2.441,S2M
77,PO7,123,2.441,S2M
77,PO7,124,1.953,S2M
77,PO7,125,0.977,S2M
77,PO7,126,0.000,S2M
77,PO7,127,-1.953,S2M
77,PO7,128,-3.906,S2M
77,PO7,129,-6.836,S2M
77,PO7,130,-10.254,S2M
77,PO7,131,-13.672,S2M
77,PO7,132,-16.113,S2M
77,PO7,133,-17.578,S2M
77,PO7,134,-17.578,S2M
77,PO7,135,-16.602,S2M
77,PO7,136,-15.137,S2M
77,PO7,137,-13.672,S2M
77,PO7,138,-12.207,S2M
77,PO7,139,-10.742,S2M
77,PO7,140,-10.254,S2M
77,PO7,141,-8.789,S2M
77,PO7,142,-6.348,S2M
77,PO7,143,-3.906,S2M
77,PO7,144,-0.488,S2M
77,PO7,145,1.953,S2M
77,PO7,146,3.418,S2M
77,PO7,147,2.930,S2M
77,PO7,148,1.953,S2M
77,PO7,149,0.488,S2M
77,PO7,150,-0.977,S2M
77,PO7,151,-2.441,S2M
77,PO7,152,-4.883,S2M
77,PO7,153,-8.301,S2M
77,PO7,154,-11.719,S2M
77,PO7,155,-15.625,S2M
77,PO7,156,-18.066,S2M
77,PO7,157,-18.555,S2M
77,PO7,158,-17.578,S2M
77,PO7,159,-15.625,S2M
77,PO7,160,-14.160,S2M
77,PO7,161,-13.184,S2M
77,PO7,162,-12.695,S2M
77,PO7,163,-12.207,S2M
77,PO7,164,-10.742,S2M
77,PO7,165,-8.301,S2M
77,PO7,166,-5.371,S2M
77,PO7,167,-2.930,S2M
77,PO7,168,-0.488,S2M
77,PO7,169,1.465,S2M
77,PO7,170,2.930,S2M
77,PO7,171,4.883,S2M
77,PO7,172,5.859,S2M
77,PO7,173,5.859,S2M
77,PO7,174,5.371,S2M
77,PO7,175,4.395,S2M
77,PO7,176,3.418,S2M
77,PO7,177,2.441,S2M
77,PO7,178,0.977,S2M
77,PO7,179,-0.977,S2M
77,PO7,180,-3.906,S2M
77,PO7,181,-6.836,S2M
77,PO7,182,-9.766,S2M
77,PO7,183,-11.719,S2M
77,PO7,184,-13.672,S2M
77,PO7,185,-14.160,S2M
77,PO7,186,-14.160,S2M
77,PO7,187,-13.184,S2M
77,PO7,188,-12.207,S2M
77,PO7,189,-10.742,S2M
77,PO7,190,-10.254,S2M
77,PO7,191,-10.742,S2M
77,PO7,192,-11.719,S2M
77,PO7,193,-13.184,S2M
77,PO7,194,-13.184,S2M
77,PO7,195,-11.230,S2M
77,PO7,196,-7.812,S2M
77,PO7,197,-2.930,S2M
77,PO7,198,1.465,S2M
77,PO7,199,4.395,S2M
77,PO7,200,5.859,S2M
77,PO7,201,5.371,S2M
77,PO7,202,4.883,S2M
77,PO7,203,4.395,S2M
77,PO7,204,3.906,S2M
77,PO7,205,2.930,S2M
77,PO7,206,1.465,S2M
77,PO7,207,-1.465,S2M
77,PO7,208,-4.883,S2M
77,PO7,209,-8.301,S2M
77,PO7,210,-11.230,S2M
77,PO7,211,-13.184,S2M
77,PO7,212,-14.648,S2M
77,PO7,213,-14.648,S2M
77,PO7,214,-13.672,S2M
77,PO7,215,-12.207,S2M
77,PO7,216,-10.254,S2M
77,PO7,217,-8.301,S2M
77,PO7,218,-6.348,S2M
77,PO7,219,-4.883,S2M
77,PO7,220,-4.883,S2M
77,PO7,221,-4.395,S2M
77,PO7,222,-4.395,S2M
77,PO7,223,-3.906,S2M
77,PO7,224,-2.441,S2M
77,PO7,225,-0.977,S2M
77,PO7,226,0.977,S2M
77,PO7,227,1.953,S2M
77,PO7,228,1.953,S2M
77,PO7,229,-0.488,S2M
77,PO7,230,-3.418,S2M
77,PO7,231,-6.836,S2M
77,PO7,232,-9.766,S2M
77,PO7,233,-10.742,S2M
77,PO7,234,-11.230,S2M
77,PO7,235,-10.254,S2M
77,PO7,236,-9.277,S2M
77,PO7,237,-8.789,S2M
77,PO7,238,-9.277,S2M
77,PO7,239,-10.254,S2M
77,PO7,240,-11.230,S2M
77,PO7,241,-11.719,S2M
77,PO7,242,-11.230,S2M
77,PO7,243,-10.742,S2M
77,PO7,244,-10.254,S2M
77,PO7,245,-9.766,S2M
77,PO7,246,-9.766,S2M
77,PO7,247,-9.277,S2M
77,PO7,248,-7.812,S2M
77,PO7,249,-5.859,S2M
77,PO7,250,-4.395,S2M
77,PO7,251,-3.906,S2M
77,PO7,252,-3.906,S2M
77,PO7,253,-4.395,S2M
77,PO7,254,-4.883,S2M
77,PO7,255,-4.395,S2M
77,PO8,0,4.232,S2M
77,PO8,1,2.767,S2M
77,PO8,2,2.767,S2M
77,PO8,3,3.743,S2M
77,PO8,4,4.720,S2M
77,PO8,5,5.697,S2M
77,PO8,6,6.673,S2M
77,PO8,7,7.650,S2M
77,PO8,8,9.115,S2M
77,PO8,9,10.579,S2M
77,PO8,10,12.044,S2M
77,PO8,11,13.997,S2M
77,PO8,12,15.951,S2M
77,PO8,13,17.415,S2M
77,PO8,14,18.392,S2M
77,PO8,15,18.392,S2M
77,PO8,16,18.392,S2M
77,PO8,17,17.415,S2M
77,PO8,18,17.415,S2M
77,PO8,19,17.904,S2M
77,PO8,20,19.368,S2M
77,PO8,21,19.368,S2M
77,PO8,22,18.392,S2M
77,PO8,23,14.974,S2M
77,PO8,24,10.091,S2M
77,PO8,25,4.720,S2M
77,PO8,26,0.814,S2M
77,PO8,27,-1.628,S2M
77,PO8,28,-2.604,S2M
77,PO8,29,-3.581,S2M
77,PO8,30,-4.557,S2M
77,PO8,31,-6.022,S2M
77,PO8,32,-6.022,S2M
77,PO8,33,-4.557,S2M
77,PO8,34,-1.139,S2M
77,PO8,35,2.279,S2M
77,PO8,36,5.208,S2M
77,PO8,37,5.697,S2M
77,PO8,38,4.720,S2M
77,PO8,39,2.767,S2M
77,PO8,40,1.790,S2M
77,PO8,41,1.302,S2M
77,PO8,42,1.302,S2M
77,PO8,43,0.814,S2M
77,PO8,44,-0.163,S2M
77,PO8,45,-1.139,S2M
77,PO8,46,-3.092,S2M
77,PO8,47,-5.046,S2M
77,PO8,48,-6.510,S2M
77,PO8,49,-6.999,S2M
77,PO8,50,-5.534,S2M
77,PO8,51,-3.581,S2M
77,PO8,52,-1.139,S2M
77,PO8,53,-0.651,S2M
77,PO8,54,-1.628,S2M
77,PO8,55,-4.557,S2M
77,PO8,56,-6.022,S2M
77,PO8,57,-5.046,S2M
77,PO8,58,-1.628,S2M
77,PO8,59,3.255,S2M
77,PO8,60,7.161,S2M
77,PO8,61,9.603,S2M
77,PO8,62,10.091,S2M
77,PO8,63,10.091,S2M
77,PO8,64,9.603,S2M
77,PO8,65,8.626,S2M
77,PO8,66,6.673,S2M
77,PO8,67,3.255,S2M
77,PO8,68,-0.651,S2M
77,PO8,69,-5.534,S2M
77,PO8,70,-8.464,S2M
77,PO8,71,-10.417,S2M
77,PO8,72,-10.905,S2M
77,PO8,73,-11.393,S2M
77,PO8,74,-11.393,S2M
77,PO8,75,-11.882,S2M
77,PO8,76,-11.882,S2M
77,PO8,77,-11.882,S2M
77,PO8,78,-10.905,S2M
77,PO8,79,-9.440,S2M
77,PO8,80,-8.952,S2M
77,PO8,81,-8.464,S2M
77,PO8,82,-7.975,S2M
77,PO8,83,-7.487,S2M
77,PO8,84,-6.999,S2M
77,PO8,85,-6.510,S2M
77,PO8,86,-6.510,S2M
77,PO8,87,-6.510,S2M
77,PO8,88,-6.510,S2M
77,PO8,89,-6.999,S2M
77,PO8,90,-6.510,S2M
77,PO8,91,-6.022,S2M
77,PO8,92,-5.046,S2M
77,PO8,93,-4.069,S2M
77,PO8,94,-3.581,S2M
77,PO8,95,-4.069,S2M
77,PO8,96,-5.534,S2M
77,PO8,97,-7.487,S2M
77,PO8,98,-9.928,S2M
77,PO8,99,-11.393,S2M
77,PO8,100,-11.393,S2M
77,PO8,101,-9.928,S2M
77,PO8,102,-8.464,S2M
77,PO8,103,-7.487,S2M
77,PO8,104,-8.464,S2M
77,PO8,105,-10.417,S2M
77,PO8,106,-12.858,S2M
77,PO8,107,-14.323,S2M
77,PO8,108,-14.811,S2M
77,PO8,109,-14.323,S2M
77,PO8,110,-13.835,S2M
77,PO8,111,-12.858,S2M
77,PO8,112,-11.882,S2M
77,PO8,113,-9.440,S2M
77,PO8,114,-6.510,S2M
77,PO8,115,-3.092,S2M
77,PO8,116,-0.651,S2M
77,PO8,117,-0.163,S2M
77,PO8,118,-1.628,S2M
77,PO8,119,-4.069,S2M
77,PO8,120,-5.534,S2M
77,PO8,121,-6.022,S2M
77,PO8,122,-6.510,S2M
77,PO8,123,-6.999,S2M
77,PO8,124,-8.464,S2M
77,PO8,125,-9.928,S2M
77,PO8,126,-11.393,S2M
77,PO8,127,-11.393,S2M
77,PO8,128,-10.905,S2M
77,PO8,129,-10.905,S2M
77,PO8,130,-12.370,S2M
77,PO8,131,-14.323,S2M
77,PO8,132,-16.764,S2M
77,PO8,133,-17.741,S2M
77,PO8,134,-16.764,S2M
77,PO8,135,-14.811,S2M
77,PO8,136,-12.370,S2M
77,PO8,137,-10.417,S2M
77,PO8,138,-9.928,S2M
77,PO8,139,-9.440,S2M
77,PO8,140,-7.975,S2M
77,PO8,141,-5.534,S2M
77,PO8,142,-3.581,S2M
77,PO8,143,-2.604,S2M
77,PO8,144,-4.069,S2M
77,PO8,145,-6.510,S2M
77,PO8,146,-9.928,S2M
77,PO8,147,-12.370,S2M
77,PO8,148,-14.323,S2M
77,PO8,149,-15.788,S2M
77,PO8,150,-16.276,S2M
77,PO8,151,-17.253,S2M
77,PO8,152,-16.764,S2M
77,PO8,153,-16.764,S2M
77,PO8,154,-17.253,S2M
77,PO8,155,-18.229,S2M
77,PO8,156,-18.717,S2M
77,PO8,157,-18.717,S2M
77,PO8,158,-15.788,S2M
77,PO8,159,-11.393,S2M
77,PO8,160,-6.510,S2M
77,PO8,161,-2.604,S2M
77,PO8,162,-0.163,S2M
77,PO8,163,0.814,S2M
77,PO8,164,1.302,S2M
77,PO8,165,2.767,S2M
77,PO8,166,4.232,S2M
77,PO8,167,4.232,S2M
77,PO8,168,2.767,S2M
77,PO8,169,-0.163,S2M
77,PO8,170,-2.604,S2M
77,PO8,171,-3.581,S2M
77,PO8,172,-3.581,S2M
77,PO8,173,-2.604,S2M
77,PO8,174,-1.628,S2M
77,PO8,175,-1.139,S2M
77,PO8,176,-1.628,S2M
77,PO8,177,-1.628,S2M
77,PO8,178,-2.604,S2M
77,PO8,179,-3.581,S2M
77,PO8,180,-4.557,S2M
77,PO8,181,-6.022,S2M
77,PO8,182,-7.487,S2M
77,PO8,183,-8.464,S2M
77,PO8,184,-7.975,S2M
77,PO8,185,-7.487,S2M
77,PO8,186,-5.534,S2M
77,PO8,187,-3.092,S2M
77,PO8,188,0.326,S2M
77,PO8,189,2.279,S2M
77,PO8,190,3.255,S2M
77,PO8,191,2.279,S2M
77,PO8,192,-1.139,S2M
77,PO8,193,-6.022,S2M
77,PO8,194,-10.417,S2M
77,PO8,195,-12.858,S2M
77,PO8,196,-12.858,S2M
77,PO8,197,-11.393,S2M
77,PO8,198,-8.952,S2M
77,PO8,199,-7.975,S2M
77,PO8,200,-7.487,S2M
77,PO8,201,-7.487,S2M
77,PO8,202,-6.999,S2M
77,PO8,203,-6.022,S2M
77,PO8,204,-4.557,S2M
77,PO8,205,-4.069,S2M
77,PO8,206,-3.581,S2M
77,PO8,207,-3.581,S2M
77,PO8,208,-4.069,S2M
77,PO8,209,-5.046,S2M
77,PO8,210,-6.510,S2M
77,PO8,211,-7.975,S2M
77,PO8,212,-7.975,S2M
77,PO8,213,-6.999,S2M
77,PO8,214,-5.046,S2M
77,PO8,215,-2.116,S2M
77,PO8,216,0.326,S2M
77,PO8,217,1.302,S2M
77,PO8,218,1.302,S2M
77,PO8,219,0.326,S2M
77,PO8,220,-0.651,S2M
77,PO8,221,-1.628,S2M
77,PO8,222,-2.604,S2M
77,PO8,223,-2.604,S2M
77,PO8,224,-2.116,S2M
77,PO8,225,-1.139,S2M
77,PO8,226,-0.651,S2M
77,PO8,227,-0.651,S2M
77,PO8,228,-1.628,S2M
77,PO8,229,-3.092,S2M
77,PO8,230,-4.557,S2M
77,PO8,231,-5.046,S2M
77,PO8,232,-4.557,S2M
77,PO8,233,-3.092,S2M
77,PO8,234,-1.139,S2M
77,PO8,235,0.814,S2M
77,PO8,236,1.790,S2M
77,PO8,237,2.767,S2M
77,PO8,238,3.255,S2M
77,PO8,239,3.743,S2M
77,PO8,240,3.743,S2M
77,PO8,241,3.255,S2M
77,PO8,242,2.279,S2M
77,PO8,243,0.814,S2M
77,PO8,244,-0.651,S2M
77,PO8,245,-1.628,S2M
77,PO8,246,-3.092,S2M
77,PO8,247,-4.069,S2M
77,PO8,248,-5.534,S2M
77,PO8,249,-5.534,S2M
77,PO8,250,-5.046,S2M
77,PO8,251,-4.069,S2M
77,PO8,252,-3.092,S2M
77,PO8,253,-3.092,S2M
77,PO8,254,-3.581,S2M
77,PO8,255,-3.581,S2M
77,FCZ,0,-3.215,S2M
77,FCZ,1,-2.726,S2M
77,FCZ,2,-2.726,S2M
77,FCZ,3,-2.238,S2M
77,FCZ,4,-2.726,S2M
77,FCZ,5,-2.238,S2M
77,FCZ,6,-1.261,S2M
77,FCZ,7,0.203,S2M
77,FCZ,8,2.157,S2M
77,FCZ,9,4.110,S2M
77,FCZ,10,5.086,S2M
77,FCZ,11,6.063,S2M
77,FCZ,12,6.551,S2M
77,FCZ,13,6.063,S2M
77,FCZ,14,5.086,S2M
77,FCZ,15,3.621,S2M
77,FCZ,16,1.668,S2M
77,FCZ,17,-0.773,S2M
77,FCZ,18,-2.238,S2M
77,FCZ,19,-2.726,S2M
77,FCZ,20,-3.215,S2M
77,FCZ,21,-3.215,S2M
77,FCZ,22,-3.215,S2M
77,FCZ,23,-3.215,S2M
77,FCZ,24,-3.215,S2M
77,FCZ,25,-3.215,S2M
77,FCZ,26,-2.726,S2M
77,FCZ,27,-2.238,S2M
77,FCZ,28,-1.750,S2M
77,FCZ,29,-1.261,S2M
77,FCZ,30,-0.773,S2M
77,FCZ,31,-0.285,S2M
77,FCZ,32,0.203,S2M
77,FCZ,33,0.692,S2M
77,FCZ,34,1.668,S2M
77,FCZ,35,2.645,S2M
77,FCZ,36,3.133,S2M
77,FCZ,37,3.133,S2M
77,FCZ,38,3.621,S2M
77,FCZ,39,3.621,S2M
77,FCZ,40,4.110,S2M
77,FCZ,41,4.598,S2M
77,FCZ,42,5.086,S2M
77,FCZ,43,5.086,S2M
77,FCZ,44,5.086,S2M
77,FCZ,45,5.086,S2M
77,FCZ,46,4.598,S2M
77,FCZ,47,3.621,S2M
77,FCZ,48,2.157,S2M
77,FCZ,49,0.692,S2M
77,FCZ,50,-0.773,S2M
77,FCZ,51,-1.261,S2M
77,FCZ,52,-1.261,S2M
77,FCZ,53,-0.773,S2M
77,FCZ,54,-0.285,S2M
77,FCZ,55,1.180,S2M
77,FCZ,56,2.157,S2M
77,FCZ,57,3.133,S2M
77,FCZ,58,4.598,S2M
77,FCZ,59,5.086,S2M
77,FCZ,60,5.086,S2M
77,FCZ,61,4.598,S2M
77,FCZ,62,4.110,S2M
77,FCZ,63,3.133,S2M
77,FCZ,64,2.157,S2M
77,FCZ,65,1.668,S2M
77,FCZ,66,1.668,S2M
77,FCZ,67,1.180,S2M
77,FCZ,68,0.692,S2M
77,FCZ,69,0.203,S2M
77,FCZ,70,-0.285,S2M
77,FCZ,71,-0.773,S2M
77,FCZ,72,-1.261,S2M
77,FCZ,73,-1.261,S2M
77,FCZ,74,-1.261,S2M
77,FCZ,75,-1.750,S2M
77,FCZ,76,-1.750,S2M
77,FCZ,77,-1.750,S2M
77,FCZ,78,-0.773,S2M
77,FCZ,79,0.203,S2M
77,FCZ,80,1.180,S2M
77,FCZ,81,2.157,S2M
77,FCZ,82,2.645,S2M
77,FCZ,83,2.645,S2M
77,FCZ,84,2.157,S2M
77,FCZ,85,2.157,S2M
77,FCZ,86,2.157,S2M
77,FCZ,87,2.645,S2M
77,FCZ,88,2.645,S2M
77,FCZ,89,2.645,S2M
77,FCZ,90,1.668,S2M
77,FCZ,91,0.692,S2M
77,FCZ,92,-0.773,S2M
77,FCZ,93,-1.750,S2M
77,FCZ,94,-2.238,S2M
77,FCZ,95,-2.726,S2M
77,FCZ,96,-2.726,S2M
77,FCZ,97,-3.215,S2M
77,FCZ,98,-3.215,S2M
77,FCZ,99,-3.703,S2M
77,FCZ,100,-3.215,S2M
77,FCZ,101,-2.726,S2M
77,FCZ,102,-1.750,S2M
77,FCZ,103,-1.261,S2M
77,FCZ,104,-0.285,S2M
77,FCZ,105,-0.285,S2M
77,FCZ,106,-0.285,S2M
77,FCZ,107,-0.285,S2M
77,FCZ,108,-0.285,S2M
77,FCZ,109,0.203,S2M
77,FCZ,110,0.203,S2M
77,FCZ,111,0.692,S2M
77,FCZ,112,1.180,S2M
77,FCZ,113,1.180,S2M
77,FCZ,114,1.180,S2M
77,FCZ,115,0.692,S2M
77,FCZ,116,0.692,S2M
77,FCZ,117,0.692,S2M
77,FCZ,118,0.203,S2M
77,FCZ,119,0.203,S2M
77,FCZ,120,-0.285,S2M
77,FCZ,121,-0.285,S2M
77,FCZ,122,-0.773,S2M
77,FCZ,123,-1.261,S2M
77,FCZ,124,-2.238,S2M
77,FCZ,125,-2.238,S2M
77,FCZ,126,-2.238,S2M
77,FCZ,127,-1.750,S2M
77,FCZ,128,-1.261,S2M
77,FCZ,129,-0.285,S2M
77,FCZ,130,0.692,S2M
77,FCZ,131,1.668,S2M
77,FCZ,132,2.157,S2M
77,FCZ,133,2.645,S2M
77,FCZ,134,3.133,S2M
77,FCZ,135,3.621,S2M
77,FCZ,136,3.621,S2M
77,FCZ,137,3.621,S2M
77,FCZ,138,3.621,S2M
77,FCZ,139,3.133,S2M
77,FCZ,140,3.133,S2M
77,FCZ,141,2.645,S2M
77,FCZ,142,2.157,S2M
77,FCZ,143,1.668,S2M
77,FCZ,144,1.180,S2M
77,FCZ,145,0.692,S2M
77,FCZ,146,0.203,S2M
77,FCZ,147,-0.285,S2M
77,FCZ,148,-0.773,S2M
77,FCZ,149,-0.773,S2M
77,FCZ,150,-0.773,S2M
77,FCZ,151,-0.285,S2M
77,FCZ,152,0.692,S2M
77,FCZ,153,1.668,S2M
77,FCZ,154,2.645,S2M
77,FCZ,155,3.133,S2M
77,FCZ,156,3.133,S2M
77,FCZ,157,2.645,S2M
77,FCZ,158,2.157,S2M
77,FCZ,159,1.668,S2M
77,FCZ,160,1.668,S2M
77,FCZ,161,1.668,S2M
77,FCZ,162,1.668,S2M
77,FCZ,163,1.668,S2M
77,FCZ,164,1.180,S2M
77,FCZ,165,0.692,S2M
77,FCZ,166,1.180,S2M
77,FCZ,167,1.180,S2M
77,FCZ,168,1.180,S2M
77,FCZ,169,0.692,S2M
77,FCZ,170,0.203,S2M
77,FCZ,171,-0.773,S2M
77,FCZ,172,-1.750,S2M
77,FCZ,173,-1.750,S2M
77,FCZ,174,-1.750,S2M
77,FCZ,175,-1.261,S2M
77,FCZ,176,-1.261,S2M
77,FCZ,177,-1.261,S2M
77,FCZ,178,-1.261,S2M
77,FCZ,179,-0.773,S2M
77,FCZ,180,0.203,S2M
77,FCZ,181,1.668,S2M
77,FCZ,182,2.645,S2M
77,FCZ,183,3.133,S2M
77,FCZ,184,3.133,S2M
77,FCZ,185,3.133,S2M
77,FCZ,186,2.645,S2M
77,FCZ,187,2.645,S2M
77,FCZ,188,2.157,S2M
77,FCZ,189,2.157,S2M
77,FCZ,190,2.157,S2M
77,FCZ,191,1.668,S2M
77,FCZ,192,1.668,S2M
77,FCZ,193,2.157,S2M
77,FCZ,194,3.133,S2M
77,FCZ,195,4.110,S2M
77,FCZ,196,4.598,S2M
77,FCZ,197,4.110,S2M
77,FCZ,198,3.621,S2M
77,FCZ,199,2.157,S2M
77,FCZ,200,1.668,S2M
77,FCZ,201,0.692,S2M
77,FCZ,202,0.692,S2M
77,FCZ,203,0.203,S2M
77,FCZ,204,0.203,S2M
77,FCZ,205,0.692,S2M
77,FCZ,206,0.692,S2M
77,FCZ,207,1.180,S2M
77,FCZ,208,1.668,S2M
77,FCZ,209,2.157,S2M
77,FCZ,210,2.645,S2M
77,FCZ,211,2.645,S2M
77,FCZ,212,3.133,S2M
77,FCZ,213,3.133,S2M
77,FCZ,214,2.645,S2M
77,FCZ,215,2.645,S2M
77,FCZ,216,2.645,S2M
77,FCZ,217,3.621,S2M
77,FCZ,218,3.621,S2M
77,FCZ,219,3.621,S2M
77,FCZ,220,2.645,S2M
77,FCZ,221,2.157,S2M
77,FCZ,222,1.668,S2M
77,FCZ,223,2.157,S2M
77,FCZ,224,2.645,S2M
77,FCZ,225,3.621,S2M
77,FCZ,226,4.110,S2M
77,FCZ,227,4.110,S2M
77,FCZ,228,4.110,S2M
77,FCZ,229,4.110,S2M
77,FCZ,230,4.110,S2M
77,FCZ,231,4.598,S2M
77,FCZ,232,5.086,S2M
77,FCZ,233,5.575,S2M
77,FCZ,234,5.575,S2M
77,FCZ,235,5.086,S2M
77,FCZ,236,4.110,S2M
77,FCZ,237,3.621,S2M
77,FCZ,238,3.133,S2M
77,FCZ,239,4.110,S2M
77,FCZ,240,5.575,S2M
77,FCZ,241,7.039,S2M
77,FCZ,242,7.528,S2M
77,FCZ,243,7.039,S2M
77,FCZ,244,6.063,S2M
77,FCZ,245,5.575,S2M
77,FCZ,246,5.575,S2M
77,FCZ,247,5.575,S2M
77,FCZ,248,6.063,S2M
77,FCZ,249,5.575,S2M
77,FCZ,250,5.086,S2M
77,FCZ,251,4.110,S2M
77,FCZ,252,4.110,S2M
77,FCZ,253,4.598,S2M
77,FCZ,254,5.086,S2M
77,FCZ,255,5.086,S2M
77,POZ,0,14.435,S2M
77,POZ,1,14.435,S2M
77,POZ,2,14.923,S2M
77,POZ,3,15.900,S2M
77,POZ,4,15.900,S2M
77,POZ,5,13.947,S2M
77,POZ,6,11.505,S2M
77,POZ,7,9.064,S2M
77,POZ,8,6.622,S2M
77,POZ,9,5.157,S2M
77,POZ,10,3.204,S2M
77,POZ,11,1.251,S2M
77,POZ,12,-1.190,S2M
77,POZ,13,-3.143,S2M
77,POZ,14,-4.120,S2M
77,POZ,15,-4.608,S2M
77,POZ,16,-4.120,S2M
77,POZ,17,-2.167,S2M
77,POZ,18,0.275,S2M
77,POZ,19,4.181,S2M
77,POZ,20,8.087,S2M
77,POZ,21,11.505,S2M
77,POZ,22,13.947,S2M
77,POZ,23,14.923,S2M
77,POZ,24,14.435,S2M
77,POZ,25,12.482,S2M
77,POZ,26,11.505,S2M
77,POZ,27,10.529,S2M
77,POZ,28,9.064,S2M
77,POZ,29,7.599,S2M
77,POZ,30,5.157,S2M
77,POZ,31,2.716,S2M
77,POZ,32,0.763,S2M
77,POZ,33,-0.702,S2M
77,POZ,34,-0.702,S2M
77,POZ,35,-0.702,S2M
77,POZ,36,-1.190,S2M
77,POZ,37,-3.143,S2M
77,POZ,38,-5.585,S2M
77,POZ,39,-8.514,S2M
77,POZ,40,-9.979,S2M
77,POZ,41,-10.956,S2M
77,POZ,42,-9.979,S2M
77,POZ,43,-9.003,S2M
77,POZ,44,-7.050,S2M
77,POZ,45,-5.585,S2M
77,POZ,46,-4.120,S2M
77,POZ,47,-3.143,S2M
77,POZ,48,-2.167,S2M
77,POZ,49,-1.190,S2M
77,POZ,50,0.763,S2M
77,POZ,51,2.716,S2M
77,POZ,52,4.181,S2M
77,POZ,53,4.669,S2M
77,POZ,54,3.693,S2M
77,POZ,55,2.228,S2M
77,POZ,56,0.275,S2M
77,POZ,57,-1.678,S2M
77,POZ,58,-3.143,S2M
77,POZ,59,-3.632,S2M
77,POZ,60,-3.632,S2M
77,POZ,61,-3.143,S2M
77,POZ,62,-3.143,S2M
77,POZ,63,-3.143,S2M
77,POZ,64,-2.655,S2M
77,POZ,65,-2.655,S2M
77,POZ,66,-2.167,S2M
77,POZ,67,-1.190,S2M
77,POZ,68,-0.702,S2M
77,POZ,69,-0.702,S2M
77,POZ,70,-1.190,S2M
77,POZ,71,-1.678,S2M
77,POZ,72,-2.167,S2M
77,POZ,73,-1.190,S2M
77,POZ,74,0.275,S2M
77,POZ,75,1.740,S2M
77,POZ,76,2.716,S2M
77,POZ,77,2.716,S2M
77,POZ,78,1.740,S2M
77,POZ,79,1.251,S2M
77,POZ,80,0.763,S2M
77,POZ,81,-0.214,S2M
77,POZ,82,-1.190,S2M
77,POZ,83,-2.655,S2M
77,POZ,84,-5.096,S2M
77,POZ,85,-7.050,S2M
77,POZ,86,-8.514,S2M
77,POZ,87,-9.979,S2M
77,POZ,88,-10.468,S2M
77,POZ,89,-9.979,S2M
77,POZ,90,-8.514,S2M
77,POZ,91,-6.073,S2M
77,POZ,92,-1.678,S2M
77,POZ,93,2.716,S2M
77,POZ,94,6.134,S2M
77,POZ,95,8.575,S2M
77,POZ,96,10.040,S2M
77,POZ,97,10.040,S2M
77,POZ,98,9.064,S2M
77,POZ,99,8.575,S2M
77,POZ,100,7.599,S2M
77,POZ,101,7.111,S2M
77,POZ,102,6.622,S2M
77,POZ,103,5.646,S2M
77,POZ,104,3.693,S2M
77,POZ,105,1.251,S2M
77,POZ,106,-1.678,S2M
77,POZ,107,-5.096,S2M
77,POZ,108,-7.050,S2M
77,POZ,109,-9.003,S2M
77,POZ,110,-9.979,S2M
77,POZ,111,-10.956,S2M
77,POZ,112,-12.421,S2M
77,POZ,113,-12.421,S2M
77,POZ,114,-11.444,S2M
77,POZ,115,-8.514,S2M
77,POZ,116,-4.608,S2M
77,POZ,117,-0.702,S2M
77,POZ,118,1.740,S2M
77,POZ,119,2.228,S2M
77,POZ,120,2.716,S2M
77,POZ,121,3.693,S2M
77,POZ,122,5.646,S2M
77,POZ,123,8.087,S2M
77,POZ,124,10.040,S2M
77,POZ,125,11.017,S2M
77,POZ,126,11.017,S2M
77,POZ,127,10.040,S2M
77,POZ,128,8.087,S2M
77,POZ,129,5.646,S2M
77,POZ,130,2.716,S2M
77,POZ,131,-1.190,S2M
77,POZ,132,-4.608,S2M
77,POZ,133,-7.050,S2M
77,POZ,134,-8.514,S2M
77,POZ,135,-9.003,S2M
77,POZ,136,-8.514,S2M
77,POZ,137,-9.003,S2M
77,POZ,138,-9.491,S2M
77,POZ,139,-9.003,S2M
77,POZ,140,-7.538,S2M
77,POZ,141,-4.608,S2M
77,POZ,142,-1.678,S2M
77,POZ,143,1.251,S2M
77,POZ,144,2.716,S2M
77,POZ,145,3.693,S2M
77,POZ,146,4.669,S2M
77,POZ,147,6.134,S2M
77,POZ,148,8.087,S2M
77,POZ,149,9.064,S2M
77,POZ,150,8.575,S2M
77,POZ,151,6.134,S2M
77,POZ,152,3.204,S2M
77,POZ,153,0.275,S2M
77,POZ,154,-1.678,S2M
77,POZ,155,-3.143,S2M
77,POZ,156,-4.608,S2M
77,POZ,157,-6.073,S2M
77,POZ,158,-7.538,S2M
77,POZ,159,-8.514,S2M
77,POZ,160,-8.514,S2M
77,POZ,161,-7.538,S2M
77,POZ,162,-7.050,S2M
77,POZ,163,-6.561,S2M
77,POZ,164,-6.073,S2M
77,POZ,165,-4.608,S2M
77,POZ,166,-2.655,S2M
77,POZ,167,-0.214,S2M
77,POZ,168,2.228,S2M
77,POZ,169,4.181,S2M
77,POZ,170,5.646,S2M
77,POZ,171,6.622,S2M
77,POZ,172,8.087,S2M
77,POZ,173,9.552,S2M
77,POZ,174,11.505,S2M
77,POZ,175,12.482,S2M
77,POZ,176,12.482,S2M
77,POZ,177,11.505,S2M
77,POZ,178,9.552,S2M
77,POZ,179,7.599,S2M
77,POZ,180,4.669,S2M
77,POZ,181,1.251,S2M
77,POZ,182,-1.678,S2M
77,POZ,183,-5.096,S2M
77,POZ,184,-8.026,S2M
77,POZ,185,-9.491,S2M
77,POZ,186,-9.979,S2M
77,POZ,187,-8.514,S2M
77,POZ,188,-6.561,S2M
77,POZ,189,-4.608,S2M
77,POZ,190,-3.143,S2M
77,POZ,191,-2.655,S2M
77,POZ,192,-3.143,S2M
77,POZ,193,-4.608,S2M
77,POZ,194,-5.096,S2M
77,POZ,195,-4.608,S2M
77,POZ,196,-2.655,S2M
77,POZ,197,-0.702,S2M
77,POZ,198,1.740,S2M
77,POZ,199,3.693,S2M
77,POZ,200,4.669,S2M
77,POZ,201,5.646,S2M
77,POZ,202,7.111,S2M
77,POZ,203,8.087,S2M
77,POZ,204,9.064,S2M
77,POZ,205,9.552,S2M
77,POZ,206,8.575,S2M
77,POZ,207,6.622,S2M
77,POZ,208,3.693,S2M
77,POZ,209,0.763,S2M
77,POZ,210,-2.167,S2M
77,POZ,211,-4.120,S2M
77,POZ,212,-5.585,S2M
77,POZ,213,-6.073,S2M
77,POZ,214,-4.608,S2M
77,POZ,215,-2.655,S2M
77,POZ,216,-0.214,S2M
77,POZ,217,1.740,S2M
77,POZ,218,3.204,S2M
77,POZ,219,3.693,S2M
77,POZ,220,3.693,S2M
77,POZ,221,3.693,S2M
77,POZ,222,3.204,S2M
77,POZ,223,2.716,S2M
77,POZ,224,3.204,S2M
77,POZ,225,3.693,S2M
77,POZ,226,4.181,S2M
77,POZ,227,5.157,S2M
77,POZ,228,4.669,S2M
77,POZ,229,3.693,S2M
77,POZ,230,2.228,S2M
77,POZ,231,1.251,S2M
77,POZ,232,0.763,S2M
77,POZ,233,0.763,S2M
77,POZ,234,0.763,S2M
77,POZ,235,0.763,S2M
77,POZ,236,0.275,S2M
77,POZ,237,-0.214,S2M
77,POZ,238,-0.702,S2M
77,POZ,239,-1.190,S2M
77,POZ,240,-1.190,S2M
77,POZ,241,-1.190,S2M
77,POZ,242,-1.678,S2M
77,POZ,243,-2.167,S2M
77,POZ,244,-3.143,S2M
77,POZ,245,-4.120,S2M
77,POZ,246,-5.096,S2M
77,POZ,247,-6.073,S2M
77,POZ,248,-6.561,S2M
77,POZ,249,-5.585,S2M
77,POZ,250,-4.120,S2M
77,POZ,251,-2.655,S2M
77,POZ,252,-2.167,S2M
77,POZ,253,-2.655,S2M
77,POZ,254,-4.120,S2M
77,POZ,255,-4.608,S2M
77,OZ,0,-12.054,S2M
77,OZ,1,-8.636,S2M
77,OZ,2,-4.730,S2M
77,OZ,3,-1.801,S2M
77,OZ,4,0.641,S2M
77,OZ,5,3.082,S2M
77,OZ,6,5.524,S2M
77,OZ,7,8.453,S2M
77,OZ,8,11.383,S2M
77,OZ,9,14.313,S2M
77,OZ,10,16.266,S2M
77,OZ,11,17.242,S2M
77,OZ,12,18.219,S2M
77,OZ,13,18.219,S2M
77,OZ,14,17.731,S2M
77,OZ,15,14.801,S2M
77,OZ,16,9.430,S2M
77,OZ,17,3.082,S2M
77,OZ,18,-1.312,S2M
77,OZ,19,-3.754,S2M
77,OZ,20,-3.265,S2M
77,OZ,21,-1.801,S2M
77,OZ,22,-1.312,S2M
77,OZ,23,-3.265,S2M
77,OZ,24,-5.707,S2M
77,OZ,25,-8.148,S2M
77,OZ,26,-9.613,S2M
77,OZ,27,-9.125,S2M
77,OZ,28,-8.636,S2M
77,OZ,29,-7.660,S2M
77,OZ,30,-6.195,S2M
77,OZ,31,-4.242,S2M
77,OZ,32,-1.801,S2M
77,OZ,33,-1.312,S2M
77,OZ,34,-1.801,S2M
77,OZ,35,-3.754,S2M
77,OZ,36,-4.730,S2M
77,OZ,37,-3.265,S2M
77,OZ,38,-0.336,S2M
77,OZ,39,4.059,S2M
77,OZ,40,6.012,S2M
77,OZ,41,5.524,S2M
77,OZ,42,3.082,S2M
77,OZ,43,0.153,S2M
77,OZ,44,-0.824,S2M
77,OZ,45,-0.336,S2M
77,OZ,46,-0.336,S2M
77,OZ,47,-2.289,S2M
77,OZ,48,-5.707,S2M
77,OZ,49,-9.125,S2M
77,OZ,50,-11.078,S2M
77,OZ,51,-11.078,S2M
77,OZ,52,-8.636,S2M
77,OZ,53,-6.195,S2M
77,OZ,54,-3.265,S2M
77,OZ,55,-0.824,S2M
77,OZ,56,0.641,S2M
77,OZ,57,3.082,S2M
77,OZ,58,5.524,S2M
77,OZ,59,7.965,S2M
77,OZ,60,9.430,S2M
77,OZ,61,10.406,S2M
77,OZ,62,9.918,S2M
77,OZ,63,8.453,S2M
77,OZ,64,6.500,S2M
77,OZ,65,4.547,S2M
77,OZ,66,3.082,S2M
77,OZ,67,1.129,S2M
77,OZ,68,-1.312,S2M
77,OZ,69,-4.242,S2M
77,OZ,70,-6.683,S2M
77,OZ,71,-8.148,S2M
77,OZ,72,-8.148,S2M
77,OZ,73,-7.660,S2M
77,OZ,74,-6.683,S2M
77,OZ,75,-6.195,S2M
77,OZ,76,-6.195,S2M
77,OZ,77,-5.219,S2M
77,OZ,78,-3.265,S2M
77,OZ,79,-0.824,S2M
77,OZ,80,2.106,S2M
77,OZ,81,4.059,S2M
77,OZ,82,5.035,S2M
77,OZ,83,6.012,S2M
77,OZ,84,6.012,S2M
77,OZ,85,6.012,S2M
77,OZ,86,5.524,S2M
77,OZ,87,4.547,S2M
77,OZ,88,2.594,S2M
77,OZ,89,-0.336,S2M
77,OZ,90,-4.242,S2M
77,OZ,91,-8.148,S2M
77,OZ,92,-11.566,S2M
77,OZ,93,-14.496,S2M
77,OZ,94,-16.449,S2M
77,OZ,95,-17.914,S2M
77,OZ,96,-18.890,S2M
77,OZ,97,-19.867,S2M
77,OZ,98,-20.844,S2M
77,OZ,99,-21.820,S2M
77,OZ,100,-21.332,S2M
77,OZ,101,-19.379,S2M
77,OZ,102,-16.449,S2M
77,OZ,103,-12.543,S2M
77,OZ,104,-8.636,S2M
77,OZ,105,-5.219,S2M
77,OZ,106,-3.754,S2M
77,OZ,107,-3.754,S2M
77,OZ,108,-4.242,S2M
77,OZ,109,-5.707,S2M
77,OZ,110,-5.707,S2M
77,OZ,111,-4.242,S2M
77,OZ,112,-1.801,S2M
77,OZ,113,1.129,S2M
77,OZ,114,2.594,S2M
77,OZ,115,2.594,S2M
77,OZ,116,0.641,S2M
77,OZ,117,-1.312,S2M
77,OZ,118,-2.777,S2M
77,OZ,119,-4.242,S2M
77,OZ,120,-4.730,S2M
77,OZ,121,-5.219,S2M
77,OZ,122,-5.707,S2M
77,OZ,123,-5.707,S2M
77,OZ,124,-6.195,S2M
77,OZ,125,-6.195,S2M
77,OZ,126,-6.683,S2M
77,OZ,127,-6.683,S2M
77,OZ,128,-6.195,S2M
77,OZ,129,-3.754,S2M
77,OZ,130,-0.824,S2M
77,OZ,131,3.571,S2M
77,OZ,132,6.989,S2M
77,OZ,133,9.918,S2M
77,OZ,134,11.383,S2M
77,OZ,135,11.871,S2M
77,OZ,136,11.383,S2M
77,OZ,137,11.871,S2M
77,OZ,138,12.360,S2M
77,OZ,139,12.360,S2M
77,OZ,140,11.871,S2M
77,OZ,141,10.895,S2M
77,OZ,142,9.430,S2M
77,OZ,143,8.453,S2M
77,OZ,144,6.989,S2M
77,OZ,145,5.035,S2M
77,OZ,146,1.617,S2M
77,OZ,147,-2.777,S2M
77,OZ,148,-8.148,S2M
77,OZ,149,-12.543,S2M
77,OZ,150,-14.984,S2M
77,OZ,151,-14.984,S2M
77,OZ,152,-12.543,S2M
77,OZ,153,-9.125,S2M
77,OZ,154,-5.707,S2M
77,OZ,155,-3.265,S2M
77,OZ,156,-1.801,S2M
77,OZ,157,-0.824,S2M
77,OZ,158,0.153,S2M
77,OZ,159,1.617,S2M
77,OZ,160,3.082,S2M
77,OZ,161,3.571,S2M
77,OZ,162,2.594,S2M
77,OZ,163,0.641,S2M
77,OZ,164,-1.312,S2M
77,OZ,165,-2.777,S2M
77,OZ,166,-3.754,S2M
77,OZ,167,-4.242,S2M
77,OZ,168,-4.242,S2M
77,OZ,169,-4.242,S2M
77,OZ,170,-4.730,S2M
77,OZ,171,-5.219,S2M
77,OZ,172,-5.219,S2M
77,OZ,173,-5.219,S2M
77,OZ,174,-5.219,S2M
77,OZ,175,-5.219,S2M
77,OZ,176,-5.219,S2M
77,OZ,177,-5.219,S2M
77,OZ,178,-5.219,S2M
77,OZ,179,-4.730,S2M
77,OZ,180,-2.289,S2M
77,OZ,181,0.641,S2M
77,OZ,182,3.082,S2M
77,OZ,183,4.059,S2M
77,OZ,184,3.571,S2M
77,OZ,185,2.594,S2M
77,OZ,186,1.617,S2M
77,OZ,187,1.617,S2M
77,OZ,188,2.594,S2M
77,OZ,189,3.082,S2M
77,OZ,190,2.594,S2M
77,OZ,191,0.641,S2M
77,OZ,192,-1.801,S2M
77,OZ,193,-4.242,S2M
77,OZ,194,-4.730,S2M
77,OZ,195,-3.754,S2M
77,OZ,196,-1.801,S2M
77,OZ,197,0.641,S2M
77,OZ,198,3.082,S2M
77,OZ,199,4.059,S2M
77,OZ,200,2.594,S2M
77,OZ,201,0.641,S2M
77,OZ,202,-1.312,S2M
77,OZ,203,-2.289,S2M
77,OZ,204,-1.801,S2M
77,OZ,205,0.153,S2M
77,OZ,206,3.082,S2M
77,OZ,207,4.547,S2M
77,OZ,208,5.035,S2M
77,OZ,209,4.059,S2M
77,OZ,210,2.594,S2M
77,OZ,211,2.106,S2M
77,OZ,212,1.617,S2M
77,OZ,213,2.106,S2M
77,OZ,214,2.594,S2M
77,OZ,215,4.059,S2M
77,OZ,216,5.524,S2M
77,OZ,217,6.989,S2M
77,OZ,218,7.477,S2M
77,OZ,219,6.500,S2M
77,OZ,220,3.082,S2M
77,OZ,221,0.153,S2M
77,OZ,222,-1.312,S2M
77,OZ,223,0.641,S2M
77,OZ,224,5.035,S2M
77,OZ,225,10.406,S2M
77,OZ,226,13.824,S2M
77,OZ,227,15.289,S2M
77,OZ,228,14.313,S2M
77,OZ,229,12.848,S2M
77,OZ,230,11.871,S2M
77,OZ,231,10.895,S2M
77,OZ,232,10.895,S2M
77,OZ,233,10.895,S2M
77,OZ,234,11.383,S2M
77,OZ,235,11.383,S2M
77,OZ,236,11.871,S2M
77,OZ,237,11.871,S2M
77,OZ,238,12.360,S2M
77,OZ,239,12.848,S2M
77,OZ,240,14.313,S2M
77,OZ,241,16.266,S2M
77,OZ,242,17.242,S2M
77,OZ,243,16.754,S2M
77,OZ,244,15.289,S2M
77,OZ,245,14.313,S2M
77,OZ,246,13.336,S2M
77,OZ,247,14.313,S2M
77,OZ,248,15.289,S2M
77,OZ,249,15.778,S2M
77,OZ,250,15.289,S2M
77,OZ,251,14.313,S2M
77,OZ,252,13.824,S2M
77,OZ,253,14.801,S2M
77,OZ,254,16.754,S2M
77,OZ,255,18.219,S2M
77,P2,0,-12.767,S2M
77,P2,1,-8.860,S2M
77,P2,2,-4.954,S2M
77,P2,3,-2.024,S2M
77,P2,4,0.417,S2M
77,P2,5,2.858,S2M
77,P2,6,5.788,S2M
77,P2,7,8.718,S2M
77,P2,8,12.136,S2M
77,P2,9,14.577,S2M
77,P2,10,16.042,S2M
77,P2,11,17.507,S2M
77,P2,12,18.483,S2M
77,P2,13,19.460,S2M
77,P2,14,18.483,S2M
77,P2,15,15.066,S2M
77,P2,16,9.206,S2M
77,P2,17,2.858,S2M
77,P2,18,-1.536,S2M
77,P2,19,-2.024,S2M
77,P2,20,-1.048,S2M
77,P2,21,0.417,S2M
77,P2,22,-0.071,S2M
77,P2,23,-2.024,S2M
77,P2,24,-5.442,S2M
77,P2,25,-8.372,S2M
77,P2,26,-9.837,S2M
77,P2,27,-9.837,S2M
77,P2,28,-8.860,S2M
77,P2,29,-7.884,S2M
77,P2,30,-6.419,S2M
77,P2,31,-3.489,S2M
77,P2,32,-0.071,S2M
77,P2,33,1.394,S2M
77,P2,34,0.417,S2M
77,P2,35,-2.024,S2M
77,P2,36,-3.977,S2M
77,P2,37,-3.001,S2M
77,P2,38,-0.071,S2M
77,P2,39,3.835,S2M
77,P2,40,5.300,S2M
77,P2,41,4.323,S2M
77,P2,42,1.394,S2M
77,P2,43,-0.071,S2M
77,P2,44,-0.071,S2M
77,P2,45,1.882,S2M
77,P2,46,1.882,S2M
77,P2,47,-1.048,S2M
77,P2,48,-5.931,S2M
77,P2,49,-9.837,S2M
77,P2,50,-11.302,S2M
77,P2,51,-9.837,S2M
77,P2,52,-6.419,S2M
77,P2,53,-3.489,S2M
77,P2,54,-1.536,S2M
77,P2,55,-0.559,S2M
77,P2,56,-0.071,S2M
77,P2,57,1.882,S2M
77,P2,58,4.323,S2M
77,P2,59,6.765,S2M
77,P2,60,9.206,S2M
77,P2,61,9.694,S2M
77,P2,62,9.206,S2M
77,P2,63,7.741,S2M
77,P2,64,5.788,S2M
77,P2,65,3.835,S2M
77,P2,66,2.858,S2M
77,P2,67,0.905,S2M
77,P2,68,-2.024,S2M
77,P2,69,-4.954,S2M
77,P2,70,-7.395,S2M
77,P2,71,-8.372,S2M
77,P2,72,-8.372,S2M
77,P2,73,-6.907,S2M
77,P2,74,-5.442,S2M
77,P2,75,-4.466,S2M
77,P2,76,-4.466,S2M
77,P2,77,-4.466,S2M
77,P2,78,-3.489,S2M
77,P2,79,-1.536,S2M
77,P2,80,1.394,S2M
77,P2,81,2.858,S2M
77,P2,82,4.812,S2M
77,P2,83,4.812,S2M
77,P2,84,3.835,S2M
77,P2,85,3.835,S2M
77,P2,86,4.323,S2M
77,P2,87,5.300,S2M
77,P2,88,4.323,S2M
77,P2,89,1.394,S2M
77,P2,90,-3.001,S2M
77,P2,91,-7.884,S2M
77,P2,92,-11.302,S2M
77,P2,93,-13.255,S2M
77,P2,94,-14.720,S2M
77,P2,95,-15.208,S2M
77,P2,96,-17.161,S2M
77,P2,97,-19.602,S2M
77,P2,98,-22.044,S2M
77,P2,99,-22.532,S2M
77,P2,100,-22.044,S2M
77,P2,101,-19.602,S2M
77,P2,102,-16.184,S2M
77,P2,103,-12.767,S2M
77,P2,104,-8.860,S2M
77,P2,105,-5.442,S2M
77,P2,106,-3.489,S2M
77,P2,107,-2.024,S2M
77,P2,108,-1.536,S2M
77,P2,109,-2.024,S2M
77,P2,110,-2.513,S2M
77,P2,111,-2.024,S2M
77,P2,112,-1.048,S2M
77,P2,113,0.905,S2M
77,P2,114,2.370,S2M
77,P2,115,2.370,S2M
77,P2,116,1.394,S2M
77,P2,117,-0.559,S2M
77,P2,118,-3.001,S2M
77,P2,119,-4.466,S2M
77,P2,120,-5.931,S2M
77,P2,121,-5.931,S2M
77,P2,122,-6.419,S2M
77,P2,123,-6.419,S2M
77,P2,124,-6.419,S2M
77,P2,125,-5.442,S2M
77,P2,126,-4.954,S2M
77,P2,127,-4.466,S2M
77,P2,128,-3.977,S2M
77,P2,129,-3.001,S2M
77,P2,130,-0.071,S2M
77,P2,131,3.347,S2M
77,P2,132,6.765,S2M
77,P2,133,9.694,S2M
77,P2,134,10.671,S2M
77,P2,135,10.671,S2M
77,P2,136,10.671,S2M
77,P2,137,11.648,S2M
77,P2,138,13.112,S2M
77,P2,139,14.089,S2M
77,P2,140,13.601,S2M
77,P2,141,11.648,S2M
77,P2,142,9.694,S2M
77,P2,143,8.718,S2M
77,P2,144,7.741,S2M
77,P2,145,5.788,S2M
77,P2,146,2.858,S2M
77,P2,147,-2.513,S2M
77,P2,148,-8.372,S2M
77,P2,149,-13.255,S2M
77,P2,150,-15.208,S2M
77,P2,151,-14.231,S2M
77,P2,152,-11.302,S2M
77,P2,153,-8.372,S2M
77,P2,154,-4.954,S2M
77,P2,155,-2.024,S2M
77,P2,156,-0.071,S2M
77,P2,157,0.905,S2M
77,P2,158,0.905,S2M
77,P2,159,0.417,S2M
77,P2,160,-0.071,S2M
77,P2,161,-0.071,S2M
77,P2,162,-0.071,S2M
77,P2,163,-0.071,S2M
77,P2,164,-0.559,S2M
77,P2,165,-2.024,S2M
77,P2,166,-3.489,S2M
77,P2,167,-4.466,S2M
77,P2,168,-4.466,S2M
77,P2,169,-3.977,S2M
77,P2,170,-3.489,S2M
77,P2,171,-3.489,S2M
77,P2,172,-4.466,S2M
77,P2,173,-4.954,S2M
77,P2,174,-4.954,S2M
77,P2,175,-4.466,S2M
77,P2,176,-4.466,S2M
77,P2,177,-4.954,S2M
77,P2,178,-5.931,S2M
77,P2,179,-6.419,S2M
77,P2,180,-4.954,S2M
77,P2,181,-2.024,S2M
77,P2,182,1.394,S2M
77,P2,183,3.347,S2M
77,P2,184,3.835,S2M
77,P2,185,3.347,S2M
77,P2,186,2.858,S2M
77,P2,187,2.858,S2M
77,P2,188,2.858,S2M
77,P2,189,2.858,S2M
77,P2,190,1.882,S2M
77,P2,191,-0.559,S2M
77,P2,192,-2.513,S2M
77,P2,193,-4.466,S2M
77,P2,194,-4.954,S2M
77,P2,195,-3.977,S2M
77,P2,196,-2.024,S2M
77,P2,197,0.905,S2M
77,P2,198,3.835,S2M
77,P2,199,4.812,S2M
77,P2,200,4.323,S2M
77,P2,201,1.882,S2M
77,P2,202,-1.048,S2M
77,P2,203,-3.001,S2M
77,P2,204,-2.024,S2M
77,P2,205,0.417,S2M
77,P2,206,3.347,S2M
77,P2,207,5.300,S2M
77,P2,208,5.300,S2M
77,P2,209,3.835,S2M
77,P2,210,2.858,S2M
77,P2,211,2.370,S2M
77,P2,212,2.858,S2M
77,P2,213,2.858,S2M
77,P2,214,2.858,S2M
77,P2,215,3.835,S2M
77,P2,216,5.300,S2M
77,P2,217,7.253,S2M
77,P2,218,7.741,S2M
77,P2,219,6.765,S2M
77,P2,220,3.347,S2M
77,P2,221,0.417,S2M
77,P2,222,-1.048,S2M
77,P2,223,1.394,S2M
77,P2,224,6.276,S2M
77,P2,225,11.159,S2M
77,P2,226,14.089,S2M
77,P2,227,14.577,S2M
77,P2,228,13.601,S2M
77,P2,229,12.136,S2M
77,P2,230,11.648,S2M
77,P2,231,12.624,S2M
77,P2,232,13.601,S2M
77,P2,233,14.089,S2M
77,P2,234,13.601,S2M
77,P2,235,12.136,S2M
77,P2,236,10.671,S2M
77,P2,237,9.694,S2M
77,P2,238,10.183,S2M
77,P2,239,11.648,S2M
77,P2,240,14.577,S2M
77,P2,241,17.019,S2M
77,P2,242,17.507,S2M
77,P2,243,17.019,S2M
77,P2,244,15.554,S2M
77,P2,245,14.577,S2M
77,P2,246,14.577,S2M
77,P2,247,15.554,S2M
77,P2,248,16.530,S2M
77,P2,249,17.507,S2M
77,P2,250,17.019,S2M
77,P2,251,16.530,S2M
77,P2,252,16.042,S2M
77,P2,253,16.530,S2M
77,P2,254,17.995,S2M
77,P2,255,18.483,S2M
77,P1,0,-11.607,S2M
77,P1,1,-8.189,S2M
77,P1,2,-4.771,S2M
77,P1,3,-1.841,S2M
77,P1,4,1.088,S2M
77,P1,5,3.530,S2M
77,P1,6,6.460,S2M
77,P1,7,9.878,S2M
77,P1,8,13.295,S2M
77,P1,9,15.249,S2M
77,P1,10,16.713,S2M
77,P1,11,17.202,S2M
77,P1,12,17.690,S2M
77,P1,13,18.667,S2M
77,P1,14,17.690,S2M
77,P1,15,14.760,S2M
77,P1,16,9.389,S2M
77,P1,17,2.553,S2M
77,P1,18,-1.841,S2M
77,P1,19,-3.794,S2M
77,P1,20,-3.306,S2M
77,P1,21,-1.841,S2M
77,P1,22,-1.841,S2M
77,P1,23,-3.306,S2M
77,P1,24,-5.747,S2M
77,P1,25,-7.701,S2M
77,P1,26,-8.677,S2M
77,P1,27,-8.189,S2M
77,P1,28,-7.701,S2M
77,P1,29,-6.724,S2M
77,P1,30,-6.236,S2M
77,P1,31,-4.283,S2M
77,P1,32,-2.330,S2M
77,P1,33,-0.865,S2M
77,P1,34,-1.841,S2M
77,P1,35,-3.306,S2M
77,P1,36,-4.771,S2M
77,P1,37,-3.794,S2M
77,P1,38,-0.376,S2M
77,P1,39,3.530,S2M
77,P1,40,5.971,S2M
77,P1,41,5.483,S2M
77,P1,42,2.553,S2M
77,P1,43,0.112,S2M
77,P1,44,-0.865,S2M
77,P1,45,-0.376,S2M
77,P1,46,-0.376,S2M
77,P1,47,-2.330,S2M
77,P1,48,-6.236,S2M
77,P1,49,-9.654,S2M
77,P1,50,-12.095,S2M
77,P1,51,-11.607,S2M
77,P1,52,-9.165,S2M
77,P1,53,-6.236,S2M
77,P1,54,-3.306,S2M
77,P1,55,-0.865,S2M
77,P1,56,1.088,S2M
77,P1,57,3.042,S2M
77,P1,58,5.483,S2M
77,P1,59,7.924,S2M
77,P1,60,9.878,S2M
77,P1,61,10.854,S2M
77,P1,62,10.366,S2M
77,P1,63,9.389,S2M
77,P1,64,6.948,S2M
77,P1,65,4.506,S2M
77,P1,66,2.553,S2M
77,P1,67,0.600,S2M
77,P1,68,-1.841,S2M
77,P1,69,-4.283,S2M
77,P1,70,-6.236,S2M
77,P1,71,-7.701,S2M
77,P1,72,-7.701,S2M
77,P1,73,-7.701,S2M
77,P1,74,-6.724,S2M
77,P1,75,-6.236,S2M
77,P1,76,-5.747,S2M
77,P1,77,-4.771,S2M
77,P1,78,-3.306,S2M
77,P1,79,-0.865,S2M
77,P1,80,1.577,S2M
77,P1,81,4.018,S2M
77,P1,82,5.971,S2M
77,P1,83,6.948,S2M
77,P1,84,6.948,S2M
77,P1,85,6.460,S2M
77,P1,86,4.995,S2M
77,P1,87,4.018,S2M
77,P1,88,1.577,S2M
77,P1,89,-0.865,S2M
77,P1,90,-4.283,S2M
77,P1,91,-8.189,S2M
77,P1,92,-11.607,S2M
77,P1,93,-14.537,S2M
77,P1,94,-16.490,S2M
77,P1,95,-17.466,S2M
77,P1,96,-18.443,S2M
77,P1,97,-19.908,S2M
77,P1,98,-20.884,S2M
77,P1,99,-21.861,S2M
77,P1,100,-20.884,S2M
77,P1,101,-18.443,S2M
77,P1,102,-15.025,S2M
77,P1,103,-11.119,S2M
77,P1,104,-7.701,S2M
77,P1,105,-5.259,S2M
77,P1,106,-3.794,S2M
77,P1,107,-3.794,S2M
77,P1,108,-4.283,S2M
77,P1,109,-5.259,S2M
77,P1,110,-5.259,S2M
77,P1,111,-4.283,S2M
77,P1,112,-1.841,S2M
77,P1,113,0.600,S2M
77,P1,114,2.065,S2M
77,P1,115,2.065,S2M
77,P1,116,0.112,S2M
77,P1,117,-1.841,S2M
77,P1,118,-3.794,S2M
77,P1,119,-5.259,S2M
77,P1,120,-5.259,S2M
77,P1,121,-5.259,S2M
77,P1,122,-4.771,S2M
77,P1,123,-4.771,S2M
77,P1,124,-5.259,S2M
77,P1,125,-5.747,S2M
77,P1,126,-6.236,S2M
77,P1,127,-6.236,S2M
77,P1,128,-5.747,S2M
77,P1,129,-3.794,S2M
77,P1,130,-0.376,S2M
77,P1,131,3.530,S2M
77,P1,132,6.948,S2M
77,P1,133,9.878,S2M
77,P1,134,11.342,S2M
77,P1,135,12.319,S2M
77,P1,136,12.319,S2M
77,P1,137,12.319,S2M
77,P1,138,12.319,S2M
77,P1,139,11.831,S2M
77,P1,140,11.342,S2M
77,P1,141,10.854,S2M
77,P1,142,9.878,S2M
77,P1,143,8.901,S2M
77,P1,144,6.948,S2M
77,P1,145,4.506,S2M
77,P1,146,1.088,S2M
77,P1,147,-3.306,S2M
77,P1,148,-7.701,S2M
77,P1,149,-12.095,S2M
77,P1,150,-15.025,S2M
77,P1,151,-15.025,S2M
77,P1,152,-13.560,S2M
77,P1,153,-9.654,S2M
77,P1,154,-6.236,S2M
77,P1,155,-3.306,S2M
77,P1,156,-1.841,S2M
77,P1,157,-1.353,S2M
77,P1,158,-0.376,S2M
77,P1,159,1.088,S2M
77,P1,160,3.042,S2M
77,P1,161,3.530,S2M
77,P1,162,2.553,S2M
77,P1,163,0.600,S2M
77,P1,164,-1.841,S2M
77,P1,165,-3.306,S2M
77,P1,166,-3.794,S2M
77,P1,167,-3.794,S2M
77,P1,168,-3.306,S2M
77,P1,169,-4.283,S2M
77,P1,170,-5.259,S2M
77,P1,171,-5.747,S2M
77,P1,172,-5.747,S2M
77,P1,173,-5.259,S2M
77,P1,174,-4.771,S2M
77,P1,175,-4.771,S2M
77,P1,176,-4.771,S2M
77,P1,177,-5.747,S2M
77,P1,178,-5.747,S2M
77,P1,179,-5.259,S2M
77,P1,180,-2.818,S2M
77,P1,181,0.600,S2M
77,P1,182,3.042,S2M
77,P1,183,4.018,S2M
77,P1,184,3.530,S2M
77,P1,185,1.577,S2M
77,P1,186,1.088,S2M
77,P1,187,1.577,S2M
77,P1,188,3.042,S2M
77,P1,189,4.018,S2M
77,P1,190,3.530,S2M
77,P1,191,1.088,S2M
77,P1,192,-1.841,S2M
77,P1,193,-4.283,S2M
77,P1,194,-4.283,S2M
77,P1,195,-3.306,S2M
77,P1,196,-0.865,S2M
77,P1,197,1.577,S2M
77,P1,198,3.530,S2M
77,P1,199,4.018,S2M
77,P1,200,3.042,S2M
77,P1,201,0.600,S2M
77,P1,202,-1.353,S2M
77,P1,203,-2.330,S2M
77,P1,204,-1.353,S2M
77,P1,205,1.088,S2M
77,P1,206,3.530,S2M
77,P1,207,4.995,S2M
77,P1,208,4.506,S2M
77,P1,209,3.042,S2M
77,P1,210,2.065,S2M
77,P1,211,2.065,S2M
77,P1,212,2.553,S2M
77,P1,213,3.042,S2M
77,P1,214,3.530,S2M
77,P1,215,4.506,S2M
77,P1,216,5.971,S2M
77,P1,217,7.436,S2M
77,P1,218,8.413,S2M
77,P1,219,6.948,S2M
77,P1,220,3.530,S2M
77,P1,221,-0.376,S2M
77,P1,222,-1.353,S2M
77,P1,223,1.088,S2M
77,P1,224,5.971,S2M
77,P1,225,10.854,S2M
77,P1,226,13.784,S2M
77,P1,227,14.760,S2M
77,P1,228,13.784,S2M
77,P1,229,12.319,S2M
77,P1,230,11.342,S2M
77,P1,231,11.342,S2M
77,P1,232,10.854,S2M
77,P1,233,10.854,S2M
77,P1,234,10.854,S2M
77,P1,235,11.342,S2M
77,P1,236,11.342,S2M
77,P1,237,11.342,S2M
77,P1,238,11.342,S2M
77,P1,239,12.319,S2M
77,P1,240,14.272,S2M
77,P1,241,16.225,S2M
77,P1,242,17.690,S2M
77,P1,243,17.202,S2M
77,P1,244,15.249,S2M
77,P1,245,13.784,S2M
77,P1,246,13.295,S2M
77,P1,247,14.272,S2M
77,P1,248,15.737,S2M
77,P1,249,16.713,S2M
77,P1,250,16.225,S2M
77,P1,251,14.760,S2M
77,P1,252,14.272,S2M
77,P1,253,14.760,S2M
77,P1,254,16.225,S2M
77,P1,255,17.690,S2M
77,CPZ,0,5.300,S2M
77,CPZ,1,4.812,S2M
77,CPZ,2,4.323,S2M
77,CPZ,3,4.812,S2M
77,CPZ,4,5.300,S2M
77,CPZ,5,4.812,S2M
77,CPZ,6,3.347,S2M
77,CPZ,7,1.394,S2M
77,CPZ,8,-0.559,S2M
77,CPZ,9,-2.513,S2M
77,CPZ,10,-3.977,S2M
77,CPZ,11,-4.954,S2M
77,CPZ,12,-4.954,S2M
77,CPZ,13,-4.954,S2M
77,CPZ,14,-3.977,S2M
77,CPZ,15,-2.513,S2M
77,CPZ,16,-1.048,S2M
77,CPZ,17,-0.071,S2M
77,CPZ,18,1.882,S2M
77,CPZ,19,3.347,S2M
77,CPZ,20,4.323,S2M
77,CPZ,21,4.812,S2M
77,CPZ,22,4.812,S2M
77,CPZ,23,4.323,S2M
77,CPZ,24,3.835,S2M
77,CPZ,25,3.835,S2M
77,CPZ,26,3.347,S2M
77,CPZ,27,2.858,S2M
77,CPZ,28,1.882,S2M
77,CPZ,29,0.905,S2M
77,CPZ,30,-0.071,S2M
77,CPZ,31,-0.559,S2M
77,CPZ,32,-1.048,S2M
77,CPZ,33,-1.536,S2M
77,CPZ,34,-2.513,S2M
77,CPZ,35,-3.001,S2M
77,CPZ,36,-3.489,S2M
77,CPZ,37,-3.977,S2M
77,CPZ,38,-3.977,S2M
77,CPZ,39,-3.977,S2M
77,CPZ,40,-3.977,S2M
77,CPZ,41,-3.489,S2M
77,CPZ,42,-3.977,S2M
77,CPZ,43,-3.977,S2M
77,CPZ,44,-3.977,S2M
77,CPZ,45,-3.977,S2M
77,CPZ,46,-3.001,S2M
77,CPZ,47,-2.024,S2M
77,CPZ,48,-0.559,S2M
77,CPZ,49,0.417,S2M
77,CPZ,50,1.882,S2M
77,CPZ,51,3.347,S2M
77,CPZ,52,4.323,S2M
77,CPZ,53,4.812,S2M
77,CPZ,54,4.323,S2M
77,CPZ,55,3.347,S2M
77,CPZ,56,1.394,S2M
77,CPZ,57,-0.071,S2M
77,CPZ,58,-1.536,S2M
77,CPZ,59,-3.001,S2M
77,CPZ,60,-3.489,S2M
77,CPZ,61,-3.489,S2M
77,CPZ,62,-3.489,S2M
77,CPZ,63,-2.513,S2M
77,CPZ,64,-1.536,S2M
77,CPZ,65,-1.048,S2M
77,CPZ,66,-0.559,S2M
77,CPZ,67,-0.559,S2M
77,CPZ,68,-0.559,S2M
77,CPZ,69,-0.559,S2M
77,CPZ,70,-0.071,S2M
77,CPZ,71,0.417,S2M
77,CPZ,72,0.905,S2M
77,CPZ,73,1.394,S2M
77,CPZ,74,1.882,S2M
77,CPZ,75,2.370,S2M
77,CPZ,76,2.370,S2M
77,CPZ,77,2.370,S2M
77,CPZ,78,2.370,S2M
77,CPZ,79,1.882,S2M
77,CPZ,80,1.394,S2M
77,CPZ,81,0.417,S2M
77,CPZ,82,-0.071,S2M
77,CPZ,83,-0.559,S2M
77,CPZ,84,-0.559,S2M
77,CPZ,85,-0.559,S2M
77,CPZ,86,-1.048,S2M
77,CPZ,87,-1.536,S2M
77,CPZ,88,-2.024,S2M
77,CPZ,89,-2.024,S2M
77,CPZ,90,-1.536,S2M
77,CPZ,91,-0.559,S2M
77,CPZ,92,0.417,S2M
77,CPZ,93,1.882,S2M
77,CPZ,94,2.858,S2M
77,CPZ,95,3.835,S2M
77,CPZ,96,4.323,S2M
77,CPZ,97,4.323,S2M
77,CPZ,98,4.323,S2M
77,CPZ,99,4.323,S2M
77,CPZ,100,3.835,S2M
77,CPZ,101,3.835,S2M
77,CPZ,102,3.347,S2M
77,CPZ,103,2.858,S2M
77,CPZ,104,2.370,S2M
77,CPZ,105,1.394,S2M
77,CPZ,106,0.905,S2M
77,CPZ,107,0.417,S2M
77,CPZ,108,0.905,S2M
77,CPZ,109,0.905,S2M
77,CPZ,110,1.394,S2M
77,CPZ,111,0.905,S2M
77,CPZ,112,0.417,S2M
77,CPZ,113,-0.071,S2M
77,CPZ,114,-0.071,S2M
77,CPZ,115,0.417,S2M
77,CPZ,116,0.905,S2M
77,CPZ,117,1.882,S2M
77,CPZ,118,2.370,S2M
77,CPZ,119,2.370,S2M
77,CPZ,120,2.858,S2M
77,CPZ,121,3.347,S2M
77,CPZ,122,3.835,S2M
77,CPZ,123,4.323,S2M
77,CPZ,124,5.300,S2M
77,CPZ,125,5.300,S2M
77,CPZ,126,5.300,S2M
77,CPZ,127,4.812,S2M
77,CPZ,128,4.323,S2M
77,CPZ,129,3.347,S2M
77,CPZ,130,2.370,S2M
77,CPZ,131,0.905,S2M
77,CPZ,132,-0.071,S2M
77,CPZ,133,-1.048,S2M
77,CPZ,134,-1.048,S2M
77,CPZ,135,-1.048,S2M
77,CPZ,136,-1.048,S2M
77,CPZ,137,-1.048,S2M
77,CPZ,138,-0.559,S2M
77,CPZ,139,-0.559,S2M
77,CPZ,140,-0.071,S2M
77,CPZ,141,0.417,S2M
77,CPZ,142,0.905,S2M
77,CPZ,143,0.905,S2M
77,CPZ,144,1.394,S2M
77,CPZ,145,1.882,S2M
77,CPZ,146,2.370,S2M
77,CPZ,147,3.347,S2M
77,CPZ,148,3.835,S2M
77,CPZ,149,3.835,S2M
77,CPZ,150,3.347,S2M
77,CPZ,151,2.370,S2M
77,CPZ,152,2.370,S2M
77,CPZ,153,1.394,S2M
77,CPZ,154,0.905,S2M
77,CPZ,155,0.417,S2M
77,CPZ,156,-0.559,S2M
77,CPZ,157,-1.048,S2M
77,CPZ,158,-1.048,S2M
77,CPZ,159,-1.048,S2M
77,CPZ,160,-0.559,S2M
77,CPZ,161,-0.559,S2M
77,CPZ,162,-0.559,S2M
77,CPZ,163,-1.048,S2M
77,CPZ,164,-0.559,S2M
77,CPZ,165,-0.071,S2M
77,CPZ,166,0.905,S2M
77,CPZ,167,1.394,S2M
77,CPZ,168,2.370,S2M
77,CPZ,169,3.347,S2M
77,CPZ,170,3.835,S2M
77,CPZ,171,3.835,S2M
77,CPZ,172,4.323,S2M
77,CPZ,173,4.323,S2M
77,CPZ,174,4.812,S2M
77,CPZ,175,4.323,S2M
77,CPZ,176,4.323,S2M
77,CPZ,177,4.323,S2M
77,CPZ,178,3.347,S2M
77,CPZ,179,2.370,S2M
77,CPZ,180,1.394,S2M
77,CPZ,181,0.417,S2M
77,CPZ,182,-0.559,S2M
77,CPZ,183,-1.048,S2M
77,CPZ,184,-1.048,S2M
77,CPZ,185,-1.048,S2M
77,CPZ,186,-1.048,S2M
77,CPZ,187,-1.048,S2M
77,CPZ,188,-1.048,S2M
77,CPZ,189,-1.048,S2M
77,CPZ,190,-0.559,S2M
77,CPZ,191,-0.071,S2M
77,CPZ,192,-0.071,S2M
77,CPZ,193,-0.559,S2M
77,CPZ,194,-1.048,S2M
77,CPZ,195,-1.536,S2M
77,CPZ,196,-1.536,S2M
77,CPZ,197,-1.048,S2M
77,CPZ,198,0.417,S2M
77,CPZ,199,1.394,S2M
77,CPZ,200,1.882,S2M
77,CPZ,201,1.394,S2M
77,CPZ,202,0.905,S2M
77,CPZ,203,1.394,S2M
77,CPZ,204,1.882,S2M
77,CPZ,205,2.370,S2M
77,CPZ,206,2.858,S2M
77,CPZ,207,2.370,S2M
77,CPZ,208,1.882,S2M
77,CPZ,209,0.417,S2M
77,CPZ,210,-0.559,S2M
77,CPZ,211,-1.048,S2M
77,CPZ,212,-1.048,S2M
77,CPZ,213,-0.559,S2M
77,CPZ,214,-0.071,S2M
77,CPZ,215,-0.071,S2M
77,CPZ,216,0.417,S2M
77,CPZ,217,0.417,S2M
77,CPZ,218,0.417,S2M
77,CPZ,219,0.417,S2M
77,CPZ,220,0.905,S2M
77,CPZ,221,0.905,S2M
77,CPZ,222,0.905,S2M
77,CPZ,223,1.394,S2M
77,CPZ,224,0.905,S2M
77,CPZ,225,0.417,S2M
77,CPZ,226,-0.071,S2M
77,CPZ,227,-0.071,S2M
77,CPZ,228,-0.071,S2M
77,CPZ,229,-0.559,S2M
77,CPZ,230,-0.559,S2M
77,CPZ,231,-1.048,S2M
77,CPZ,232,-2.024,S2M
77,CPZ,233,-2.513,S2M
77,CPZ,234,-2.513,S2M
77,CPZ,235,-1.536,S2M
77,CPZ,236,-1.048,S2M
77,CPZ,237,-0.559,S2M
77,CPZ,238,-1.048,S2M
77,CPZ,239,-1.536,S2M
77,CPZ,240,-3.001,S2M
77,CPZ,241,-3.489,S2M
77,CPZ,242,-3.977,S2M
77,CPZ,243,-3.489,S2M
77,CPZ,244,-3.001,S2M
77,CPZ,245,-3.001,S2M
77,CPZ,246,-3.489,S2M
77,CPZ,247,-3.977,S2M
77,CPZ,248,-3.977,S2M
77,CPZ,249,-3.489,S2M
77,CPZ,250,-2.513,S2M
77,CPZ,251,-2.024,S2M
77,CPZ,252,-2.513,S2M
77,CPZ,253,-3.489,S2M
77,CPZ,254,-4.466,S2M
77,CPZ,255,-4.466,S2M
77,nd,0,-9.023,S2M
77,nd,1,-5.605,S2M
77,nd,2,-1.211,S2M
77,nd,3,3.184,S2M
77,nd,4,7.090,S2M
77,nd,5,10.997,S2M
77,nd,6,14.414,S2M
77,nd,7,17.832,S2M
77,nd,8,20.274,S2M
77,nd,9,21.250,S2M
77,nd,10,21.250,S2M
77,nd,11,20.762,S2M
77,nd,12,20.762,S2M
77,nd,13,20.762,S2M
77,nd,14,19.786,S2M
77,nd,15,16.368,S2M
77,nd,16,11.485,S2M
77,nd,17,5.625,S2M
77,nd,18,1.719,S2M
77,nd,19,0.743,S2M
77,nd,20,0.743,S2M
77,nd,21,0.743,S2M
77,nd,22,-0.722,S2M
77,nd,23,-3.652,S2M
77,nd,24,-7.070,S2M
77,nd,25,-9.511,S2M
77,nd,26,-10.000,S2M
77,nd,27,-9.511,S2M
77,nd,28,-8.046,S2M
77,nd,29,-7.558,S2M
77,nd,30,-6.093,S2M
77,nd,31,-4.140,S2M
77,nd,32,-2.675,S2M
77,nd,33,-2.187,S2M
77,nd,34,-3.652,S2M
77,nd,35,-6.582,S2M
77,nd,36,-9.023,S2M
77,nd,37,-9.023,S2M
77,nd,38,-6.582,S2M
77,nd,39,-2.675,S2M
77,nd,40,0.254,S2M
77,nd,41,0.254,S2M
77,nd,42,-1.211,S2M
77,nd,43,-3.652,S2M
77,nd,44,-5.117,S2M
77,nd,45,-5.605,S2M
77,nd,46,-6.093,S2M
77,nd,47,-7.558,S2M
77,nd,48,-10.000,S2M
77,nd,49,-12.441,S2M
77,nd,50,-13.906,S2M
77,nd,51,-12.929,S2M
77,nd,52,-10.976,S2M
77,nd,53,-8.535,S2M
77,nd,54,-6.582,S2M
77,nd,55,-6.093,S2M
77,nd,56,-4.628,S2M
77,nd,57,-3.164,S2M
77,nd,58,-0.722,S2M
77,nd,59,1.231,S2M
77,nd,60,2.696,S2M
77,nd,61,3.184,S2M
77,nd,62,2.696,S2M
77,nd,63,2.207,S2M
77,nd,64,0.743,S2M
77,nd,65,-0.234,S2M
77,nd,66,-1.699,S2M
77,nd,67,-3.652,S2M
77,nd,68,-6.582,S2M
77,nd,69,-10.000,S2M
77,nd,70,-12.929,S2M
77,nd,71,-14.882,S2M
77,nd,72,-15.371,S2M
77,nd,73,-15.371,S2M
77,nd,74,-14.882,S2M
77,nd,75,-15.371,S2M
77,nd,76,-15.859,S2M
77,nd,77,-15.371,S2M
77,nd,78,-13.906,S2M
77,nd,79,-10.976,S2M
77,nd,80,-8.046,S2M
77,nd,81,-6.093,S2M
77,nd,82,-4.628,S2M
77,nd,83,-3.652,S2M
77,nd,84,-4.140,S2M
77,nd,85,-4.628,S2M
77,nd,86,-5.117,S2M
77,nd,87,-5.117,S2M
77,nd,88,-6.093,S2M
77,nd,89,-8.046,S2M
77,nd,90,-10.488,S2M
77,nd,91,-12.929,S2M
77,nd,92,-15.859,S2M
77,nd,93,-17.812,S2M
77,nd,94,-19.765,S2M
77,nd,95,-22.207,S2M
77,nd,96,-25.136,S2M
77,nd,97,-28.554,S2M
77,nd,98,-31.484,S2M
77,nd,99,-32.461,S2M
77,nd,100,-31.484,S2M
77,nd,101,-28.554,S2M
77,nd,102,-25.136,S2M
77,nd,103,-22.695,S2M
77,nd,104,-21.718,S2M
77,nd,105,-21.230,S2M
77,nd,106,-21.230,S2M
77,nd,107,-20.253,S2M
77,nd,108,-17.812,S2M
77,nd,109,-15.859,S2M
77,nd,110,-13.418,S2M
77,nd,111,-12.441,S2M
77,nd,112,-12.441,S2M
77,nd,113,-11.953,S2M
77,nd,114,-11.953,S2M
77,nd,115,-10.976,S2M
77,nd,116,-10.488,S2M
77,nd,117,-10.488,S2M
77,nd,118,-10.488,S2M
77,nd,119,-11.464,S2M
77,nd,120,-12.441,S2M
77,nd,121,-13.418,S2M
77,nd,122,-13.418,S2M
77,nd,123,-13.418,S2M
77,nd,124,-13.418,S2M
77,nd,125,-13.906,S2M
77,nd,126,-14.394,S2M
77,nd,127,-14.882,S2M
77,nd,128,-14.394,S2M
77,nd,129,-13.418,S2M
77,nd,130,-10.976,S2M
77,nd,131,-8.046,S2M
77,nd,132,-5.117,S2M
77,nd,133,-2.675,S2M
77,nd,134,-1.211,S2M
77,nd,135,-0.234,S2M
77,nd,136,0.743,S2M
77,nd,137,1.719,S2M
77,nd,138,2.696,S2M
77,nd,139,3.184,S2M
77,nd,140,2.696,S2M
77,nd,141,2.207,S2M
77,nd,142,0.254,S2M
77,nd,143,-1.699,S2M
77,nd,144,-3.652,S2M
77,nd,145,-6.582,S2M
77,nd,146,-9.511,S2M
77,nd,147,-11.953,S2M
77,nd,148,-15.371,S2M
77,nd,149,-18.300,S2M
77,nd,150,-21.230,S2M
77,nd,151,-22.695,S2M
77,nd,152,-22.695,S2M
77,nd,153,-22.207,S2M
77,nd,154,-21.230,S2M
77,nd,155,-19.765,S2M
77,nd,156,-18.300,S2M
77,nd,157,-16.836,S2M
77,nd,158,-14.394,S2M
77,nd,159,-12.441,S2M
77,nd,160,-10.488,S2M
77,nd,161,-10.488,S2M
77,nd,162,-11.953,S2M
77,nd,163,-14.394,S2M
77,nd,164,-16.347,S2M
77,nd,165,-17.324,S2M
77,nd,166,-16.836,S2M
77,nd,167,-16.347,S2M
77,nd,168,-15.859,S2M
77,nd,169,-15.859,S2M
77,nd,170,-15.859,S2M
77,nd,171,-16.347,S2M
77,nd,172,-15.859,S2M
77,nd,173,-15.371,S2M
77,nd,174,-14.882,S2M
77,nd,175,-14.882,S2M
77,nd,176,-15.371,S2M
77,nd,177,-15.859,S2M
77,nd,178,-16.347,S2M
77,nd,179,-15.371,S2M
77,nd,180,-14.394,S2M
77,nd,181,-12.441,S2M
77,nd,182,-11.464,S2M
77,nd,183,-11.464,S2M
77,nd,184,-11.953,S2M
77,nd,185,-11.953,S2M
77,nd,186,-11.953,S2M
77,nd,187,-11.464,S2M
77,nd,188,-10.976,S2M
77,nd,189,-11.953,S2M
77,nd,190,-14.394,S2M
77,nd,191,-17.812,S2M
77,nd,192,-20.742,S2M
77,nd,193,-22.695,S2M
77,nd,194,-22.695,S2M
77,nd,195,-21.718,S2M
77,nd,196,-19.277,S2M
77,nd,197,-17.324,S2M
77,nd,198,-14.882,S2M
77,nd,199,-13.906,S2M
77,nd,200,-12.929,S2M
77,nd,201,-13.418,S2M
77,nd,202,-13.906,S2M
77,nd,203,-13.906,S2M
77,nd,204,-12.929,S2M
77,nd,205,-10.976,S2M
77,nd,206,-9.511,S2M
77,nd,207,-9.511,S2M
77,nd,208,-10.976,S2M
77,nd,209,-12.441,S2M
77,nd,210,-14.394,S2M
77,nd,211,-15.859,S2M
77,nd,212,-16.836,S2M
77,nd,213,-18.300,S2M
77,nd,214,-18.300,S2M
77,nd,215,-17.812,S2M
77,nd,216,-15.371,S2M
77,nd,217,-12.929,S2M
77,nd,218,-11.464,S2M
77,nd,219,-12.929,S2M
77,nd,220,-16.836,S2M
77,nd,221,-21.230,S2M
77,nd,222,-22.695,S2M
77,nd,223,-20.742,S2M
77,nd,224,-14.882,S2M
77,nd,225,-9.023,S2M
77,nd,226,-5.117,S2M
77,nd,227,-4.628,S2M
77,nd,228,-6.093,S2M
77,nd,229,-8.046,S2M
77,nd,230,-10.000,S2M
77,nd,231,-10.976,S2M
77,nd,232,-12.441,S2M
77,nd,233,-12.929,S2M
77,nd,234,-12.441,S2M
77,nd,235,-10.488,S2M
77,nd,236,-8.046,S2M
77,nd,237,-5.605,S2M
77,nd,238,-5.117,S2M
77,nd,239,-5.605,S2M
77,nd,240,-6.582,S2M
77,nd,241,-6.093,S2M
77,nd,242,-5.117,S2M
77,nd,243,-3.652,S2M
77,nd,244,-3.652,S2M
77,nd,245,-5.117,S2M
77,nd,246,-6.582,S2M
77,nd,247,-7.070,S2M
77,nd,248,-5.117,S2M
77,nd,249,-3.164,S2M
77,nd,250,-1.699,S2M
77,nd,251,-1.211,S2M
77,nd,252,-1.699,S2M
77,nd,253,-1.211,S2M
77,nd,254,-0.234,S2M
77,nd,255,2.207,S2M
77,Y,0,-8.545,S2M
77,Y,1,-5.615,S2M
77,Y,2,-1.221,S2M
77,Y,3,3.174,S2M
77,Y,4,7.080,S2M
77,Y,5,10.498,S2M
77,Y,6,14.404,S2M
77,Y,7,17.822,S2M
77,Y,8,20.264,S2M
77,Y,9,21.240,S2M
77,Y,10,20.752,S2M
77,Y,11,20.752,S2M
77,Y,12,20.752,S2M
77,Y,13,20.752,S2M
77,Y,14,19.775,S2M
77,Y,15,16.846,S2M
77,Y,16,11.475,S2M
77,Y,17,5.615,S2M
77,Y,18,1.709,S2M
77,Y,19,0.244,S2M
77,Y,20,0.732,S2M
77,Y,21,0.732,S2M
77,Y,22,-0.732,S2M
77,Y,23,-3.662,S2M
77,Y,24,-7.080,S2M
77,Y,25,-9.033,S2M
77,Y,26,-9.521,S2M
77,Y,27,-9.521,S2M
77,Y,28,-8.545,S2M
77,Y,29,-7.568,S2M
77,Y,30,-6.104,S2M
77,Y,31,-4.150,S2M
77,Y,32,-2.686,S2M
77,Y,33,-2.197,S2M
77,Y,34,-3.662,S2M
77,Y,35,-7.080,S2M
77,Y,36,-9.521,S2M
77,Y,37,-9.521,S2M
77,Y,38,-6.592,S2M
77,Y,39,-2.686,S2M
77,Y,40,0.244,S2M
77,Y,41,0.244,S2M
77,Y,42,-1.221,S2M
77,Y,43,-3.662,S2M
77,Y,44,-5.127,S2M
77,Y,45,-5.615,S2M
77,Y,46,-6.104,S2M
77,Y,47,-7.568,S2M
77,Y,48,-10.010,S2M
77,Y,49,-12.451,S2M
77,Y,50,-13.428,S2M
77,Y,51,-12.939,S2M
77,Y,52,-10.498,S2M
77,Y,53,-8.545,S2M
77,Y,54,-7.080,S2M
77,Y,55,-6.104,S2M
77,Y,56,-5.127,S2M
77,Y,57,-3.174,S2M
77,Y,58,-0.732,S2M
77,Y,59,1.221,S2M
77,Y,60,2.686,S2M
77,Y,61,3.174,S2M
77,Y,62,2.686,S2M
77,Y,63,2.197,S2M
77,Y,64,1.221,S2M
77,Y,65,-0.244,S2M
77,Y,66,-1.709,S2M
77,Y,67,-3.662,S2M
77,Y,68,-7.080,S2M
77,Y,69,-10.498,S2M
77,Y,70,-13.428,S2M
77,Y,71,-14.893,S2M
77,Y,72,-15.381,S2M
77,Y,73,-15.381,S2M
77,Y,74,-15.381,S2M
77,Y,75,-15.381,S2M
77,Y,76,-15.381,S2M
77,Y,77,-15.381,S2M
77,Y,78,-13.428,S2M
77,Y,79,-10.986,S2M
77,Y,80,-8.057,S2M
77,Y,81,-5.615,S2M
77,Y,82,-4.150,S2M
77,Y,83,-3.662,S2M
77,Y,84,-4.150,S2M
77,Y,85,-4.150,S2M
77,Y,86,-4.639,S2M
77,Y,87,-5.127,S2M
77,Y,88,-6.104,S2M
77,Y,89,-7.568,S2M
77,Y,90,-10.010,S2M
77,Y,91,-12.939,S2M
77,Y,92,-15.381,S2M
77,Y,93,-17.822,S2M
77,Y,94,-19.775,S2M
77,Y,95,-22.217,S2M
77,Y,96,-25.146,S2M
77,Y,97,-28.564,S2M
77,Y,98,-31.006,S2M
77,Y,99,-32.471,S2M
77,Y,100,-31.494,S2M
77,Y,101,-28.564,S2M
77,Y,102,-25.146,S2M
77,Y,103,-22.705,S2M
77,Y,104,-21.729,S2M
77,Y,105,-21.729,S2M
77,Y,106,-21.240,S2M
77,Y,107,-20.264,S2M
77,Y,108,-18.311,S2M
77,Y,109,-15.869,S2M
77,Y,110,-13.428,S2M
77,Y,111,-12.451,S2M
77,Y,112,-11.963,S2M
77,Y,113,-11.963,S2M
77,Y,114,-11.963,S2M
77,Y,115,-11.475,S2M
77,Y,116,-10.986,S2M
77,Y,117,-10.498,S2M
77,Y,118,-10.498,S2M
77,Y,119,-11.475,S2M
77,Y,120,-12.451,S2M
77,Y,121,-13.428,S2M
77,Y,122,-13.428,S2M
77,Y,123,-13.428,S2M
77,Y,124,-13.428,S2M
77,Y,125,-13.428,S2M
77,Y,126,-14.404,S2M
77,Y,127,-14.893,S2M
77,Y,128,-14.404,S2M
77,Y,129,-13.428,S2M
77,Y,130,-10.986,S2M
77,Y,131,-8.057,S2M
77,Y,132,-5.127,S2M
77,Y,133,-2.686,S2M
77,Y,134,-1.221,S2M
77,Y,135,-0.244,S2M
77,Y,136,0.732,S2M
77,Y,137,1.709,S2M
77,Y,138,2.686,S2M
77,Y,139,3.174,S2M
77,Y,140,2.686,S2M
77,Y,141,1.709,S2M
77,Y,142,0.244,S2M
77,Y,143,-1.709,S2M
77,Y,144,-4.150,S2M
77,Y,145,-6.592,S2M
77,Y,146,-9.033,S2M
77,Y,147,-11.963,S2M
77,Y,148,-15.381,S2M
77,Y,149,-18.799,S2M
77,Y,150,-21.240,S2M
77,Y,151,-22.705,S2M
77,Y,152,-22.705,S2M
77,Y,153,-22.217,S2M
77,Y,154,-20.752,S2M
77,Y,155,-19.287,S2M
77,Y,156,-18.311,S2M
77,Y,157,-16.846,S2M
77,Y,158,-14.404,S2M
77,Y,159,-12.451,S2M
77,Y,160,-10.498,S2M
77,Y,161,-10.498,S2M
77,Y,162,-11.475,S2M
77,Y,163,-13.916,S2M
77,Y,164,-16.357,S2M
77,Y,165,-17.334,S2M
77,Y,166,-17.334,S2M
77,Y,167,-16.846,S2M
77,Y,168,-15.869,S2M
77,Y,169,-15.381,S2M
77,Y,170,-15.869,S2M
77,Y,171,-15.869,S2M
77,Y,172,-15.869,S2M
77,Y,173,-15.381,S2M
77,Y,174,-14.893,S2M
77,Y,175,-14.893,S2M
77,Y,176,-14.893,S2M
77,Y,177,-15.869,S2M
77,Y,178,-15.869,S2M
77,Y,179,-15.381,S2M
77,Y,180,-13.916,S2M
77,Y,181,-12.451,S2M
77,Y,182,-11.475,S2M
77,Y,183,-11.475,S2M
77,Y,184,-11.963,S2M
77,Y,185,-12.451,S2M
77,Y,186,-11.963,S2M
77,Y,187,-11.475,S2M
77,Y,188,-10.986,S2M
77,Y,189,-11.963,S2M
77,Y,190,-14.404,S2M
77,Y,191,-17.822,S2M
77,Y,192,-20.752,S2M
77,Y,193,-22.705,S2M
77,Y,194,-23.193,S2M
77,Y,195,-21.729,S2M
77,Y,196,-19.775,S2M
77,Y,197,-17.334,S2M
77,Y,198,-15.381,S2M
77,Y,199,-13.916,S2M
77,Y,200,-13.428,S2M
77,Y,201,-13.428,S2M
77,Y,202,-13.916,S2M
77,Y,203,-13.916,S2M
77,Y,204,-12.451,S2M
77,Y,205,-10.986,S2M
77,Y,206,-9.521,S2M
77,Y,207,-9.033,S2M
77,Y,208,-10.498,S2M
77,Y,209,-12.451,S2M
77,Y,210,-14.404,S2M
77,Y,211,-15.381,S2M
77,Y,212,-16.846,S2M
77,Y,213,-17.822,S2M
77,Y,214,-18.311,S2M
77,Y,215,-17.822,S2M
77,Y,216,-15.381,S2M
77,Y,217,-12.939,S2M
77,Y,218,-11.475,S2M
77,Y,219,-12.939,S2M
77,Y,220,-16.846,S2M
77,Y,221,-21.240,S2M
77,Y,222,-23.193,S2M
77,Y,223,-20.752,S2M
77,Y,224,-15.381,S2M
77,Y,225,-9.033,S2M
77,Y,226,-5.127,S2M
77,Y,227,-4.639,S2M
77,Y,228,-6.104,S2M
77,Y,229,-8.057,S2M
77,Y,230,-10.010,S2M
77,Y,231,-11.475,S2M
77,Y,232,-12.451,S2M
77,Y,233,-12.939,S2M
77,Y,234,-12.451,S2M
77,Y,235,-10.498,S2M
77,Y,236,-8.057,S2M
77,Y,237,-5.615,S2M
77,Y,238,-5.127,S2M
77,Y,239,-5.615,S2M
77,Y,240,-6.592,S2M
77,Y,241,-6.104,S2M
77,Y,242,-5.127,S2M
77,Y,243,-3.662,S2M
77,Y,244,-3.662,S2M
77,Y,245,-4.639,S2M
77,Y,246,-5.615,S2M
77,Y,247,-6.592,S2M
77,Y,248,-4.639,S2M
77,Y,249,-2.686,S2M
77,Y,250,-1.709,S2M
77,Y,251,-1.221,S2M
77,Y,252,-1.709,S2M
77,Y,253,-1.221,S2M
77,Y,254,0.244,S2M
77,Y,255,2.197,S2M
