Trial no,Sensor position,Sample No,Sensor val,Matching condition
9,FP1,0,-7.253,S2M
9,FP1,1,-6.765,S2M
9,FP1,2,-5.788,S2M
9,FP1,3,-4.812,S2M
9,FP1,4,-4.323,S2M
9,FP1,5,-3.835,S2M
9,FP1,6,-3.347,S2M
9,FP1,7,-2.370,S2M
9,FP1,8,-1.882,S2M
9,FP1,9,-1.394,S2M
9,FP1,10,-0.905,S2M
9,FP1,11,-0.417,S2M
9,FP1,12,1.048,S2M
9,FP1,13,2.024,S2M
9,FP1,14,3.001,S2M
9,FP1,15,3.977,S2M
9,FP1,16,3.489,S2M
9,FP1,17,3.001,S2M
9,FP1,18,2.024,S2M
9,FP1,19,0.559,S2M
9,FP1,20,-1.394,S2M
9,FP1,21,-2.858,S2M
9,FP1,22,-3.347,S2M
9,FP1,23,-3.835,S2M
9,FP1,24,-4.323,S2M
9,FP1,25,-5.300,S2M
9,FP1,26,-7.253,S2M
9,FP1,27,-8.230,S2M
9,FP1,28,-8.718,S2M
9,FP1,29,-8.230,S2M
9,FP1,30,-7.253,S2M
9,FP1,31,-7.253,S2M
9,FP1,32,-7.741,S2M
9,FP1,33,-8.230,S2M
9,FP1,34,-8.230,S2M
9,FP1,35,-6.765,S2M
9,FP1,36,-5.788,S2M
9,FP1,37,-4.812,S2M
9,FP1,38,-4.812,S2M
9,FP1,39,-5.300,S2M
9,FP1,40,-5.300,S2M
9,FP1,41,-3.835,S2M
9,FP1,42,-1.882,S2M
9,FP1,43,0.071,S2M
9,FP1,44,1.048,S2M
9,FP1,45,1.536,S2M
9,FP1,46,1.536,S2M
9,FP1,47,1.536,S2M
9,FP1,48,2.513,S2M
9,FP1,49,3.001,S2M
9,FP1,50,3.977,S2M
9,FP1,51,4.954,S2M
9,FP1,52,5.442,S2M
9,FP1,53,4.954,S2M
9,FP1,54,4.466,S2M
9,FP1,55,3.489,S2M
9,FP1,56,2.513,S2M
9,FP1,57,1.536,S2M
9,FP1,58,1.048,S2M
9,FP1,59,1.048,S2M
9,FP1,60,0.559,S2M
9,FP1,61,0.071,S2M
9,FP1,62,-1.394,S2M
9,FP1,63,-2.858,S2M
9,FP1,64,-3.835,S2M
9,FP1,65,-4.323,S2M
9,FP1,66,-4.323,S2M
9,FP1,67,-3.835,S2M
9,FP1,68,-3.347,S2M
9,FP1,69,-3.347,S2M
9,FP1,70,-2.370,S2M
9,FP1,71,-1.394,S2M
9,FP1,72,1.048,S2M
9,FP1,73,2.513,S2M
9,FP1,74,3.489,S2M
9,FP1,75,3.001,S2M
9,FP1,76,1.536,S2M
9,FP1,77,0.559,S2M
9,FP1,78,0.071,S2M
9,FP1,79,0.559,S2M
9,FP1,80,1.536,S2M
9,FP1,81,3.001,S2M
9,FP1,82,3.489,S2M
9,FP1,83,3.001,S2M
9,FP1,84,2.513,S2M
9,FP1,85,1.536,S2M
9,FP1,86,0.071,S2M
9,FP1,87,-0.905,S2M
9,FP1,88,-1.882,S2M
9,FP1,89,-1.882,S2M
9,FP1,90,-1.882,S2M
9,FP1,91,-1.394,S2M
9,FP1,92,-0.905,S2M
9,FP1,93,-0.905,S2M
9,FP1,94,-0.417,S2M
9,FP1,95,0.071,S2M
9,FP1,96,0.559,S2M
9,FP1,97,0.559,S2M
9,FP1,98,0.071,S2M
9,FP1,99,-0.905,S2M
9,FP1,100,-2.370,S2M
9,FP1,101,-3.347,S2M
9,FP1,102,-3.347,S2M
9,FP1,103,-2.370,S2M
9,FP1,104,-1.394,S2M
9,FP1,105,-0.417,S2M
9,FP1,106,0.071,S2M
9,FP1,107,-0.417,S2M
9,FP1,108,-1.394,S2M
9,FP1,109,-2.370,S2M
9,FP1,110,-2.858,S2M
9,FP1,111,-1.882,S2M
9,FP1,112,0.071,S2M
9,FP1,113,2.024,S2M
9,FP1,114,3.489,S2M
9,FP1,115,3.977,S2M
9,FP1,116,3.489,S2M
9,FP1,117,2.513,S2M
9,FP1,118,1.536,S2M
9,FP1,119,1.048,S2M
9,FP1,120,1.048,S2M
9,FP1,121,1.048,S2M
9,FP1,122,0.559,S2M
9,FP1,123,0.559,S2M
9,FP1,124,0.559,S2M
9,FP1,125,1.536,S2M
9,FP1,126,2.513,S2M
9,FP1,127,3.001,S2M
9,FP1,128,2.513,S2M
9,FP1,129,2.024,S2M
9,FP1,130,1.048,S2M
9,FP1,131,1.536,S2M
9,FP1,132,2.024,S2M
9,FP1,133,3.001,S2M
9,FP1,134,3.977,S2M
9,FP1,135,3.977,S2M
9,FP1,136,3.977,S2M
9,FP1,137,3.489,S2M
9,FP1,138,3.001,S2M
9,FP1,139,2.513,S2M
9,FP1,140,2.024,S2M
9,FP1,141,2.513,S2M
9,FP1,142,3.001,S2M
9,FP1,143,3.977,S2M
9,FP1,144,5.442,S2M
9,FP1,145,5.931,S2M
9,FP1,146,5.442,S2M
9,FP1,147,5.442,S2M
9,FP1,148,5.442,S2M
9,FP1,149,5.931,S2M
9,FP1,150,6.419,S2M
9,FP1,151,5.931,S2M
9,FP1,152,5.931,S2M
9,FP1,153,5.931,S2M
9,FP1,154,6.907,S2M
9,FP1,155,9.349,S2M
9,FP1,156,11.302,S2M
9,FP1,157,11.790,S2M
9,FP1,158,10.813,S2M
9,FP1,159,8.860,S2M
9,FP1,160,7.395,S2M
9,FP1,161,6.907,S2M
9,FP1,162,8.372,S2M
9,FP1,163,9.837,S2M
9,FP1,164,10.325,S2M
9,FP1,165,9.837,S2M
9,FP1,166,8.372,S2M
9,FP1,167,7.395,S2M
9,FP1,168,6.907,S2M
9,FP1,169,6.907,S2M
9,FP1,170,5.931,S2M
9,FP1,171,4.466,S2M
9,FP1,172,2.024,S2M
9,FP1,173,0.071,S2M
9,FP1,174,-0.417,S2M
9,FP1,175,0.071,S2M
9,FP1,176,0.559,S2M
9,FP1,177,1.048,S2M
9,FP1,178,1.048,S2M
9,FP1,179,1.048,S2M
9,FP1,180,1.536,S2M
9,FP1,181,1.536,S2M
9,FP1,182,2.513,S2M
9,FP1,183,3.489,S2M
9,FP1,184,4.466,S2M
9,FP1,185,4.954,S2M
9,FP1,186,5.442,S2M
9,FP1,187,5.442,S2M
9,FP1,188,5.442,S2M
9,FP1,189,4.466,S2M
9,FP1,190,4.954,S2M
9,FP1,191,4.954,S2M
9,FP1,192,5.931,S2M
9,FP1,193,5.931,S2M
9,FP1,194,6.419,S2M
9,FP1,195,6.419,S2M
9,FP1,196,5.442,S2M
9,FP1,197,3.977,S2M
9,FP1,198,3.001,S2M
9,FP1,199,3.001,S2M
9,FP1,200,3.001,S2M
9,FP1,201,3.977,S2M
9,FP1,202,5.442,S2M
9,FP1,203,6.907,S2M
9,FP1,204,6.907,S2M
9,FP1,205,6.419,S2M
9,FP1,206,5.442,S2M
9,FP1,207,3.489,S2M
9,FP1,208,2.024,S2M
9,FP1,209,1.048,S2M
9,FP1,210,1.048,S2M
9,FP1,211,1.048,S2M
9,FP1,212,2.024,S2M
9,FP1,213,3.001,S2M
9,FP1,214,3.001,S2M
9,FP1,215,2.024,S2M
9,FP1,216,-0.417,S2M
9,FP1,217,-3.347,S2M
9,FP1,218,-6.276,S2M
9,FP1,219,-7.253,S2M
9,FP1,220,-7.253,S2M
9,FP1,221,-6.276,S2M
9,FP1,222,-4.812,S2M
9,FP1,223,-3.347,S2M
9,FP1,224,-1.882,S2M
9,FP1,225,-0.417,S2M
9,FP1,226,0.559,S2M
9,FP1,227,1.048,S2M
9,FP1,228,1.048,S2M
9,FP1,229,0.071,S2M
9,FP1,230,-0.905,S2M
9,FP1,231,-1.882,S2M
9,FP1,232,-2.858,S2M
9,FP1,233,-2.370,S2M
9,FP1,234,-1.394,S2M
9,FP1,235,-0.417,S2M
9,FP1,236,0.071,S2M
9,FP1,237,0.071,S2M
9,FP1,238,-0.417,S2M
9,FP1,239,-0.417,S2M
9,FP1,240,0.071,S2M
9,FP1,241,1.048,S2M
9,FP1,242,2.024,S2M
9,FP1,243,3.001,S2M
9,FP1,244,3.001,S2M
9,FP1,245,2.024,S2M
9,FP1,246,0.559,S2M
9,FP1,247,-0.905,S2M
9,FP1,248,-2.370,S2M
9,FP1,249,-3.347,S2M
9,FP1,250,-3.835,S2M
9,FP1,251,-4.323,S2M
9,FP1,252,-3.835,S2M
9,FP1,253,-3.835,S2M
9,FP1,254,-3.347,S2M
9,FP1,255,-2.370,S2M
9,FP2,0,-7.070,S2M
9,FP2,1,-6.582,S2M
9,FP2,2,-5.605,S2M
9,FP2,3,-4.628,S2M
9,FP2,4,-3.164,S2M
9,FP2,5,-1.699,S2M
9,FP2,6,-0.234,S2M
9,FP2,7,0.743,S2M
9,FP2,8,0.254,S2M
9,FP2,9,-1.211,S2M
9,FP2,10,-1.699,S2M
9,FP2,11,-1.699,S2M
9,FP2,12,0.254,S2M
9,FP2,13,2.696,S2M
9,FP2,14,4.649,S2M
9,FP2,15,5.137,S2M
9,FP2,16,5.137,S2M
9,FP2,17,4.161,S2M
9,FP2,18,2.696,S2M
9,FP2,19,0.743,S2M
9,FP2,20,-1.211,S2M
9,FP2,21,-2.187,S2M
9,FP2,22,-2.675,S2M
9,FP2,23,-3.164,S2M
9,FP2,24,-3.164,S2M
9,FP2,25,-4.140,S2M
9,FP2,26,-5.117,S2M
9,FP2,27,-6.582,S2M
9,FP2,28,-7.070,S2M
9,FP2,29,-6.093,S2M
9,FP2,30,-5.605,S2M
9,FP2,31,-5.605,S2M
9,FP2,32,-6.093,S2M
9,FP2,33,-7.070,S2M
9,FP2,34,-6.582,S2M
9,FP2,35,-5.605,S2M
9,FP2,36,-3.652,S2M
9,FP2,37,-3.164,S2M
9,FP2,38,-3.652,S2M
9,FP2,39,-5.117,S2M
9,FP2,40,-5.117,S2M
9,FP2,41,-3.652,S2M
9,FP2,42,-1.211,S2M
9,FP2,43,1.231,S2M
9,FP2,44,2.696,S2M
9,FP2,45,2.207,S2M
9,FP2,46,2.207,S2M
9,FP2,47,1.719,S2M
9,FP2,48,2.696,S2M
9,FP2,49,3.672,S2M
9,FP2,50,4.649,S2M
9,FP2,51,5.625,S2M
9,FP2,52,5.625,S2M
9,FP2,53,6.114,S2M
9,FP2,54,6.114,S2M
9,FP2,55,5.625,S2M
9,FP2,56,4.161,S2M
9,FP2,57,3.184,S2M
9,FP2,58,2.207,S2M
9,FP2,59,1.719,S2M
9,FP2,60,1.231,S2M
9,FP2,61,0.743,S2M
9,FP2,62,-1.211,S2M
9,FP2,63,-2.675,S2M
9,FP2,64,-4.628,S2M
9,FP2,65,-5.117,S2M
9,FP2,66,-4.140,S2M
9,FP2,67,-3.652,S2M
9,FP2,68,-3.164,S2M
9,FP2,69,-3.164,S2M
9,FP2,70,-3.164,S2M
9,FP2,71,-3.164,S2M
9,FP2,72,-1.699,S2M
9,FP2,73,-0.234,S2M
9,FP2,74,0.743,S2M
9,FP2,75,0.743,S2M
9,FP2,76,-0.722,S2M
9,FP2,77,-1.211,S2M
9,FP2,78,-1.211,S2M
9,FP2,79,-0.234,S2M
9,FP2,80,1.231,S2M
9,FP2,81,2.207,S2M
9,FP2,82,2.696,S2M
9,FP2,83,2.696,S2M
9,FP2,84,2.207,S2M
9,FP2,85,1.231,S2M
9,FP2,86,-0.234,S2M
9,FP2,87,-1.211,S2M
9,FP2,88,-1.699,S2M
9,FP2,89,-2.187,S2M
9,FP2,90,-1.699,S2M
9,FP2,91,-1.699,S2M
9,FP2,92,-1.699,S2M
9,FP2,93,-1.699,S2M
9,FP2,94,-1.699,S2M
9,FP2,95,-0.722,S2M
9,FP2,96,-0.234,S2M
9,FP2,97,-0.234,S2M
9,FP2,98,-0.722,S2M
9,FP2,99,-2.187,S2M
9,FP2,100,-4.140,S2M
9,FP2,101,-5.117,S2M
9,FP2,102,-4.628,S2M
9,FP2,103,-3.652,S2M
9,FP2,104,-2.675,S2M
9,FP2,105,-1.699,S2M
9,FP2,106,-1.211,S2M
9,FP2,107,-1.211,S2M
9,FP2,108,-1.699,S2M
9,FP2,109,-3.164,S2M
9,FP2,110,-4.140,S2M
9,FP2,111,-4.140,S2M
9,FP2,112,-3.164,S2M
9,FP2,113,-1.211,S2M
9,FP2,114,0.254,S2M
9,FP2,115,1.719,S2M
9,FP2,116,1.231,S2M
9,FP2,117,0.254,S2M
9,FP2,118,-0.722,S2M
9,FP2,119,-0.722,S2M
9,FP2,120,-0.722,S2M
9,FP2,121,-0.722,S2M
9,FP2,122,-0.722,S2M
9,FP2,123,-0.722,S2M
9,FP2,124,-0.234,S2M
9,FP2,125,0.743,S2M
9,FP2,126,1.719,S2M
9,FP2,127,2.207,S2M
9,FP2,128,2.696,S2M
9,FP2,129,2.207,S2M
9,FP2,130,2.207,S2M
9,FP2,131,2.207,S2M
9,FP2,132,3.184,S2M
9,FP2,133,3.672,S2M
9,FP2,134,4.161,S2M
9,FP2,135,3.672,S2M
9,FP2,136,3.184,S2M
9,FP2,137,2.696,S2M
9,FP2,138,2.207,S2M
9,FP2,139,1.231,S2M
9,FP2,140,1.231,S2M
9,FP2,141,1.231,S2M
9,FP2,142,1.719,S2M
9,FP2,143,2.696,S2M
9,FP2,144,3.184,S2M
9,FP2,145,3.184,S2M
9,FP2,146,3.184,S2M
9,FP2,147,3.672,S2M
9,FP2,148,4.161,S2M
9,FP2,149,4.649,S2M
9,FP2,150,5.137,S2M
9,FP2,151,5.137,S2M
9,FP2,152,4.649,S2M
9,FP2,153,5.137,S2M
9,FP2,154,7.090,S2M
9,FP2,155,9.043,S2M
9,FP2,156,10.508,S2M
9,FP2,157,10.508,S2M
9,FP2,158,9.532,S2M
9,FP2,159,8.067,S2M
9,FP2,160,7.579,S2M
9,FP2,161,8.067,S2M
9,FP2,162,9.532,S2M
9,FP2,163,10.508,S2M
9,FP2,164,10.508,S2M
9,FP2,165,9.043,S2M
9,FP2,166,8.067,S2M
9,FP2,167,7.090,S2M
9,FP2,168,6.602,S2M
9,FP2,169,6.114,S2M
9,FP2,170,5.625,S2M
9,FP2,171,4.161,S2M
9,FP2,172,1.719,S2M
9,FP2,173,-0.234,S2M
9,FP2,174,-1.699,S2M
9,FP2,175,-2.187,S2M
9,FP2,176,-1.211,S2M
9,FP2,177,-0.722,S2M
9,FP2,178,0.254,S2M
9,FP2,179,0.743,S2M
9,FP2,180,1.231,S2M
9,FP2,181,1.719,S2M
9,FP2,182,2.207,S2M
9,FP2,183,3.184,S2M
9,FP2,184,4.161,S2M
9,FP2,185,5.137,S2M
9,FP2,186,5.625,S2M
9,FP2,187,5.625,S2M
9,FP2,188,5.625,S2M
9,FP2,189,5.625,S2M
9,FP2,190,5.137,S2M
9,FP2,191,5.625,S2M
9,FP2,192,6.114,S2M
9,FP2,193,6.602,S2M
9,FP2,194,7.090,S2M
9,FP2,195,6.602,S2M
9,FP2,196,6.114,S2M
9,FP2,197,4.649,S2M
9,FP2,198,3.184,S2M
9,FP2,199,2.696,S2M
9,FP2,200,2.696,S2M
9,FP2,201,4.161,S2M
9,FP2,202,6.114,S2M
9,FP2,203,7.090,S2M
9,FP2,204,7.579,S2M
9,FP2,205,6.602,S2M
9,FP2,206,5.137,S2M
9,FP2,207,3.672,S2M
9,FP2,208,2.696,S2M
9,FP2,209,2.207,S2M
9,FP2,210,1.719,S2M
9,FP2,211,2.207,S2M
9,FP2,212,3.184,S2M
9,FP2,213,4.649,S2M
9,FP2,214,5.137,S2M
9,FP2,215,4.161,S2M
9,FP2,216,2.207,S2M
9,FP2,217,-1.211,S2M
9,FP2,218,-4.628,S2M
9,FP2,219,-6.093,S2M
9,FP2,220,-6.093,S2M
9,FP2,221,-5.605,S2M
9,FP2,222,-3.652,S2M
9,FP2,223,-2.187,S2M
9,FP2,224,0.254,S2M
9,FP2,225,2.207,S2M
9,FP2,226,4.161,S2M
9,FP2,227,5.137,S2M
9,FP2,228,5.137,S2M
9,FP2,229,4.161,S2M
9,FP2,230,2.696,S2M
9,FP2,231,1.231,S2M
9,FP2,232,1.231,S2M
9,FP2,233,2.207,S2M
9,FP2,234,3.184,S2M
9,FP2,235,4.161,S2M
9,FP2,236,4.649,S2M
9,FP2,237,4.649,S2M
9,FP2,238,4.161,S2M
9,FP2,239,4.161,S2M
9,FP2,240,5.137,S2M
9,FP2,241,6.114,S2M
9,FP2,242,7.579,S2M
9,FP2,243,7.579,S2M
9,FP2,244,7.090,S2M
9,FP2,245,5.137,S2M
9,FP2,246,3.184,S2M
9,FP2,247,1.231,S2M
9,FP2,248,-0.722,S2M
9,FP2,249,-2.187,S2M
9,FP2,250,-3.164,S2M
9,FP2,251,-3.164,S2M
9,FP2,252,-3.164,S2M
9,FP2,253,-2.675,S2M
9,FP2,254,-1.699,S2M
9,FP2,255,-1.699,S2M
9,F7,0,-5.656,S2M
9,F7,1,-5.656,S2M
9,F7,2,-4.191,S2M
9,F7,3,-3.703,S2M
9,F7,4,-2.726,S2M
9,F7,5,-3.215,S2M
9,F7,6,-3.703,S2M
9,F7,7,-3.215,S2M
9,F7,8,-2.726,S2M
9,F7,9,-1.750,S2M
9,F7,10,-1.261,S2M
9,F7,11,-0.285,S2M
9,F7,12,0.692,S2M
9,F7,13,1.668,S2M
9,F7,14,2.645,S2M
9,F7,15,3.133,S2M
9,F7,16,2.157,S2M
9,F7,17,0.692,S2M
9,F7,18,-1.750,S2M
9,F7,19,-3.703,S2M
9,F7,20,-4.679,S2M
9,F7,21,-4.679,S2M
9,F7,22,-4.679,S2M
9,F7,23,-5.168,S2M
9,F7,24,-6.144,S2M
9,F7,25,-8.097,S2M
9,F7,26,-9.562,S2M
9,F7,27,-9.562,S2M
9,F7,28,-8.097,S2M
9,F7,29,-5.168,S2M
9,F7,30,-2.726,S2M
9,F7,31,-1.261,S2M
9,F7,32,-1.261,S2M
9,F7,33,-2.238,S2M
9,F7,34,-2.238,S2M
9,F7,35,-1.750,S2M
9,F7,36,-0.773,S2M
9,F7,37,0.203,S2M
9,F7,38,0.203,S2M
9,F7,39,0.203,S2M
9,F7,40,0.203,S2M
9,F7,41,0.692,S2M
9,F7,42,1.668,S2M
9,F7,43,2.157,S2M
9,F7,44,2.157,S2M
9,F7,45,2.157,S2M
9,F7,46,2.157,S2M
9,F7,47,2.645,S2M
9,F7,48,4.110,S2M
9,F7,49,5.086,S2M
9,F7,50,5.575,S2M
9,F7,51,5.575,S2M
9,F7,52,5.575,S2M
9,F7,53,5.575,S2M
9,F7,54,5.575,S2M
9,F7,55,5.086,S2M
9,F7,56,4.110,S2M
9,F7,57,2.157,S2M
9,F7,58,0.203,S2M
9,F7,59,-1.261,S2M
9,F7,60,-1.261,S2M
9,F7,61,-1.261,S2M
9,F7,62,-1.261,S2M
9,F7,63,-2.238,S2M
9,F7,64,-4.191,S2M
9,F7,65,-5.656,S2M
9,F7,66,-6.144,S2M
9,F7,67,-5.656,S2M
9,F7,68,-4.191,S2M
9,F7,69,-2.726,S2M
9,F7,70,-1.750,S2M
9,F7,71,-0.773,S2M
9,F7,72,0.203,S2M
9,F7,73,1.180,S2M
9,F7,74,2.157,S2M
9,F7,75,2.645,S2M
9,F7,76,1.180,S2M
9,F7,77,0.203,S2M
9,F7,78,0.203,S2M
9,F7,79,1.180,S2M
9,F7,80,3.133,S2M
9,F7,81,4.598,S2M
9,F7,82,5.086,S2M
9,F7,83,4.598,S2M
9,F7,84,3.133,S2M
9,F7,85,2.157,S2M
9,F7,86,1.180,S2M
9,F7,87,0.692,S2M
9,F7,88,-0.773,S2M
9,F7,89,-1.750,S2M
9,F7,90,-2.238,S2M
9,F7,91,-2.238,S2M
9,F7,92,-1.261,S2M
9,F7,93,-0.773,S2M
9,F7,94,-1.261,S2M
9,F7,95,-2.238,S2M
9,F7,96,-3.703,S2M
9,F7,97,-4.191,S2M
9,F7,98,-3.215,S2M
9,F7,99,-1.750,S2M
9,F7,100,-0.773,S2M
9,F7,101,-0.285,S2M
9,F7,102,-0.773,S2M
9,F7,103,-0.285,S2M
9,F7,104,0.692,S2M
9,F7,105,2.157,S2M
9,F7,106,3.621,S2M
9,F7,107,4.110,S2M
9,F7,108,3.133,S2M
9,F7,109,1.668,S2M
9,F7,110,0.692,S2M
9,F7,111,1.180,S2M
9,F7,112,3.621,S2M
9,F7,113,6.063,S2M
9,F7,114,8.504,S2M
9,F7,115,8.993,S2M
9,F7,116,8.016,S2M
9,F7,117,6.063,S2M
9,F7,118,4.598,S2M
9,F7,119,3.133,S2M
9,F7,120,2.645,S2M
9,F7,121,3.133,S2M
9,F7,122,3.133,S2M
9,F7,123,3.621,S2M
9,F7,124,4.110,S2M
9,F7,125,4.110,S2M
9,F7,126,4.598,S2M
9,F7,127,4.598,S2M
9,F7,128,3.621,S2M
9,F7,129,3.133,S2M
9,F7,130,2.645,S2M
9,F7,131,3.133,S2M
9,F7,132,3.133,S2M
9,F7,133,3.621,S2M
9,F7,134,3.133,S2M
9,F7,135,3.133,S2M
9,F7,136,3.133,S2M
9,F7,137,3.133,S2M
9,F7,138,4.110,S2M
9,F7,139,4.598,S2M
9,F7,140,4.598,S2M
9,F7,141,4.598,S2M
9,F7,142,4.598,S2M
9,F7,143,5.086,S2M
9,F7,144,6.063,S2M
9,F7,145,7.039,S2M
9,F7,146,8.016,S2M
9,F7,147,8.504,S2M
9,F7,148,8.504,S2M
9,F7,149,8.504,S2M
9,F7,150,8.016,S2M
9,F7,151,7.039,S2M
9,F7,152,6.551,S2M
9,F7,153,6.551,S2M
9,F7,154,8.016,S2M
9,F7,155,9.969,S2M
9,F7,156,11.922,S2M
9,F7,157,12.410,S2M
9,F7,158,10.946,S2M
9,F7,159,8.504,S2M
9,F7,160,6.551,S2M
9,F7,161,6.551,S2M
9,F7,162,7.528,S2M
9,F7,163,9.481,S2M
9,F7,164,10.457,S2M
9,F7,165,9.969,S2M
9,F7,166,8.993,S2M
9,F7,167,8.016,S2M
9,F7,168,8.016,S2M
9,F7,169,8.993,S2M
9,F7,170,8.504,S2M
9,F7,171,7.039,S2M
9,F7,172,4.110,S2M
9,F7,173,1.180,S2M
9,F7,174,-0.773,S2M
9,F7,175,-0.773,S2M
9,F7,176,0.203,S2M
9,F7,177,1.180,S2M
9,F7,178,0.692,S2M
9,F7,179,0.203,S2M
9,F7,180,-0.285,S2M
9,F7,181,0.203,S2M
9,F7,182,1.668,S2M
9,F7,183,3.133,S2M
9,F7,184,4.110,S2M
9,F7,185,4.598,S2M
9,F7,186,4.598,S2M
9,F7,187,5.086,S2M
9,F7,188,5.086,S2M
9,F7,189,5.086,S2M
9,F7,190,5.086,S2M
9,F7,191,4.598,S2M
9,F7,192,4.110,S2M
9,F7,193,4.598,S2M
9,F7,194,6.063,S2M
9,F7,195,7.039,S2M
9,F7,196,7.528,S2M
9,F7,197,6.063,S2M
9,F7,198,4.598,S2M
9,F7,199,3.133,S2M
9,F7,200,2.645,S2M
9,F7,201,3.133,S2M
9,F7,202,5.086,S2M
9,F7,203,7.039,S2M
9,F7,204,8.016,S2M
9,F7,205,8.504,S2M
9,F7,206,8.016,S2M
9,F7,207,6.551,S2M
9,F7,208,5.086,S2M
9,F7,209,3.621,S2M
9,F7,210,3.133,S2M
9,F7,211,4.110,S2M
9,F7,212,5.575,S2M
9,F7,213,7.039,S2M
9,F7,214,7.528,S2M
9,F7,215,5.575,S2M
9,F7,216,3.133,S2M
9,F7,217,-0.285,S2M
9,F7,218,-2.238,S2M
9,F7,219,-2.238,S2M
9,F7,220,-0.773,S2M
9,F7,221,0.692,S2M
9,F7,222,1.668,S2M
9,F7,223,2.645,S2M
9,F7,224,3.133,S2M
9,F7,225,3.621,S2M
9,F7,226,4.598,S2M
9,F7,227,5.086,S2M
9,F7,228,5.575,S2M
9,F7,229,5.086,S2M
9,F7,230,3.621,S2M
9,F7,231,2.157,S2M
9,F7,232,1.180,S2M
9,F7,233,1.180,S2M
9,F7,234,1.180,S2M
9,F7,235,2.645,S2M
9,F7,236,3.133,S2M
9,F7,237,3.133,S2M
9,F7,238,3.133,S2M
9,F7,239,3.133,S2M
9,F7,240,3.621,S2M
9,F7,241,4.598,S2M
9,F7,242,6.063,S2M
9,F7,243,6.551,S2M
9,F7,244,6.063,S2M
9,F7,245,5.086,S2M
9,F7,246,4.110,S2M
9,F7,247,3.621,S2M
9,F7,248,3.621,S2M
9,F7,249,4.110,S2M
9,F7,250,5.086,S2M
9,F7,251,4.598,S2M
9,F7,252,4.110,S2M
9,F7,253,2.645,S2M
9,F7,254,2.157,S2M
9,F7,255,2.157,S2M
9,F8,0,-4.171,S2M
9,F8,1,-2.706,S2M
9,F8,2,-1.241,S2M
9,F8,3,0.224,S2M
9,F8,4,2.177,S2M
9,F8,5,3.642,S2M
9,F8,6,4.618,S2M
9,F8,7,4.130,S2M
9,F8,8,2.177,S2M
9,F8,9,-0.264,S2M
9,F8,10,-2.218,S2M
9,F8,11,-1.241,S2M
9,F8,12,1.689,S2M
9,F8,13,5.595,S2M
9,F8,14,8.036,S2M
9,F8,15,8.525,S2M
9,F8,16,6.571,S2M
9,F8,17,3.153,S2M
9,F8,18,-0.264,S2M
9,F8,19,-2.218,S2M
9,F8,20,-3.682,S2M
9,F8,21,-4.171,S2M
9,F8,22,-3.682,S2M
9,F8,23,-2.706,S2M
9,F8,24,-1.729,S2M
9,F8,25,-1.729,S2M
9,F8,26,-1.729,S2M
9,F8,27,-1.729,S2M
9,F8,28,-1.729,S2M
9,F8,29,-0.753,S2M
9,F8,30,-0.264,S2M
9,F8,31,0.224,S2M
9,F8,32,-0.753,S2M
9,F8,33,-1.729,S2M
9,F8,34,-1.729,S2M
9,F8,35,-1.241,S2M
9,F8,36,-0.753,S2M
9,F8,37,-0.264,S2M
9,F8,38,-1.241,S2M
9,F8,39,-2.706,S2M
9,F8,40,-2.706,S2M
9,F8,41,-1.241,S2M
9,F8,42,1.200,S2M
9,F8,43,2.665,S2M
9,F8,44,2.665,S2M
9,F8,45,1.200,S2M
9,F8,46,0.712,S2M
9,F8,47,0.712,S2M
9,F8,48,2.177,S2M
9,F8,49,3.642,S2M
9,F8,50,4.618,S2M
9,F8,51,5.595,S2M
9,F8,52,5.595,S2M
9,F8,53,5.595,S2M
9,F8,54,5.107,S2M
9,F8,55,3.642,S2M
9,F8,56,2.177,S2M
9,F8,57,0.712,S2M
9,F8,58,-0.264,S2M
9,F8,59,-1.241,S2M
9,F8,60,-1.241,S2M
9,F8,61,-2.218,S2M
9,F8,62,-4.171,S2M
9,F8,63,-6.124,S2M
9,F8,64,-8.077,S2M
9,F8,65,-8.565,S2M
9,F8,66,-8.077,S2M
9,F8,67,-6.612,S2M
9,F8,68,-6.124,S2M
9,F8,69,-6.124,S2M
9,F8,70,-7.100,S2M
9,F8,71,-8.077,S2M
9,F8,72,-8.077,S2M
9,F8,73,-7.589,S2M
9,F8,74,-7.100,S2M
9,F8,75,-6.124,S2M
9,F8,76,-5.636,S2M
9,F8,77,-4.659,S2M
9,F8,78,-4.171,S2M
9,F8,79,-3.682,S2M
9,F8,80,-2.218,S2M
9,F8,81,-0.264,S2M
9,F8,82,1.200,S2M
9,F8,83,1.689,S2M
9,F8,84,1.689,S2M
9,F8,85,0.712,S2M
9,F8,86,-0.264,S2M
9,F8,87,-0.753,S2M
9,F8,88,-0.264,S2M
9,F8,89,1.200,S2M
9,F8,90,2.665,S2M
9,F8,91,2.665,S2M
9,F8,92,1.200,S2M
9,F8,93,-0.264,S2M
9,F8,94,-1.241,S2M
9,F8,95,-0.264,S2M
9,F8,96,0.712,S2M
9,F8,97,1.689,S2M
9,F8,98,1.200,S2M
9,F8,99,0.224,S2M
9,F8,100,-0.753,S2M
9,F8,101,-0.753,S2M
9,F8,102,0.712,S2M
9,F8,103,1.689,S2M
9,F8,104,2.665,S2M
9,F8,105,2.665,S2M
9,F8,106,2.177,S2M
9,F8,107,1.200,S2M
9,F8,108,0.712,S2M
9,F8,109,-0.264,S2M
9,F8,110,-0.753,S2M
9,F8,111,-0.753,S2M
9,F8,112,-0.264,S2M
9,F8,113,1.200,S2M
9,F8,114,2.665,S2M
9,F8,115,4.130,S2M
9,F8,116,4.130,S2M
9,F8,117,3.642,S2M
9,F8,118,2.177,S2M
9,F8,119,1.689,S2M
9,F8,120,1.689,S2M
9,F8,121,2.665,S2M
9,F8,122,3.153,S2M
9,F8,123,3.642,S2M
9,F8,124,4.130,S2M
9,F8,125,4.618,S2M
9,F8,126,5.107,S2M
9,F8,127,5.595,S2M
9,F8,128,5.107,S2M
9,F8,129,5.107,S2M
9,F8,130,6.083,S2M
9,F8,131,7.548,S2M
9,F8,132,9.013,S2M
9,F8,133,9.501,S2M
9,F8,134,9.013,S2M
9,F8,135,7.548,S2M
9,F8,136,6.083,S2M
9,F8,137,5.107,S2M
9,F8,138,4.618,S2M
9,F8,139,4.618,S2M
9,F8,140,4.618,S2M
9,F8,141,4.618,S2M
9,F8,142,5.107,S2M
9,F8,143,5.595,S2M
9,F8,144,6.571,S2M
9,F8,145,7.060,S2M
9,F8,146,7.548,S2M
9,F8,147,8.525,S2M
9,F8,148,8.525,S2M
9,F8,149,8.525,S2M
9,F8,150,8.036,S2M
9,F8,151,7.548,S2M
9,F8,152,7.548,S2M
9,F8,153,9.013,S2M
9,F8,154,11.454,S2M
9,F8,155,13.407,S2M
9,F8,156,14.384,S2M
9,F8,157,12.919,S2M
9,F8,158,11.454,S2M
9,F8,159,10.478,S2M
9,F8,160,11.454,S2M
9,F8,161,13.896,S2M
9,F8,162,16.337,S2M
9,F8,163,16.825,S2M
9,F8,164,15.361,S2M
9,F8,165,12.431,S2M
9,F8,166,9.989,S2M
9,F8,167,9.501,S2M
9,F8,168,10.478,S2M
9,F8,169,11.454,S2M
9,F8,170,11.454,S2M
9,F8,171,10.478,S2M
9,F8,172,9.013,S2M
9,F8,173,7.060,S2M
9,F8,174,6.083,S2M
9,F8,175,5.595,S2M
9,F8,176,4.618,S2M
9,F8,177,4.130,S2M
9,F8,178,3.153,S2M
9,F8,179,3.153,S2M
9,F8,180,4.618,S2M
9,F8,181,7.060,S2M
9,F8,182,9.013,S2M
9,F8,183,10.478,S2M
9,F8,184,11.454,S2M
9,F8,185,11.454,S2M
9,F8,186,11.943,S2M
9,F8,187,12.431,S2M
9,F8,188,12.431,S2M
9,F8,189,11.943,S2M
9,F8,190,10.966,S2M
9,F8,191,10.966,S2M
9,F8,192,10.966,S2M
9,F8,193,11.943,S2M
9,F8,194,12.431,S2M
9,F8,195,11.943,S2M
9,F8,196,10.478,S2M
9,F8,197,8.525,S2M
9,F8,198,7.060,S2M
9,F8,199,7.060,S2M
9,F8,200,7.548,S2M
9,F8,201,9.013,S2M
9,F8,202,10.966,S2M
9,F8,203,11.943,S2M
9,F8,204,11.943,S2M
9,F8,205,11.454,S2M
9,F8,206,10.966,S2M
9,F8,207,9.989,S2M
9,F8,208,8.525,S2M
9,F8,209,7.548,S2M
9,F8,210,6.571,S2M
9,F8,211,7.060,S2M
9,F8,212,9.013,S2M
9,F8,213,11.454,S2M
9,F8,214,12.919,S2M
9,F8,215,12.431,S2M
9,F8,216,10.478,S2M
9,F8,217,6.571,S2M
9,F8,218,3.153,S2M
9,F8,219,1.689,S2M
9,F8,220,1.689,S2M
9,F8,221,2.665,S2M
9,F8,222,3.642,S2M
9,F8,223,5.107,S2M
9,F8,224,7.060,S2M
9,F8,225,9.501,S2M
9,F8,226,10.966,S2M
9,F8,227,11.454,S2M
9,F8,228,10.478,S2M
9,F8,229,9.013,S2M
9,F8,230,7.548,S2M
9,F8,231,7.060,S2M
9,F8,232,7.548,S2M
9,F8,233,8.525,S2M
9,F8,234,9.989,S2M
9,F8,235,10.966,S2M
9,F8,236,11.943,S2M
9,F8,237,12.431,S2M
9,F8,238,12.919,S2M
9,F8,239,12.919,S2M
9,F8,240,13.407,S2M
9,F8,241,14.872,S2M
9,F8,242,16.337,S2M
9,F8,243,17.314,S2M
9,F8,244,16.825,S2M
9,F8,245,14.384,S2M
9,F8,246,10.478,S2M
9,F8,247,6.083,S2M
9,F8,248,2.665,S2M
9,F8,249,0.712,S2M
9,F8,250,0.712,S2M
9,F8,251,1.200,S2M
9,F8,252,2.177,S2M
9,F8,253,3.153,S2M
9,F8,254,3.642,S2M
9,F8,255,5.107,S2M
9,AF1,0,-5.280,S2M
9,AF1,1,-5.280,S2M
9,AF1,2,-4.303,S2M
9,AF1,3,-3.326,S2M
9,AF1,4,-2.350,S2M
9,AF1,5,-1.373,S2M
9,AF1,6,-0.885,S2M
9,AF1,7,-0.885,S2M
9,AF1,8,-0.885,S2M
9,AF1,9,-0.885,S2M
9,AF1,10,-0.397,S2M
9,AF1,11,0.092,S2M
9,AF1,12,1.068,S2M
9,AF1,13,2.045,S2M
9,AF1,14,2.533,S2M
9,AF1,15,3.510,S2M
9,AF1,16,3.998,S2M
9,AF1,17,3.998,S2M
9,AF1,18,3.510,S2M
9,AF1,19,2.045,S2M
9,AF1,20,0.092,S2M
9,AF1,21,-0.885,S2M
9,AF1,22,-1.373,S2M
9,AF1,23,-1.373,S2M
9,AF1,24,-1.373,S2M
9,AF1,25,-2.350,S2M
9,AF1,26,-3.815,S2M
9,AF1,27,-4.791,S2M
9,AF1,28,-5.280,S2M
9,AF1,29,-4.791,S2M
9,AF1,30,-4.791,S2M
9,AF1,31,-4.791,S2M
9,AF1,32,-5.280,S2M
9,AF1,33,-5.768,S2M
9,AF1,34,-4.791,S2M
9,AF1,35,-3.326,S2M
9,AF1,36,-1.862,S2M
9,AF1,37,-0.885,S2M
9,AF1,38,-0.885,S2M
9,AF1,39,-1.373,S2M
9,AF1,40,-1.373,S2M
9,AF1,41,-0.397,S2M
9,AF1,42,1.556,S2M
9,AF1,43,2.533,S2M
9,AF1,44,3.998,S2M
9,AF1,45,3.998,S2M
9,AF1,46,3.998,S2M
9,AF1,47,4.486,S2M
9,AF1,48,4.974,S2M
9,AF1,49,5.463,S2M
9,AF1,50,5.951,S2M
9,AF1,51,6.439,S2M
9,AF1,52,6.439,S2M
9,AF1,53,6.439,S2M
9,AF1,54,5.951,S2M
9,AF1,55,5.463,S2M
9,AF1,56,4.486,S2M
9,AF1,57,3.998,S2M
9,AF1,58,3.998,S2M
9,AF1,59,3.510,S2M
9,AF1,60,3.510,S2M
9,AF1,61,2.533,S2M
9,AF1,62,1.556,S2M
9,AF1,63,0.580,S2M
9,AF1,64,-0.885,S2M
9,AF1,65,-1.373,S2M
9,AF1,66,-1.373,S2M
9,AF1,67,-1.373,S2M
9,AF1,68,-1.373,S2M
9,AF1,69,-1.373,S2M
9,AF1,70,-1.862,S2M
9,AF1,71,-0.885,S2M
9,AF1,72,1.068,S2M
9,AF1,73,2.533,S2M
9,AF1,74,3.021,S2M
9,AF1,75,2.533,S2M
9,AF1,76,1.068,S2M
9,AF1,77,-0.397,S2M
9,AF1,78,-0.885,S2M
9,AF1,79,-0.397,S2M
9,AF1,80,1.068,S2M
9,AF1,81,2.045,S2M
9,AF1,82,2.533,S2M
9,AF1,83,1.556,S2M
9,AF1,84,0.092,S2M
9,AF1,85,-0.885,S2M
9,AF1,86,-1.862,S2M
9,AF1,87,-2.350,S2M
9,AF1,88,-2.838,S2M
9,AF1,89,-2.838,S2M
9,AF1,90,-2.838,S2M
9,AF1,91,-2.838,S2M
9,AF1,92,-2.838,S2M
9,AF1,93,-2.350,S2M
9,AF1,94,-2.350,S2M
9,AF1,95,-1.862,S2M
9,AF1,96,-1.373,S2M
9,AF1,97,-0.885,S2M
9,AF1,98,-1.373,S2M
9,AF1,99,-2.350,S2M
9,AF1,100,-3.815,S2M
9,AF1,101,-4.791,S2M
9,AF1,102,-5.280,S2M
9,AF1,103,-4.303,S2M
9,AF1,104,-3.326,S2M
9,AF1,105,-2.838,S2M
9,AF1,106,-2.350,S2M
9,AF1,107,-2.838,S2M
9,AF1,108,-4.303,S2M
9,AF1,109,-5.280,S2M
9,AF1,110,-5.768,S2M
9,AF1,111,-5.768,S2M
9,AF1,112,-4.303,S2M
9,AF1,113,-2.838,S2M
9,AF1,114,-1.373,S2M
9,AF1,115,-1.373,S2M
9,AF1,116,-2.350,S2M
9,AF1,117,-3.326,S2M
9,AF1,118,-4.303,S2M
9,AF1,119,-4.791,S2M
9,AF1,120,-4.303,S2M
9,AF1,121,-4.303,S2M
9,AF1,122,-4.791,S2M
9,AF1,123,-4.791,S2M
9,AF1,124,-4.791,S2M
9,AF1,125,-4.303,S2M
9,AF1,126,-3.815,S2M
9,AF1,127,-2.838,S2M
9,AF1,128,-2.838,S2M
9,AF1,129,-3.326,S2M
9,AF1,130,-3.815,S2M
9,AF1,131,-3.815,S2M
9,AF1,132,-3.326,S2M
9,AF1,133,-2.350,S2M
9,AF1,134,-1.862,S2M
9,AF1,135,-1.373,S2M
9,AF1,136,-1.373,S2M
9,AF1,137,-1.862,S2M
9,AF1,138,-2.350,S2M
9,AF1,139,-3.326,S2M
9,AF1,140,-3.815,S2M
9,AF1,141,-3.326,S2M
9,AF1,142,-2.350,S2M
9,AF1,143,-0.885,S2M
9,AF1,144,0.092,S2M
9,AF1,145,0.092,S2M
9,AF1,146,0.092,S2M
9,AF1,147,-0.397,S2M
9,AF1,148,-0.397,S2M
9,AF1,149,-0.397,S2M
9,AF1,150,0.092,S2M
9,AF1,151,-0.397,S2M
9,AF1,152,-0.397,S2M
9,AF1,153,-0.397,S2M
9,AF1,154,1.068,S2M
9,AF1,155,2.533,S2M
9,AF1,156,3.998,S2M
9,AF1,157,3.998,S2M
9,AF1,158,3.510,S2M
9,AF1,159,1.556,S2M
9,AF1,160,0.580,S2M
9,AF1,161,0.092,S2M
9,AF1,162,1.068,S2M
9,AF1,163,1.556,S2M
9,AF1,164,2.533,S2M
9,AF1,165,2.045,S2M
9,AF1,166,0.580,S2M
9,AF1,167,0.092,S2M
9,AF1,168,-0.397,S2M
9,AF1,169,-0.397,S2M
9,AF1,170,-1.373,S2M
9,AF1,171,-2.350,S2M
9,AF1,172,-4.303,S2M
9,AF1,173,-5.768,S2M
9,AF1,174,-6.256,S2M
9,AF1,175,-5.768,S2M
9,AF1,176,-5.280,S2M
9,AF1,177,-4.303,S2M
9,AF1,178,-3.815,S2M
9,AF1,179,-3.815,S2M
9,AF1,180,-3.815,S2M
9,AF1,181,-2.838,S2M
9,AF1,182,-1.862,S2M
9,AF1,183,-0.885,S2M
9,AF1,184,0.092,S2M
9,AF1,185,0.580,S2M
9,AF1,186,0.580,S2M
9,AF1,187,0.092,S2M
9,AF1,188,0.092,S2M
9,AF1,189,-0.397,S2M
9,AF1,190,-0.397,S2M
9,AF1,191,-0.397,S2M
9,AF1,192,0.092,S2M
9,AF1,193,0.580,S2M
9,AF1,194,1.068,S2M
9,AF1,195,1.068,S2M
9,AF1,196,0.092,S2M
9,AF1,197,-0.397,S2M
9,AF1,198,-1.373,S2M
9,AF1,199,-2.350,S2M
9,AF1,200,-1.862,S2M
9,AF1,201,-0.885,S2M
9,AF1,202,0.092,S2M
9,AF1,203,1.556,S2M
9,AF1,204,2.045,S2M
9,AF1,205,1.556,S2M
9,AF1,206,0.580,S2M
9,AF1,207,-0.397,S2M
9,AF1,208,-1.373,S2M
9,AF1,209,-2.350,S2M
9,AF1,210,-2.838,S2M
9,AF1,211,-2.838,S2M
9,AF1,212,-1.862,S2M
9,AF1,213,-1.373,S2M
9,AF1,214,-1.373,S2M
9,AF1,215,-2.350,S2M
9,AF1,216,-3.815,S2M
9,AF1,217,-5.768,S2M
9,AF1,218,-7.233,S2M
9,AF1,219,-8.209,S2M
9,AF1,220,-8.209,S2M
9,AF1,221,-7.721,S2M
9,AF1,222,-6.256,S2M
9,AF1,223,-4.791,S2M
9,AF1,224,-3.326,S2M
9,AF1,225,-1.862,S2M
9,AF1,226,-0.885,S2M
9,AF1,227,-0.397,S2M
9,AF1,228,-0.885,S2M
9,AF1,229,-1.373,S2M
9,AF1,230,-1.862,S2M
9,AF1,231,-2.350,S2M
9,AF1,232,-2.838,S2M
9,AF1,233,-2.350,S2M
9,AF1,234,-1.373,S2M
9,AF1,235,-0.885,S2M
9,AF1,236,0.092,S2M
9,AF1,237,-0.885,S2M
9,AF1,238,-1.373,S2M
9,AF1,239,-1.373,S2M
9,AF1,240,-0.885,S2M
9,AF1,241,0.092,S2M
9,AF1,242,1.068,S2M
9,AF1,243,1.556,S2M
9,AF1,244,1.068,S2M
9,AF1,245,0.092,S2M
9,AF1,246,-0.885,S2M
9,AF1,247,-1.862,S2M
9,AF1,248,-2.350,S2M
9,AF1,249,-2.350,S2M
9,AF1,250,-2.838,S2M
9,AF1,251,-3.326,S2M
9,AF1,252,-3.326,S2M
9,AF1,253,-3.326,S2M
9,AF1,254,-2.350,S2M
9,AF1,255,-1.862,S2M
9,AF2,0,-5.727,S2M
9,AF2,1,-5.727,S2M
9,AF2,2,-5.239,S2M
9,AF2,3,-4.262,S2M
9,AF2,4,-2.797,S2M
9,AF2,5,-1.333,S2M
9,AF2,6,0.132,S2M
9,AF2,7,0.132,S2M
9,AF2,8,-0.356,S2M
9,AF2,9,-1.333,S2M
9,AF2,10,-1.821,S2M
9,AF2,11,-1.333,S2M
9,AF2,12,0.132,S2M
9,AF2,13,1.597,S2M
9,AF2,14,3.062,S2M
9,AF2,15,3.550,S2M
9,AF2,16,3.550,S2M
9,AF2,17,3.550,S2M
9,AF2,18,2.574,S2M
9,AF2,19,1.109,S2M
9,AF2,20,-0.356,S2M
9,AF2,21,-1.821,S2M
9,AF2,22,-2.309,S2M
9,AF2,23,-2.309,S2M
9,AF2,24,-2.309,S2M
9,AF2,25,-2.309,S2M
9,AF2,26,-3.774,S2M
9,AF2,27,-4.751,S2M
9,AF2,28,-5.727,S2M
9,AF2,29,-5.239,S2M
9,AF2,30,-4.751,S2M
9,AF2,31,-5.239,S2M
9,AF2,32,-5.727,S2M
9,AF2,33,-6.215,S2M
9,AF2,34,-5.727,S2M
9,AF2,35,-4.262,S2M
9,AF2,36,-2.309,S2M
9,AF2,37,-1.821,S2M
9,AF2,38,-1.821,S2M
9,AF2,39,-2.797,S2M
9,AF2,40,-3.286,S2M
9,AF2,41,-1.821,S2M
9,AF2,42,0.132,S2M
9,AF2,43,1.597,S2M
9,AF2,44,2.574,S2M
9,AF2,45,2.574,S2M
9,AF2,46,2.574,S2M
9,AF2,47,3.062,S2M
9,AF2,48,3.550,S2M
9,AF2,49,4.038,S2M
9,AF2,50,4.527,S2M
9,AF2,51,5.503,S2M
9,AF2,52,5.503,S2M
9,AF2,53,5.992,S2M
9,AF2,54,5.503,S2M
9,AF2,55,5.015,S2M
9,AF2,56,3.550,S2M
9,AF2,57,3.062,S2M
9,AF2,58,2.574,S2M
9,AF2,59,2.574,S2M
9,AF2,60,2.574,S2M
9,AF2,61,2.085,S2M
9,AF2,62,1.109,S2M
9,AF2,63,-0.356,S2M
9,AF2,64,-1.333,S2M
9,AF2,65,-1.333,S2M
9,AF2,66,-1.333,S2M
9,AF2,67,-0.844,S2M
9,AF2,68,-0.844,S2M
9,AF2,69,-0.844,S2M
9,AF2,70,-1.333,S2M
9,AF2,71,-0.844,S2M
9,AF2,72,0.132,S2M
9,AF2,73,1.109,S2M
9,AF2,74,2.085,S2M
9,AF2,75,1.597,S2M
9,AF2,76,0.621,S2M
9,AF2,77,-0.356,S2M
9,AF2,78,-0.356,S2M
9,AF2,79,0.132,S2M
9,AF2,80,1.597,S2M
9,AF2,81,2.574,S2M
9,AF2,82,3.062,S2M
9,AF2,83,3.062,S2M
9,AF2,84,2.085,S2M
9,AF2,85,1.109,S2M
9,AF2,86,0.621,S2M
9,AF2,87,-0.356,S2M
9,AF2,88,-0.356,S2M
9,AF2,89,-0.356,S2M
9,AF2,90,0.132,S2M
9,AF2,91,0.132,S2M
9,AF2,92,-0.356,S2M
9,AF2,93,-0.356,S2M
9,AF2,94,0.132,S2M
9,AF2,95,1.109,S2M
9,AF2,96,2.085,S2M
9,AF2,97,2.574,S2M
9,AF2,98,1.597,S2M
9,AF2,99,0.132,S2M
9,AF2,100,-1.821,S2M
9,AF2,101,-2.309,S2M
9,AF2,102,-2.309,S2M
9,AF2,103,-1.333,S2M
9,AF2,104,0.132,S2M
9,AF2,105,0.621,S2M
9,AF2,106,0.621,S2M
9,AF2,107,0.132,S2M
9,AF2,108,-0.844,S2M
9,AF2,109,-1.333,S2M
9,AF2,110,-1.821,S2M
9,AF2,111,-2.309,S2M
9,AF2,112,-1.333,S2M
9,AF2,113,-0.356,S2M
9,AF2,114,0.621,S2M
9,AF2,115,1.109,S2M
9,AF2,116,1.109,S2M
9,AF2,117,0.621,S2M
9,AF2,118,-0.356,S2M
9,AF2,119,-0.356,S2M
9,AF2,120,-0.844,S2M
9,AF2,121,-0.844,S2M
9,AF2,122,-0.844,S2M
9,AF2,123,-0.844,S2M
9,AF2,124,-0.844,S2M
9,AF2,125,0.132,S2M
9,AF2,126,0.621,S2M
9,AF2,127,1.109,S2M
9,AF2,128,1.109,S2M
9,AF2,129,0.621,S2M
9,AF2,130,0.621,S2M
9,AF2,131,1.109,S2M
9,AF2,132,1.597,S2M
9,AF2,133,2.574,S2M
9,AF2,134,2.574,S2M
9,AF2,135,2.574,S2M
9,AF2,136,2.574,S2M
9,AF2,137,2.574,S2M
9,AF2,138,2.085,S2M
9,AF2,139,1.109,S2M
9,AF2,140,0.621,S2M
9,AF2,141,0.621,S2M
9,AF2,142,1.597,S2M
9,AF2,143,2.574,S2M
9,AF2,144,3.062,S2M
9,AF2,145,3.062,S2M
9,AF2,146,2.574,S2M
9,AF2,147,2.574,S2M
9,AF2,148,3.062,S2M
9,AF2,149,3.550,S2M
9,AF2,150,4.038,S2M
9,AF2,151,4.038,S2M
9,AF2,152,3.550,S2M
9,AF2,153,4.038,S2M
9,AF2,154,5.015,S2M
9,AF2,155,6.480,S2M
9,AF2,156,7.945,S2M
9,AF2,157,7.945,S2M
9,AF2,158,6.480,S2M
9,AF2,159,5.503,S2M
9,AF2,160,4.527,S2M
9,AF2,161,5.015,S2M
9,AF2,162,5.992,S2M
9,AF2,163,6.968,S2M
9,AF2,164,6.480,S2M
9,AF2,165,5.503,S2M
9,AF2,166,4.038,S2M
9,AF2,167,3.550,S2M
9,AF2,168,3.550,S2M
9,AF2,169,3.550,S2M
9,AF2,170,3.062,S2M
9,AF2,171,1.597,S2M
9,AF2,172,0.132,S2M
9,AF2,173,-1.333,S2M
9,AF2,174,-1.821,S2M
9,AF2,175,-1.821,S2M
9,AF2,176,-0.844,S2M
9,AF2,177,-0.844,S2M
9,AF2,178,-0.356,S2M
9,AF2,179,-0.356,S2M
9,AF2,180,0.621,S2M
9,AF2,181,1.597,S2M
9,AF2,182,2.085,S2M
9,AF2,183,3.062,S2M
9,AF2,184,3.550,S2M
9,AF2,185,3.550,S2M
9,AF2,186,4.038,S2M
9,AF2,187,4.038,S2M
9,AF2,188,4.038,S2M
9,AF2,189,4.038,S2M
9,AF2,190,4.038,S2M
9,AF2,191,4.527,S2M
9,AF2,192,4.527,S2M
9,AF2,193,5.015,S2M
9,AF2,194,5.503,S2M
9,AF2,195,5.015,S2M
9,AF2,196,4.527,S2M
9,AF2,197,3.550,S2M
9,AF2,198,2.574,S2M
9,AF2,199,2.085,S2M
9,AF2,200,2.085,S2M
9,AF2,201,3.550,S2M
9,AF2,202,4.527,S2M
9,AF2,203,5.015,S2M
9,AF2,204,5.015,S2M
9,AF2,205,4.527,S2M
9,AF2,206,3.550,S2M
9,AF2,207,2.574,S2M
9,AF2,208,1.597,S2M
9,AF2,209,1.109,S2M
9,AF2,210,0.621,S2M
9,AF2,211,0.621,S2M
9,AF2,212,1.597,S2M
9,AF2,213,2.085,S2M
9,AF2,214,2.574,S2M
9,AF2,215,1.597,S2M
9,AF2,216,0.132,S2M
9,AF2,217,-1.821,S2M
9,AF2,218,-3.286,S2M
9,AF2,219,-4.751,S2M
9,AF2,220,-5.239,S2M
9,AF2,221,-4.751,S2M
9,AF2,222,-3.774,S2M
9,AF2,223,-1.821,S2M
9,AF2,224,-0.356,S2M
9,AF2,225,1.597,S2M
9,AF2,226,2.574,S2M
9,AF2,227,3.062,S2M
9,AF2,228,3.062,S2M
9,AF2,229,2.574,S2M
9,AF2,230,2.085,S2M
9,AF2,231,1.597,S2M
9,AF2,232,1.597,S2M
9,AF2,233,2.085,S2M
9,AF2,234,2.574,S2M
9,AF2,235,3.550,S2M
9,AF2,236,4.038,S2M
9,AF2,237,3.550,S2M
9,AF2,238,3.062,S2M
9,AF2,239,2.574,S2M
9,AF2,240,3.550,S2M
9,AF2,241,4.527,S2M
9,AF2,242,5.503,S2M
9,AF2,243,5.992,S2M
9,AF2,244,5.015,S2M
9,AF2,245,3.550,S2M
9,AF2,246,2.085,S2M
9,AF2,247,0.132,S2M
9,AF2,248,-0.844,S2M
9,AF2,249,-1.821,S2M
9,AF2,250,-2.309,S2M
9,AF2,251,-2.309,S2M
9,AF2,252,-1.821,S2M
9,AF2,253,-1.333,S2M
9,AF2,254,-0.844,S2M
9,AF2,255,-0.356,S2M
9,FZ,0,-4.679,S2M
9,FZ,1,-5.168,S2M
9,FZ,2,-4.191,S2M
9,FZ,3,-3.703,S2M
9,FZ,4,-2.238,S2M
9,FZ,5,-1.261,S2M
9,FZ,6,-0.773,S2M
9,FZ,7,-0.773,S2M
9,FZ,8,-1.261,S2M
9,FZ,9,-1.750,S2M
9,FZ,10,-1.750,S2M
9,FZ,11,-1.750,S2M
9,FZ,12,-0.773,S2M
9,FZ,13,-0.285,S2M
9,FZ,14,0.692,S2M
9,FZ,15,1.180,S2M
9,FZ,16,1.668,S2M
9,FZ,17,2.157,S2M
9,FZ,18,2.157,S2M
9,FZ,19,1.180,S2M
9,FZ,20,0.203,S2M
9,FZ,21,-1.261,S2M
9,FZ,22,-1.750,S2M
9,FZ,23,-2.238,S2M
9,FZ,24,-2.726,S2M
9,FZ,25,-3.215,S2M
9,FZ,26,-3.703,S2M
9,FZ,27,-4.191,S2M
9,FZ,28,-4.679,S2M
9,FZ,29,-5.168,S2M
9,FZ,30,-5.168,S2M
9,FZ,31,-5.656,S2M
9,FZ,32,-6.144,S2M
9,FZ,33,-6.144,S2M
9,FZ,34,-5.168,S2M
9,FZ,35,-4.191,S2M
9,FZ,36,-2.726,S2M
9,FZ,37,-1.750,S2M
9,FZ,38,-1.750,S2M
9,FZ,39,-2.238,S2M
9,FZ,40,-2.238,S2M
9,FZ,41,-1.261,S2M
9,FZ,42,-0.285,S2M
9,FZ,43,0.692,S2M
9,FZ,44,1.180,S2M
9,FZ,45,1.668,S2M
9,FZ,46,1.668,S2M
9,FZ,47,1.668,S2M
9,FZ,48,2.157,S2M
9,FZ,49,2.645,S2M
9,FZ,50,2.645,S2M
9,FZ,51,3.133,S2M
9,FZ,52,3.133,S2M
9,FZ,53,2.645,S2M
9,FZ,54,2.645,S2M
9,FZ,55,2.157,S2M
9,FZ,56,2.157,S2M
9,FZ,57,2.157,S2M
9,FZ,58,2.157,S2M
9,FZ,59,2.157,S2M
9,FZ,60,1.668,S2M
9,FZ,61,1.180,S2M
9,FZ,62,0.203,S2M
9,FZ,63,-0.285,S2M
9,FZ,64,-0.773,S2M
9,FZ,65,-1.261,S2M
9,FZ,66,-0.773,S2M
9,FZ,67,-0.285,S2M
9,FZ,68,-0.285,S2M
9,FZ,69,-0.773,S2M
9,FZ,70,-0.773,S2M
9,FZ,71,-0.773,S2M
9,FZ,72,0.203,S2M
9,FZ,73,1.668,S2M
9,FZ,74,2.645,S2M
9,FZ,75,2.645,S2M
9,FZ,76,1.668,S2M
9,FZ,77,0.692,S2M
9,FZ,78,0.203,S2M
9,FZ,79,0.692,S2M
9,FZ,80,1.668,S2M
9,FZ,81,3.133,S2M
9,FZ,82,3.621,S2M
9,FZ,83,3.621,S2M
9,FZ,84,3.133,S2M
9,FZ,85,2.157,S2M
9,FZ,86,1.668,S2M
9,FZ,87,1.180,S2M
9,FZ,88,1.180,S2M
9,FZ,89,1.668,S2M
9,FZ,90,2.157,S2M
9,FZ,91,2.157,S2M
9,FZ,92,1.668,S2M
9,FZ,93,1.668,S2M
9,FZ,94,1.668,S2M
9,FZ,95,2.645,S2M
9,FZ,96,3.621,S2M
9,FZ,97,4.110,S2M
9,FZ,98,3.621,S2M
9,FZ,99,2.157,S2M
9,FZ,100,0.692,S2M
9,FZ,101,-0.285,S2M
9,FZ,102,-0.285,S2M
9,FZ,103,0.692,S2M
9,FZ,104,1.668,S2M
9,FZ,105,2.157,S2M
9,FZ,106,1.668,S2M
9,FZ,107,1.180,S2M
9,FZ,108,0.203,S2M
9,FZ,109,-0.285,S2M
9,FZ,110,-0.285,S2M
9,FZ,111,-0.285,S2M
9,FZ,112,0.203,S2M
9,FZ,113,0.692,S2M
9,FZ,114,1.668,S2M
9,FZ,115,1.668,S2M
9,FZ,116,1.180,S2M
9,FZ,117,0.692,S2M
9,FZ,118,-0.285,S2M
9,FZ,119,-0.285,S2M
9,FZ,120,-0.773,S2M
9,FZ,121,-0.285,S2M
9,FZ,122,-0.285,S2M
9,FZ,123,-0.285,S2M
9,FZ,124,-0.285,S2M
9,FZ,125,0.203,S2M
9,FZ,126,0.692,S2M
9,FZ,127,1.180,S2M
9,FZ,128,1.180,S2M
9,FZ,129,1.180,S2M
9,FZ,130,1.180,S2M
9,FZ,131,1.180,S2M
9,FZ,132,1.668,S2M
9,FZ,133,2.157,S2M
9,FZ,134,3.133,S2M
9,FZ,135,3.621,S2M
9,FZ,136,4.110,S2M
9,FZ,137,4.110,S2M
9,FZ,138,3.133,S2M
9,FZ,139,2.645,S2M
9,FZ,140,2.157,S2M
9,FZ,141,2.157,S2M
9,FZ,142,2.645,S2M
9,FZ,143,3.621,S2M
9,FZ,144,4.598,S2M
9,FZ,145,5.086,S2M
9,FZ,146,4.598,S2M
9,FZ,147,4.598,S2M
9,FZ,148,4.110,S2M
9,FZ,149,4.598,S2M
9,FZ,150,5.086,S2M
9,FZ,151,4.598,S2M
9,FZ,152,4.598,S2M
9,FZ,153,4.110,S2M
9,FZ,154,5.086,S2M
9,FZ,155,6.063,S2M
9,FZ,156,7.528,S2M
9,FZ,157,8.016,S2M
9,FZ,158,7.039,S2M
9,FZ,159,6.063,S2M
9,FZ,160,5.086,S2M
9,FZ,161,4.598,S2M
9,FZ,162,5.086,S2M
9,FZ,163,5.575,S2M
9,FZ,164,6.063,S2M
9,FZ,165,5.086,S2M
9,FZ,166,4.110,S2M
9,FZ,167,4.110,S2M
9,FZ,168,3.621,S2M
9,FZ,169,3.621,S2M
9,FZ,170,3.133,S2M
9,FZ,171,2.157,S2M
9,FZ,172,1.180,S2M
9,FZ,173,0.203,S2M
9,FZ,174,0.203,S2M
9,FZ,175,0.692,S2M
9,FZ,176,1.668,S2M
9,FZ,177,2.645,S2M
9,FZ,178,2.157,S2M
9,FZ,179,2.645,S2M
9,FZ,180,3.133,S2M
9,FZ,181,4.110,S2M
9,FZ,182,5.086,S2M
9,FZ,183,6.063,S2M
9,FZ,184,6.063,S2M
9,FZ,185,6.063,S2M
9,FZ,186,5.575,S2M
9,FZ,187,5.086,S2M
9,FZ,188,5.086,S2M
9,FZ,189,5.575,S2M
9,FZ,190,5.575,S2M
9,FZ,191,6.063,S2M
9,FZ,192,6.063,S2M
9,FZ,193,6.063,S2M
9,FZ,194,6.063,S2M
9,FZ,195,5.575,S2M
9,FZ,196,5.086,S2M
9,FZ,197,4.598,S2M
9,FZ,198,3.621,S2M
9,FZ,199,3.621,S2M
9,FZ,200,3.621,S2M
9,FZ,201,4.110,S2M
9,FZ,202,4.598,S2M
9,FZ,203,5.086,S2M
9,FZ,204,5.575,S2M
9,FZ,205,5.086,S2M
9,FZ,206,4.598,S2M
9,FZ,207,3.621,S2M
9,FZ,208,3.133,S2M
9,FZ,209,2.157,S2M
9,FZ,210,1.668,S2M
9,FZ,211,1.668,S2M
9,FZ,212,2.157,S2M
9,FZ,213,2.645,S2M
9,FZ,214,3.133,S2M
9,FZ,215,2.157,S2M
9,FZ,216,1.668,S2M
9,FZ,217,0.692,S2M
9,FZ,218,-0.773,S2M
9,FZ,219,-1.261,S2M
9,FZ,220,-1.750,S2M
9,FZ,221,-1.261,S2M
9,FZ,222,-0.773,S2M
9,FZ,223,0.692,S2M
9,FZ,224,1.668,S2M
9,FZ,225,3.133,S2M
9,FZ,226,4.110,S2M
9,FZ,227,4.598,S2M
9,FZ,228,4.598,S2M
9,FZ,229,3.621,S2M
9,FZ,230,3.133,S2M
9,FZ,231,2.645,S2M
9,FZ,232,2.645,S2M
9,FZ,233,3.133,S2M
9,FZ,234,4.110,S2M
9,FZ,235,4.598,S2M
9,FZ,236,4.598,S2M
9,FZ,237,4.110,S2M
9,FZ,238,3.133,S2M
9,FZ,239,2.645,S2M
9,FZ,240,2.645,S2M
9,FZ,241,3.621,S2M
9,FZ,242,4.598,S2M
9,FZ,243,5.086,S2M
9,FZ,244,5.086,S2M
9,FZ,245,3.621,S2M
9,FZ,246,3.133,S2M
9,FZ,247,1.668,S2M
9,FZ,248,1.180,S2M
9,FZ,249,0.692,S2M
9,FZ,250,0.203,S2M
9,FZ,251,0.203,S2M
9,FZ,252,0.203,S2M
9,FZ,253,0.692,S2M
9,FZ,254,1.180,S2M
9,FZ,255,2.157,S2M
9,F4,0,-4.995,S2M
9,F4,1,-4.995,S2M
9,F4,2,-4.506,S2M
9,F4,3,-3.530,S2M
9,F4,4,-2.065,S2M
9,F4,5,-0.600,S2M
9,F4,6,0.376,S2M
9,F4,7,-0.112,S2M
9,F4,8,-1.577,S2M
9,F4,9,-3.042,S2M
9,F4,10,-4.018,S2M
9,F4,11,-3.042,S2M
9,F4,12,-1.088,S2M
9,F4,13,0.865,S2M
9,F4,14,2.330,S2M
9,F4,15,2.818,S2M
9,F4,16,2.818,S2M
9,F4,17,2.330,S2M
9,F4,18,1.353,S2M
9,F4,19,-0.112,S2M
9,F4,20,-1.577,S2M
9,F4,21,-2.553,S2M
9,F4,22,-3.530,S2M
9,F4,23,-3.042,S2M
9,F4,24,-2.553,S2M
9,F4,25,-2.065,S2M
9,F4,26,-2.553,S2M
9,F4,27,-3.530,S2M
9,F4,28,-4.018,S2M
9,F4,29,-4.018,S2M
9,F4,30,-4.506,S2M
9,F4,31,-4.506,S2M
9,F4,32,-4.995,S2M
9,F4,33,-4.995,S2M
9,F4,34,-4.018,S2M
9,F4,35,-3.042,S2M
9,F4,36,-1.577,S2M
9,F4,37,-2.065,S2M
9,F4,38,-3.042,S2M
9,F4,39,-4.018,S2M
9,F4,40,-4.018,S2M
9,F4,41,-2.553,S2M
9,F4,42,-0.112,S2M
9,F4,43,1.353,S2M
9,F4,44,1.841,S2M
9,F4,45,1.353,S2M
9,F4,46,0.865,S2M
9,F4,47,0.865,S2M
9,F4,48,1.353,S2M
9,F4,49,2.330,S2M
9,F4,50,3.306,S2M
9,F4,51,3.306,S2M
9,F4,52,3.794,S2M
9,F4,53,3.794,S2M
9,F4,54,3.794,S2M
9,F4,55,2.818,S2M
9,F4,56,1.841,S2M
9,F4,57,0.865,S2M
9,F4,58,0.865,S2M
9,F4,59,0.865,S2M
9,F4,60,0.865,S2M
9,F4,61,-0.112,S2M
9,F4,62,-1.577,S2M
9,F4,63,-3.042,S2M
9,F4,64,-3.530,S2M
9,F4,65,-3.530,S2M
9,F4,66,-3.042,S2M
9,F4,67,-2.553,S2M
9,F4,68,-2.553,S2M
9,F4,69,-3.042,S2M
9,F4,70,-3.530,S2M
9,F4,71,-4.018,S2M
9,F4,72,-3.042,S2M
9,F4,73,-2.553,S2M
9,F4,74,-2.553,S2M
9,F4,75,-2.553,S2M
9,F4,76,-3.530,S2M
9,F4,77,-4.018,S2M
9,F4,78,-3.530,S2M
9,F4,79,-3.042,S2M
9,F4,80,-1.577,S2M
9,F4,81,-0.112,S2M
9,F4,82,0.376,S2M
9,F4,83,0.376,S2M
9,F4,84,-0.600,S2M
9,F4,85,-1.577,S2M
9,F4,86,-2.553,S2M
9,F4,87,-2.065,S2M
9,F4,88,-1.577,S2M
9,F4,89,-1.088,S2M
9,F4,90,-0.600,S2M
9,F4,91,-0.600,S2M
9,F4,92,-0.600,S2M
9,F4,93,-1.088,S2M
9,F4,94,-0.600,S2M
9,F4,95,0.376,S2M
9,F4,96,1.353,S2M
9,F4,97,1.353,S2M
9,F4,98,0.376,S2M
9,F4,99,-1.577,S2M
9,F4,100,-2.553,S2M
9,F4,101,-3.042,S2M
9,F4,102,-2.065,S2M
9,F4,103,-0.600,S2M
9,F4,104,-0.112,S2M
9,F4,105,-0.112,S2M
9,F4,106,-1.088,S2M
9,F4,107,-2.065,S2M
9,F4,108,-2.553,S2M
9,F4,109,-2.553,S2M
9,F4,110,-2.065,S2M
9,F4,111,-1.577,S2M
9,F4,112,-1.088,S2M
9,F4,113,-1.088,S2M
9,F4,114,-0.600,S2M
9,F4,115,-0.600,S2M
9,F4,116,-0.600,S2M
9,F4,117,-1.088,S2M
9,F4,118,-1.577,S2M
9,F4,119,-1.577,S2M
9,F4,120,-2.065,S2M
9,F4,121,-2.065,S2M
9,F4,122,-2.065,S2M
9,F4,123,-2.065,S2M
9,F4,124,-1.577,S2M
9,F4,125,-1.088,S2M
9,F4,126,-0.600,S2M
9,F4,127,-0.600,S2M
9,F4,128,-0.112,S2M
9,F4,129,-0.112,S2M
9,F4,130,0.376,S2M
9,F4,131,0.376,S2M
9,F4,132,0.865,S2M
9,F4,133,1.841,S2M
9,F4,134,2.330,S2M
9,F4,135,2.330,S2M
9,F4,136,2.330,S2M
9,F4,137,1.841,S2M
9,F4,138,1.353,S2M
9,F4,139,0.376,S2M
9,F4,140,-0.112,S2M
9,F4,141,0.376,S2M
9,F4,142,0.865,S2M
9,F4,143,1.841,S2M
9,F4,144,1.841,S2M
9,F4,145,2.330,S2M
9,F4,146,2.330,S2M
9,F4,147,2.818,S2M
9,F4,148,3.306,S2M
9,F4,149,3.794,S2M
9,F4,150,3.306,S2M
9,F4,151,2.818,S2M
9,F4,152,2.818,S2M
9,F4,153,3.794,S2M
9,F4,154,5.259,S2M
9,F4,155,6.724,S2M
9,F4,156,7.212,S2M
9,F4,157,6.236,S2M
9,F4,158,4.771,S2M
9,F4,159,3.794,S2M
9,F4,160,3.794,S2M
9,F4,161,4.771,S2M
9,F4,162,6.236,S2M
9,F4,163,6.724,S2M
9,F4,164,5.747,S2M
9,F4,165,4.283,S2M
9,F4,166,3.306,S2M
9,F4,167,2.818,S2M
9,F4,168,2.818,S2M
9,F4,169,3.306,S2M
9,F4,170,3.306,S2M
9,F4,171,2.330,S2M
9,F4,172,0.865,S2M
9,F4,173,-0.600,S2M
9,F4,174,-1.088,S2M
9,F4,175,-1.088,S2M
9,F4,176,-1.088,S2M
9,F4,177,-1.088,S2M
9,F4,178,-1.088,S2M
9,F4,179,-0.112,S2M
9,F4,180,0.865,S2M
9,F4,181,2.330,S2M
9,F4,182,3.306,S2M
9,F4,183,3.794,S2M
9,F4,184,3.794,S2M
9,F4,185,3.306,S2M
9,F4,186,3.306,S2M
9,F4,187,3.794,S2M
9,F4,188,4.283,S2M
9,F4,189,4.771,S2M
9,F4,190,5.259,S2M
9,F4,191,5.259,S2M
9,F4,192,5.747,S2M
9,F4,193,5.747,S2M
9,F4,194,5.747,S2M
9,F4,195,5.259,S2M
9,F4,196,4.283,S2M
9,F4,197,3.306,S2M
9,F4,198,2.330,S2M
9,F4,199,2.330,S2M
9,F4,200,2.818,S2M
9,F4,201,3.794,S2M
9,F4,202,4.771,S2M
9,F4,203,4.771,S2M
9,F4,204,4.283,S2M
9,F4,205,3.306,S2M
9,F4,206,2.330,S2M
9,F4,207,1.841,S2M
9,F4,208,1.841,S2M
9,F4,209,1.353,S2M
9,F4,210,0.865,S2M
9,F4,211,0.376,S2M
9,F4,212,1.353,S2M
9,F4,213,1.353,S2M
9,F4,214,2.330,S2M
9,F4,215,1.841,S2M
9,F4,216,1.353,S2M
9,F4,217,-0.112,S2M
9,F4,218,-1.577,S2M
9,F4,219,-2.553,S2M
9,F4,220,-3.530,S2M
9,F4,221,-3.530,S2M
9,F4,222,-2.553,S2M
9,F4,223,-1.088,S2M
9,F4,224,0.865,S2M
9,F4,225,2.330,S2M
9,F4,226,3.306,S2M
9,F4,227,3.306,S2M
9,F4,228,3.306,S2M
9,F4,229,3.306,S2M
9,F4,230,3.306,S2M
9,F4,231,3.306,S2M
9,F4,232,3.306,S2M
9,F4,233,3.306,S2M
9,F4,234,4.283,S2M
9,F4,235,4.771,S2M
9,F4,236,5.259,S2M
9,F4,237,5.259,S2M
9,F4,238,4.771,S2M
9,F4,239,4.283,S2M
9,F4,240,4.771,S2M
9,F4,241,6.236,S2M
9,F4,242,7.212,S2M
9,F4,243,7.701,S2M
9,F4,244,6.724,S2M
9,F4,245,4.283,S2M
9,F4,246,1.353,S2M
9,F4,247,-0.600,S2M
9,F4,248,-2.065,S2M
9,F4,249,-2.553,S2M
9,F4,250,-3.042,S2M
9,F4,251,-2.553,S2M
9,F4,252,-2.065,S2M
9,F4,253,-1.577,S2M
9,F4,254,-0.600,S2M
9,F4,255,-0.112,S2M
9,F3,0,-5.005,S2M
9,F3,1,-5.005,S2M
9,F3,2,-4.028,S2M
9,F3,3,-3.052,S2M
9,F3,4,-2.075,S2M
9,F3,5,-2.075,S2M
9,F3,6,-2.563,S2M
9,F3,7,-2.563,S2M
9,F3,8,-2.563,S2M
9,F3,9,-2.075,S2M
9,F3,10,-2.075,S2M
9,F3,11,-1.587,S2M
9,F3,12,-1.587,S2M
9,F3,13,-1.099,S2M
9,F3,14,-0.610,S2M
9,F3,15,0.366,S2M
9,F3,16,0.854,S2M
9,F3,17,0.854,S2M
9,F3,18,-0.122,S2M
9,F3,19,-1.587,S2M
9,F3,20,-2.563,S2M
9,F3,21,-2.563,S2M
9,F3,22,-2.563,S2M
9,F3,23,-2.563,S2M
9,F3,24,-3.540,S2M
9,F3,25,-5.493,S2M
9,F3,26,-6.958,S2M
9,F3,27,-7.446,S2M
9,F3,28,-6.470,S2M
9,F3,29,-5.493,S2M
9,F3,30,-4.517,S2M
9,F3,31,-4.517,S2M
9,F3,32,-5.493,S2M
9,F3,33,-5.981,S2M
9,F3,34,-5.005,S2M
9,F3,35,-3.540,S2M
9,F3,36,-2.075,S2M
9,F3,37,-1.099,S2M
9,F3,38,-1.099,S2M
9,F3,39,-1.587,S2M
9,F3,40,-1.587,S2M
9,F3,41,-1.099,S2M
9,F3,42,-0.122,S2M
9,F3,43,0.366,S2M
9,F3,44,1.343,S2M
9,F3,45,1.343,S2M
9,F3,46,1.831,S2M
9,F3,47,2.319,S2M
9,F3,48,2.808,S2M
9,F3,49,3.296,S2M
9,F3,50,3.296,S2M
9,F3,51,3.296,S2M
9,F3,52,2.808,S2M
9,F3,53,2.319,S2M
9,F3,54,2.319,S2M
9,F3,55,2.319,S2M
9,F3,56,2.319,S2M
9,F3,57,2.319,S2M
9,F3,58,2.319,S2M
9,F3,59,1.831,S2M
9,F3,60,1.343,S2M
9,F3,61,0.854,S2M
9,F3,62,-0.122,S2M
9,F3,63,-1.099,S2M
9,F3,64,-2.075,S2M
9,F3,65,-2.563,S2M
9,F3,66,-3.052,S2M
9,F3,67,-2.563,S2M
9,F3,68,-2.563,S2M
9,F3,69,-2.563,S2M
9,F3,70,-1.587,S2M
9,F3,71,-0.610,S2M
9,F3,72,1.343,S2M
9,F3,73,2.808,S2M
9,F3,74,3.784,S2M
9,F3,75,2.808,S2M
9,F3,76,1.343,S2M
9,F3,77,-0.122,S2M
9,F3,78,-0.610,S2M
9,F3,79,0.854,S2M
9,F3,80,2.319,S2M
9,F3,81,3.296,S2M
9,F3,82,3.784,S2M
9,F3,83,3.296,S2M
9,F3,84,2.319,S2M
9,F3,85,1.343,S2M
9,F3,86,0.854,S2M
9,F3,87,-0.122,S2M
9,F3,88,-0.610,S2M
9,F3,89,-1.099,S2M
9,F3,90,-0.610,S2M
9,F3,91,-0.610,S2M
9,F3,92,-0.122,S2M
9,F3,93,-0.122,S2M
9,F3,94,-0.610,S2M
9,F3,95,-0.610,S2M
9,F3,96,-0.122,S2M
9,F3,97,0.854,S2M
9,F3,98,1.343,S2M
9,F3,99,0.854,S2M
9,F3,100,-0.122,S2M
9,F3,101,-1.099,S2M
9,F3,102,-1.587,S2M
9,F3,103,-1.099,S2M
9,F3,104,-0.610,S2M
9,F3,105,0.366,S2M
9,F3,106,0.366,S2M
9,F3,107,0.366,S2M
9,F3,108,-0.610,S2M
9,F3,109,-2.075,S2M
9,F3,110,-2.563,S2M
9,F3,111,-2.075,S2M
9,F3,112,-0.610,S2M
9,F3,113,0.854,S2M
9,F3,114,1.831,S2M
9,F3,115,1.831,S2M
9,F3,116,1.343,S2M
9,F3,117,-0.122,S2M
9,F3,118,-1.587,S2M
9,F3,119,-2.075,S2M
9,F3,120,-2.075,S2M
9,F3,121,-2.075,S2M
9,F3,122,-2.075,S2M
9,F3,123,-2.563,S2M
9,F3,124,-2.563,S2M
9,F3,125,-2.075,S2M
9,F3,126,-1.587,S2M
9,F3,127,-1.099,S2M
9,F3,128,-1.099,S2M
9,F3,129,-1.099,S2M
9,F3,130,-1.099,S2M
9,F3,131,-1.099,S2M
9,F3,132,-0.610,S2M
9,F3,133,-0.610,S2M
9,F3,134,0.366,S2M
9,F3,135,1.343,S2M
9,F3,136,1.831,S2M
9,F3,137,2.319,S2M
9,F3,138,1.343,S2M
9,F3,139,0.854,S2M
9,F3,140,0.366,S2M
9,F3,141,0.366,S2M
9,F3,142,1.343,S2M
9,F3,143,3.296,S2M
9,F3,144,4.272,S2M
9,F3,145,4.272,S2M
9,F3,146,3.296,S2M
9,F3,147,2.808,S2M
9,F3,148,2.808,S2M
9,F3,149,3.296,S2M
9,F3,150,3.296,S2M
9,F3,151,2.808,S2M
9,F3,152,2.319,S2M
9,F3,153,1.831,S2M
9,F3,154,2.808,S2M
9,F3,155,4.761,S2M
9,F3,156,6.226,S2M
9,F3,157,6.714,S2M
9,F3,158,5.737,S2M
9,F3,159,3.784,S2M
9,F3,160,2.319,S2M
9,F3,161,1.343,S2M
9,F3,162,2.319,S2M
9,F3,163,3.784,S2M
9,F3,164,4.761,S2M
9,F3,165,4.761,S2M
9,F3,166,4.272,S2M
9,F3,167,3.784,S2M
9,F3,168,3.296,S2M
9,F3,169,3.296,S2M
9,F3,170,2.319,S2M
9,F3,171,0.854,S2M
9,F3,172,-1.099,S2M
9,F3,173,-2.563,S2M
9,F3,174,-3.052,S2M
9,F3,175,-2.075,S2M
9,F3,176,-1.099,S2M
9,F3,177,-0.610,S2M
9,F3,178,-0.610,S2M
9,F3,179,-0.610,S2M
9,F3,180,-1.099,S2M
9,F3,181,-0.610,S2M
9,F3,182,0.366,S2M
9,F3,183,1.831,S2M
9,F3,184,2.319,S2M
9,F3,185,2.808,S2M
9,F3,186,2.808,S2M
9,F3,187,2.808,S2M
9,F3,188,2.319,S2M
9,F3,189,1.831,S2M
9,F3,190,1.831,S2M
9,F3,191,1.343,S2M
9,F3,192,1.831,S2M
9,F3,193,2.319,S2M
9,F3,194,2.808,S2M
9,F3,195,3.296,S2M
9,F3,196,2.808,S2M
9,F3,197,1.831,S2M
9,F3,198,0.366,S2M
9,F3,199,-0.122,S2M
9,F3,200,0.366,S2M
9,F3,201,1.343,S2M
9,F3,202,2.808,S2M
9,F3,203,3.296,S2M
9,F3,204,3.784,S2M
9,F3,205,3.784,S2M
9,F3,206,3.296,S2M
9,F3,207,2.808,S2M
9,F3,208,1.343,S2M
9,F3,209,0.366,S2M
9,F3,210,-0.122,S2M
9,F3,211,0.366,S2M
9,F3,212,0.854,S2M
9,F3,213,1.831,S2M
9,F3,214,1.343,S2M
9,F3,215,0.366,S2M
9,F3,216,-1.587,S2M
9,F3,217,-3.052,S2M
9,F3,218,-4.028,S2M
9,F3,219,-4.517,S2M
9,F3,220,-4.028,S2M
9,F3,221,-4.028,S2M
9,F3,222,-3.540,S2M
9,F3,223,-2.563,S2M
9,F3,224,-1.099,S2M
9,F3,225,0.366,S2M
9,F3,226,1.343,S2M
9,F3,227,1.343,S2M
9,F3,228,0.854,S2M
9,F3,229,-0.122,S2M
9,F3,230,-1.099,S2M
9,F3,231,-2.075,S2M
9,F3,232,-2.563,S2M
9,F3,233,-1.587,S2M
9,F3,234,-0.610,S2M
9,F3,235,-0.122,S2M
9,F3,236,0.366,S2M
9,F3,237,-0.122,S2M
9,F3,238,-1.099,S2M
9,F3,239,-1.099,S2M
9,F3,240,-1.099,S2M
9,F3,241,0.366,S2M
9,F3,242,1.343,S2M
9,F3,243,1.831,S2M
9,F3,244,1.831,S2M
9,F3,245,1.343,S2M
9,F3,246,0.366,S2M
9,F3,247,0.366,S2M
9,F3,248,0.854,S2M
9,F3,249,0.366,S2M
9,F3,250,0.366,S2M
9,F3,251,-0.610,S2M
9,F3,252,-1.099,S2M
9,F3,253,-1.099,S2M
9,F3,254,-0.610,S2M
9,F3,255,0.366,S2M
9,FC6,0,-2.563,S2M
9,FC6,1,-1.587,S2M
9,FC6,2,-0.610,S2M
9,FC6,3,0.854,S2M
9,FC6,4,2.319,S2M
9,FC6,5,3.784,S2M
9,FC6,6,4.272,S2M
9,FC6,7,3.296,S2M
9,FC6,8,1.831,S2M
9,FC6,9,-0.122,S2M
9,FC6,10,-1.099,S2M
9,FC6,11,-0.122,S2M
9,FC6,12,2.319,S2M
9,FC6,13,5.249,S2M
9,FC6,14,6.714,S2M
9,FC6,15,6.714,S2M
9,FC6,16,5.249,S2M
9,FC6,17,3.296,S2M
9,FC6,18,1.343,S2M
9,FC6,19,-0.122,S2M
9,FC6,20,-1.587,S2M
9,FC6,21,-2.563,S2M
9,FC6,22,-2.563,S2M
9,FC6,23,-2.075,S2M
9,FC6,24,-0.610,S2M
9,FC6,25,0.854,S2M
9,FC6,26,1.343,S2M
9,FC6,27,0.854,S2M
9,FC6,28,0.366,S2M
9,FC6,29,-0.122,S2M
9,FC6,30,0.366,S2M
9,FC6,31,0.366,S2M
9,FC6,32,0.854,S2M
9,FC6,33,0.366,S2M
9,FC6,34,0.366,S2M
9,FC6,35,0.366,S2M
9,FC6,36,0.366,S2M
9,FC6,37,-0.122,S2M
9,FC6,38,-1.099,S2M
9,FC6,39,-1.587,S2M
9,FC6,40,-2.075,S2M
9,FC6,41,-0.610,S2M
9,FC6,42,0.854,S2M
9,FC6,43,1.831,S2M
9,FC6,44,1.831,S2M
9,FC6,45,1.343,S2M
9,FC6,46,0.854,S2M
9,FC6,47,1.343,S2M
9,FC6,48,2.319,S2M
9,FC6,49,3.296,S2M
9,FC6,50,3.784,S2M
9,FC6,51,4.272,S2M
9,FC6,52,4.761,S2M
9,FC6,53,4.761,S2M
9,FC6,54,4.761,S2M
9,FC6,55,3.784,S2M
9,FC6,56,2.808,S2M
9,FC6,57,1.343,S2M
9,FC6,58,0.854,S2M
9,FC6,59,-0.122,S2M
9,FC6,60,-0.610,S2M
9,FC6,61,-1.587,S2M
9,FC6,62,-2.563,S2M
9,FC6,63,-4.028,S2M
9,FC6,64,-5.005,S2M
9,FC6,65,-5.005,S2M
9,FC6,66,-4.517,S2M
9,FC6,67,-4.517,S2M
9,FC6,68,-4.517,S2M
9,FC6,69,-5.005,S2M
9,FC6,70,-5.981,S2M
9,FC6,71,-6.470,S2M
9,FC6,72,-5.981,S2M
9,FC6,73,-5.981,S2M
9,FC6,74,-5.981,S2M
9,FC6,75,-5.981,S2M
9,FC6,76,-5.981,S2M
9,FC6,77,-5.981,S2M
9,FC6,78,-5.005,S2M
9,FC6,79,-3.540,S2M
9,FC6,80,-2.075,S2M
9,FC6,81,-1.099,S2M
9,FC6,82,-0.610,S2M
9,FC6,83,-0.610,S2M
9,FC6,84,-1.099,S2M
9,FC6,85,-1.587,S2M
9,FC6,86,-2.075,S2M
9,FC6,87,-1.587,S2M
9,FC6,88,-1.587,S2M
9,FC6,89,-1.099,S2M
9,FC6,90,-0.610,S2M
9,FC6,91,-0.610,S2M
9,FC6,92,-0.610,S2M
9,FC6,93,-0.610,S2M
9,FC6,94,-0.610,S2M
9,FC6,95,-0.610,S2M
9,FC6,96,-0.610,S2M
9,FC6,97,-1.099,S2M
9,FC6,98,-1.587,S2M
9,FC6,99,-2.075,S2M
9,FC6,100,-2.075,S2M
9,FC6,101,-1.099,S2M
9,FC6,102,-0.122,S2M
9,FC6,103,0.854,S2M
9,FC6,104,0.854,S2M
9,FC6,105,-0.122,S2M
9,FC6,106,-1.587,S2M
9,FC6,107,-3.052,S2M
9,FC6,108,-3.052,S2M
9,FC6,109,-2.563,S2M
9,FC6,110,-1.587,S2M
9,FC6,111,-1.099,S2M
9,FC6,112,-0.122,S2M
9,FC6,113,0.366,S2M
9,FC6,114,0.366,S2M
9,FC6,115,0.366,S2M
9,FC6,116,0.854,S2M
9,FC6,117,0.366,S2M
9,FC6,118,0.366,S2M
9,FC6,119,-0.122,S2M
9,FC6,120,-0.610,S2M
9,FC6,121,-1.099,S2M
9,FC6,122,-1.099,S2M
9,FC6,123,-1.099,S2M
9,FC6,124,-0.610,S2M
9,FC6,125,-0.610,S2M
9,FC6,126,-0.122,S2M
9,FC6,127,-0.122,S2M
9,FC6,128,0.366,S2M
9,FC6,129,0.366,S2M
9,FC6,130,1.343,S2M
9,FC6,131,2.808,S2M
9,FC6,132,3.296,S2M
9,FC6,133,3.784,S2M
9,FC6,134,3.296,S2M
9,FC6,135,2.808,S2M
9,FC6,136,2.319,S2M
9,FC6,137,1.831,S2M
9,FC6,138,1.343,S2M
9,FC6,139,1.343,S2M
9,FC6,140,1.343,S2M
9,FC6,141,1.831,S2M
9,FC6,142,2.319,S2M
9,FC6,143,2.808,S2M
9,FC6,144,3.296,S2M
9,FC6,145,3.296,S2M
9,FC6,146,3.784,S2M
9,FC6,147,3.784,S2M
9,FC6,148,4.272,S2M
9,FC6,149,3.784,S2M
9,FC6,150,3.296,S2M
9,FC6,151,3.296,S2M
9,FC6,152,3.296,S2M
9,FC6,153,4.272,S2M
9,FC6,154,6.226,S2M
9,FC6,155,7.202,S2M
9,FC6,156,6.714,S2M
9,FC6,157,5.737,S2M
9,FC6,158,4.761,S2M
9,FC6,159,4.272,S2M
9,FC6,160,5.249,S2M
9,FC6,161,6.226,S2M
9,FC6,162,7.202,S2M
9,FC6,163,7.202,S2M
9,FC6,164,6.226,S2M
9,FC6,165,4.761,S2M
9,FC6,166,4.272,S2M
9,FC6,167,4.272,S2M
9,FC6,168,4.761,S2M
9,FC6,169,4.761,S2M
9,FC6,170,4.761,S2M
9,FC6,171,4.272,S2M
9,FC6,172,3.784,S2M
9,FC6,173,3.296,S2M
9,FC6,174,2.808,S2M
9,FC6,175,2.319,S2M
9,FC6,176,2.319,S2M
9,FC6,177,1.343,S2M
9,FC6,178,1.343,S2M
9,FC6,179,1.831,S2M
9,FC6,180,3.784,S2M
9,FC6,181,5.249,S2M
9,FC6,182,6.714,S2M
9,FC6,183,7.202,S2M
9,FC6,184,6.714,S2M
9,FC6,185,6.226,S2M
9,FC6,186,6.226,S2M
9,FC6,187,6.714,S2M
9,FC6,188,7.202,S2M
9,FC6,189,7.690,S2M
9,FC6,190,7.690,S2M
9,FC6,191,7.690,S2M
9,FC6,192,7.690,S2M
9,FC6,193,8.179,S2M
9,FC6,194,7.690,S2M
9,FC6,195,7.202,S2M
9,FC6,196,6.226,S2M
9,FC6,197,4.761,S2M
9,FC6,198,4.272,S2M
9,FC6,199,3.784,S2M
9,FC6,200,4.272,S2M
9,FC6,201,5.249,S2M
9,FC6,202,5.737,S2M
9,FC6,203,6.226,S2M
9,FC6,204,6.226,S2M
9,FC6,205,5.737,S2M
9,FC6,206,5.737,S2M
9,FC6,207,5.249,S2M
9,FC6,208,4.761,S2M
9,FC6,209,3.784,S2M
9,FC6,210,2.808,S2M
9,FC6,211,3.296,S2M
9,FC6,212,3.784,S2M
9,FC6,213,5.249,S2M
9,FC6,214,6.226,S2M
9,FC6,215,6.714,S2M
9,FC6,216,5.249,S2M
9,FC6,217,3.296,S2M
9,FC6,218,1.343,S2M
9,FC6,219,0.854,S2M
9,FC6,220,1.343,S2M
9,FC6,221,1.831,S2M
9,FC6,222,3.296,S2M
9,FC6,223,4.272,S2M
9,FC6,224,4.761,S2M
9,FC6,225,5.737,S2M
9,FC6,226,6.226,S2M
9,FC6,227,6.714,S2M
9,FC6,228,6.714,S2M
9,FC6,229,6.714,S2M
9,FC6,230,6.714,S2M
9,FC6,231,6.226,S2M
9,FC6,232,6.714,S2M
9,FC6,233,7.202,S2M
9,FC6,234,7.690,S2M
9,FC6,235,8.667,S2M
9,FC6,236,9.155,S2M
9,FC6,237,9.155,S2M
9,FC6,238,8.667,S2M
9,FC6,239,8.667,S2M
9,FC6,240,8.667,S2M
9,FC6,241,9.644,S2M
9,FC6,242,11.108,S2M
9,FC6,243,12.085,S2M
9,FC6,244,11.108,S2M
9,FC6,245,8.667,S2M
9,FC6,246,5.737,S2M
9,FC6,247,2.319,S2M
9,FC6,248,0.366,S2M
9,FC6,249,-0.610,S2M
9,FC6,250,0.366,S2M
9,FC6,251,1.831,S2M
9,FC6,252,3.296,S2M
9,FC6,253,4.272,S2M
9,FC6,254,4.761,S2M
9,FC6,255,4.761,S2M
9,FC5,0,-2.065,S2M
9,FC5,1,-2.065,S2M
9,FC5,2,-0.600,S2M
9,FC5,3,-0.112,S2M
9,FC5,4,-0.600,S2M
9,FC5,5,-1.088,S2M
9,FC5,6,-2.065,S2M
9,FC5,7,-1.088,S2M
9,FC5,8,-0.112,S2M
9,FC5,9,1.353,S2M
9,FC5,10,2.330,S2M
9,FC5,11,2.818,S2M
9,FC5,12,3.306,S2M
9,FC5,13,3.306,S2M
9,FC5,14,4.283,S2M
9,FC5,15,4.283,S2M
9,FC5,16,3.794,S2M
9,FC5,17,1.841,S2M
9,FC5,18,-0.600,S2M
9,FC5,19,-2.553,S2M
9,FC5,20,-3.042,S2M
9,FC5,21,-2.553,S2M
9,FC5,22,-2.065,S2M
9,FC5,23,-1.577,S2M
9,FC5,24,-2.553,S2M
9,FC5,25,-4.506,S2M
9,FC5,26,-5.971,S2M
9,FC5,27,-6.460,S2M
9,FC5,28,-4.995,S2M
9,FC5,29,-3.042,S2M
9,FC5,30,-1.088,S2M
9,FC5,31,0.376,S2M
9,FC5,32,0.376,S2M
9,FC5,33,-0.112,S2M
9,FC5,34,0.376,S2M
9,FC5,35,0.865,S2M
9,FC5,36,1.841,S2M
9,FC5,37,2.330,S2M
9,FC5,38,2.330,S2M
9,FC5,39,2.330,S2M
9,FC5,40,2.330,S2M
9,FC5,41,2.818,S2M
9,FC5,42,2.818,S2M
9,FC5,43,2.330,S2M
9,FC5,44,1.841,S2M
9,FC5,45,1.353,S2M
9,FC5,46,1.353,S2M
9,FC5,47,2.330,S2M
9,FC5,48,3.306,S2M
9,FC5,49,4.283,S2M
9,FC5,50,4.283,S2M
9,FC5,51,3.306,S2M
9,FC5,52,2.330,S2M
9,FC5,53,1.841,S2M
9,FC5,54,1.841,S2M
9,FC5,55,2.818,S2M
9,FC5,56,3.794,S2M
9,FC5,57,3.794,S2M
9,FC5,58,3.306,S2M
9,FC5,59,2.330,S2M
9,FC5,60,1.353,S2M
9,FC5,61,0.865,S2M
9,FC5,62,-0.112,S2M
9,FC5,63,-1.088,S2M
9,FC5,64,-2.065,S2M
9,FC5,65,-2.065,S2M
9,FC5,66,-2.065,S2M
9,FC5,67,-1.088,S2M
9,FC5,68,-0.112,S2M
9,FC5,69,-0.112,S2M
9,FC5,70,-0.112,S2M
9,FC5,71,0.376,S2M
9,FC5,72,1.353,S2M
9,FC5,73,3.306,S2M
9,FC5,74,4.283,S2M
9,FC5,75,3.794,S2M
9,FC5,76,2.330,S2M
9,FC5,77,0.865,S2M
9,FC5,78,0.865,S2M
9,FC5,79,1.841,S2M
9,FC5,80,4.283,S2M
9,FC5,81,5.259,S2M
9,FC5,82,5.747,S2M
9,FC5,83,4.771,S2M
9,FC5,84,3.306,S2M
9,FC5,85,1.841,S2M
9,FC5,86,0.865,S2M
9,FC5,87,-0.112,S2M
9,FC5,88,-1.088,S2M
9,FC5,89,-1.577,S2M
9,FC5,90,-1.577,S2M
9,FC5,91,-1.088,S2M
9,FC5,92,-0.112,S2M
9,FC5,93,-0.112,S2M
9,FC5,94,-1.088,S2M
9,FC5,95,-2.553,S2M
9,FC5,96,-3.530,S2M
9,FC5,97,-3.530,S2M
9,FC5,98,-2.553,S2M
9,FC5,99,-1.088,S2M
9,FC5,100,-0.600,S2M
9,FC5,101,-0.600,S2M
9,FC5,102,-1.088,S2M
9,FC5,103,-1.088,S2M
9,FC5,104,-0.112,S2M
9,FC5,105,1.841,S2M
9,FC5,106,2.818,S2M
9,FC5,107,2.330,S2M
9,FC5,108,0.865,S2M
9,FC5,109,-1.577,S2M
9,FC5,110,-2.553,S2M
9,FC5,111,-1.088,S2M
9,FC5,112,1.353,S2M
9,FC5,113,3.306,S2M
9,FC5,114,4.771,S2M
9,FC5,115,4.771,S2M
9,FC5,116,3.794,S2M
9,FC5,117,2.330,S2M
9,FC5,118,0.865,S2M
9,FC5,119,0.376,S2M
9,FC5,120,0.376,S2M
9,FC5,121,0.376,S2M
9,FC5,122,0.865,S2M
9,FC5,123,1.353,S2M
9,FC5,124,1.353,S2M
9,FC5,125,1.353,S2M
9,FC5,126,1.353,S2M
9,FC5,127,0.865,S2M
9,FC5,128,0.376,S2M
9,FC5,129,0.376,S2M
9,FC5,130,0.376,S2M
9,FC5,131,0.865,S2M
9,FC5,132,0.865,S2M
9,FC5,133,0.865,S2M
9,FC5,134,0.865,S2M
9,FC5,135,1.353,S2M
9,FC5,136,2.330,S2M
9,FC5,137,2.818,S2M
9,FC5,138,3.306,S2M
9,FC5,139,2.818,S2M
9,FC5,140,2.330,S2M
9,FC5,141,2.330,S2M
9,FC5,142,3.306,S2M
9,FC5,143,4.771,S2M
9,FC5,144,5.259,S2M
9,FC5,145,5.747,S2M
9,FC5,146,5.259,S2M
9,FC5,147,4.771,S2M
9,FC5,148,3.794,S2M
9,FC5,149,3.306,S2M
9,FC5,150,2.818,S2M
9,FC5,151,2.330,S2M
9,FC5,152,2.330,S2M
9,FC5,153,2.818,S2M
9,FC5,154,4.771,S2M
9,FC5,155,6.236,S2M
9,FC5,156,7.212,S2M
9,FC5,157,7.212,S2M
9,FC5,158,5.747,S2M
9,FC5,159,4.771,S2M
9,FC5,160,3.794,S2M
9,FC5,161,3.794,S2M
9,FC5,162,4.771,S2M
9,FC5,163,5.747,S2M
9,FC5,164,7.212,S2M
9,FC5,165,7.212,S2M
9,FC5,166,7.701,S2M
9,FC5,167,7.212,S2M
9,FC5,168,7.212,S2M
9,FC5,169,7.212,S2M
9,FC5,170,6.724,S2M
9,FC5,171,5.259,S2M
9,FC5,172,3.306,S2M
9,FC5,173,0.865,S2M
9,FC5,174,-0.600,S2M
9,FC5,175,-0.600,S2M
9,FC5,176,-0.112,S2M
9,FC5,177,0.865,S2M
9,FC5,178,0.865,S2M
9,FC5,179,0.865,S2M
9,FC5,180,0.376,S2M
9,FC5,181,-0.112,S2M
9,FC5,182,0.376,S2M
9,FC5,183,1.353,S2M
9,FC5,184,2.818,S2M
9,FC5,185,3.306,S2M
9,FC5,186,3.794,S2M
9,FC5,187,3.306,S2M
9,FC5,188,2.330,S2M
9,FC5,189,1.353,S2M
9,FC5,190,0.865,S2M
9,FC5,191,0.865,S2M
9,FC5,192,1.353,S2M
9,FC5,193,2.330,S2M
9,FC5,194,3.306,S2M
9,FC5,195,4.283,S2M
9,FC5,196,3.794,S2M
9,FC5,197,2.818,S2M
9,FC5,198,0.865,S2M
9,FC5,199,0.376,S2M
9,FC5,200,0.376,S2M
9,FC5,201,1.353,S2M
9,FC5,202,2.818,S2M
9,FC5,203,4.283,S2M
9,FC5,204,5.259,S2M
9,FC5,205,4.771,S2M
9,FC5,206,4.771,S2M
9,FC5,207,3.794,S2M
9,FC5,208,2.818,S2M
9,FC5,209,2.330,S2M
9,FC5,210,1.841,S2M
9,FC5,211,2.818,S2M
9,FC5,212,3.306,S2M
9,FC5,213,4.283,S2M
9,FC5,214,3.794,S2M
9,FC5,215,2.818,S2M
9,FC5,216,0.865,S2M
9,FC5,217,-0.112,S2M
9,FC5,218,-1.088,S2M
9,FC5,219,-1.088,S2M
9,FC5,220,-0.600,S2M
9,FC5,221,-0.600,S2M
9,FC5,222,-0.112,S2M
9,FC5,223,0.376,S2M
9,FC5,224,1.841,S2M
9,FC5,225,3.306,S2M
9,FC5,226,3.794,S2M
9,FC5,227,3.794,S2M
9,FC5,228,3.794,S2M
9,FC5,229,2.330,S2M
9,FC5,230,1.353,S2M
9,FC5,231,0.376,S2M
9,FC5,232,-0.112,S2M
9,FC5,233,0.376,S2M
9,FC5,234,0.865,S2M
9,FC5,235,1.841,S2M
9,FC5,236,1.841,S2M
9,FC5,237,1.353,S2M
9,FC5,238,0.376,S2M
9,FC5,239,-0.112,S2M
9,FC5,240,0.865,S2M
9,FC5,241,2.330,S2M
9,FC5,242,3.794,S2M
9,FC5,243,4.771,S2M
9,FC5,244,4.283,S2M
9,FC5,245,3.306,S2M
9,FC5,246,2.818,S2M
9,FC5,247,2.818,S2M
9,FC5,248,4.283,S2M
9,FC5,249,4.771,S2M
9,FC5,250,4.771,S2M
9,FC5,251,3.794,S2M
9,FC5,252,2.818,S2M
9,FC5,253,1.841,S2M
9,FC5,254,1.841,S2M
9,FC5,255,2.818,S2M
9,FC2,0,-3.215,S2M
9,FC2,1,-3.703,S2M
9,FC2,2,-3.703,S2M
9,FC2,3,-2.726,S2M
9,FC2,4,-1.750,S2M
9,FC2,5,-0.773,S2M
9,FC2,6,-0.285,S2M
9,FC2,7,-0.773,S2M
9,FC2,8,-1.750,S2M
9,FC2,9,-2.238,S2M
9,FC2,10,-2.726,S2M
9,FC2,11,-2.238,S2M
9,FC2,12,-1.750,S2M
9,FC2,13,-1.261,S2M
9,FC2,14,-0.285,S2M
9,FC2,15,0.203,S2M
9,FC2,16,0.692,S2M
9,FC2,17,1.668,S2M
9,FC2,18,1.668,S2M
9,FC2,19,1.180,S2M
9,FC2,20,0.203,S2M
9,FC2,21,-0.773,S2M
9,FC2,22,-1.750,S2M
9,FC2,23,-1.750,S2M
9,FC2,24,-1.750,S2M
9,FC2,25,-1.261,S2M
9,FC2,26,-1.261,S2M
9,FC2,27,-1.750,S2M
9,FC2,28,-2.238,S2M
9,FC2,29,-2.726,S2M
9,FC2,30,-3.215,S2M
9,FC2,31,-3.215,S2M
9,FC2,32,-3.215,S2M
9,FC2,33,-3.215,S2M
9,FC2,34,-3.215,S2M
9,FC2,35,-2.726,S2M
9,FC2,36,-2.238,S2M
9,FC2,37,-2.238,S2M
9,FC2,38,-2.726,S2M
9,FC2,39,-2.726,S2M
9,FC2,40,-2.238,S2M
9,FC2,41,-1.750,S2M
9,FC2,42,-0.773,S2M
9,FC2,43,-0.285,S2M
9,FC2,44,-0.285,S2M
9,FC2,45,-0.285,S2M
9,FC2,46,-0.285,S2M
9,FC2,47,-0.285,S2M
9,FC2,48,0.203,S2M
9,FC2,49,0.203,S2M
9,FC2,50,0.203,S2M
9,FC2,51,0.692,S2M
9,FC2,52,1.180,S2M
9,FC2,53,1.180,S2M
9,FC2,54,1.180,S2M
9,FC2,55,0.203,S2M
9,FC2,56,-0.285,S2M
9,FC2,57,-0.773,S2M
9,FC2,58,-0.285,S2M
9,FC2,59,-0.285,S2M
9,FC2,60,-0.285,S2M
9,FC2,61,-0.773,S2M
9,FC2,62,-1.750,S2M
9,FC2,63,-2.238,S2M
9,FC2,64,-2.238,S2M
9,FC2,65,-2.238,S2M
9,FC2,66,-2.238,S2M
9,FC2,67,-2.238,S2M
9,FC2,68,-2.238,S2M
9,FC2,69,-2.726,S2M
9,FC2,70,-2.726,S2M
9,FC2,71,-3.215,S2M
9,FC2,72,-2.238,S2M
9,FC2,73,-1.750,S2M
9,FC2,74,-1.750,S2M
9,FC2,75,-1.750,S2M
9,FC2,76,-2.726,S2M
9,FC2,77,-3.215,S2M
9,FC2,78,-3.215,S2M
9,FC2,79,-2.726,S2M
9,FC2,80,-1.750,S2M
9,FC2,81,-0.773,S2M
9,FC2,82,-0.285,S2M
9,FC2,83,-0.285,S2M
9,FC2,84,-0.773,S2M
9,FC2,85,-1.261,S2M
9,FC2,86,-1.750,S2M
9,FC2,87,-1.750,S2M
9,FC2,88,-1.261,S2M
9,FC2,89,-1.261,S2M
9,FC2,90,-1.261,S2M
9,FC2,91,-1.261,S2M
9,FC2,92,-1.261,S2M
9,FC2,93,-0.773,S2M
9,FC2,94,-0.285,S2M
9,FC2,95,0.203,S2M
9,FC2,96,0.692,S2M
9,FC2,97,0.692,S2M
9,FC2,98,-0.285,S2M
9,FC2,99,-1.261,S2M
9,FC2,100,-1.750,S2M
9,FC2,101,-2.238,S2M
9,FC2,102,-1.261,S2M
9,FC2,103,-0.285,S2M
9,FC2,104,-0.285,S2M
9,FC2,105,-0.285,S2M
9,FC2,106,-0.773,S2M
9,FC2,107,-1.261,S2M
9,FC2,108,-1.750,S2M
9,FC2,109,-1.750,S2M
9,FC2,110,-1.750,S2M
9,FC2,111,-1.750,S2M
9,FC2,112,-1.750,S2M
9,FC2,113,-1.750,S2M
9,FC2,114,-1.261,S2M
9,FC2,115,-1.261,S2M
9,FC2,116,-1.750,S2M
9,FC2,117,-1.750,S2M
9,FC2,118,-2.238,S2M
9,FC2,119,-2.726,S2M
9,FC2,120,-2.726,S2M
9,FC2,121,-3.215,S2M
9,FC2,122,-2.726,S2M
9,FC2,123,-2.726,S2M
9,FC2,124,-2.726,S2M
9,FC2,125,-2.238,S2M
9,FC2,126,-2.238,S2M
9,FC2,127,-2.238,S2M
9,FC2,128,-1.750,S2M
9,FC2,129,-1.750,S2M
9,FC2,130,-1.261,S2M
9,FC2,131,-1.261,S2M
9,FC2,132,-0.773,S2M
9,FC2,133,-0.773,S2M
9,FC2,134,-0.285,S2M
9,FC2,135,-0.285,S2M
9,FC2,136,-0.285,S2M
9,FC2,137,-0.285,S2M
9,FC2,138,-0.773,S2M
9,FC2,139,-1.261,S2M
9,FC2,140,-1.261,S2M
9,FC2,141,-1.750,S2M
9,FC2,142,-1.261,S2M
9,FC2,143,-0.773,S2M
9,FC2,144,-0.285,S2M
9,FC2,145,0.203,S2M
9,FC2,146,0.203,S2M
9,FC2,147,0.203,S2M
9,FC2,148,0.203,S2M
9,FC2,149,0.203,S2M
9,FC2,150,0.203,S2M
9,FC2,151,0.203,S2M
9,FC2,152,0.692,S2M
9,FC2,153,0.692,S2M
9,FC2,154,1.180,S2M
9,FC2,155,1.180,S2M
9,FC2,156,1.180,S2M
9,FC2,157,1.180,S2M
9,FC2,158,0.692,S2M
9,FC2,159,0.692,S2M
9,FC2,160,0.692,S2M
9,FC2,161,0.203,S2M
9,FC2,162,0.203,S2M
9,FC2,163,0.203,S2M
9,FC2,164,0.203,S2M
9,FC2,165,-0.285,S2M
9,FC2,166,-0.773,S2M
9,FC2,167,-1.261,S2M
9,FC2,168,-1.261,S2M
9,FC2,169,-1.750,S2M
9,FC2,170,-1.750,S2M
9,FC2,171,-1.750,S2M
9,FC2,172,-2.238,S2M
9,FC2,173,-2.238,S2M
9,FC2,174,-2.238,S2M
9,FC2,175,-1.750,S2M
9,FC2,176,-1.261,S2M
9,FC2,177,-1.261,S2M
9,FC2,178,-0.773,S2M
9,FC2,179,-0.773,S2M
9,FC2,180,-0.285,S2M
9,FC2,181,0.692,S2M
9,FC2,182,1.180,S2M
9,FC2,183,1.668,S2M
9,FC2,184,1.180,S2M
9,FC2,185,0.692,S2M
9,FC2,186,0.203,S2M
9,FC2,187,0.692,S2M
9,FC2,188,1.180,S2M
9,FC2,189,1.668,S2M
9,FC2,190,1.668,S2M
9,FC2,191,2.157,S2M
9,FC2,192,2.157,S2M
9,FC2,193,2.157,S2M
9,FC2,194,1.668,S2M
9,FC2,195,1.668,S2M
9,FC2,196,1.180,S2M
9,FC2,197,0.203,S2M
9,FC2,198,-0.285,S2M
9,FC2,199,-0.773,S2M
9,FC2,200,-0.285,S2M
9,FC2,201,0.203,S2M
9,FC2,202,0.203,S2M
9,FC2,203,0.692,S2M
9,FC2,204,0.203,S2M
9,FC2,205,0.203,S2M
9,FC2,206,-0.285,S2M
9,FC2,207,-0.285,S2M
9,FC2,208,-0.773,S2M
9,FC2,209,-1.750,S2M
9,FC2,210,-2.238,S2M
9,FC2,211,-2.238,S2M
9,FC2,212,-1.750,S2M
9,FC2,213,-1.261,S2M
9,FC2,214,-0.773,S2M
9,FC2,215,-1.261,S2M
9,FC2,216,-1.261,S2M
9,FC2,217,-1.750,S2M
9,FC2,218,-2.238,S2M
9,FC2,219,-2.238,S2M
9,FC2,220,-2.726,S2M
9,FC2,221,-2.726,S2M
9,FC2,222,-2.726,S2M
9,FC2,223,-1.750,S2M
9,FC2,224,-0.773,S2M
9,FC2,225,0.203,S2M
9,FC2,226,0.692,S2M
9,FC2,227,0.692,S2M
9,FC2,228,0.203,S2M
9,FC2,229,0.203,S2M
9,FC2,230,-0.285,S2M
9,FC2,231,0.203,S2M
9,FC2,232,0.203,S2M
9,FC2,233,0.692,S2M
9,FC2,234,0.692,S2M
9,FC2,235,1.180,S2M
9,FC2,236,1.180,S2M
9,FC2,237,1.180,S2M
9,FC2,238,0.692,S2M
9,FC2,239,0.692,S2M
9,FC2,240,0.692,S2M
9,FC2,241,0.692,S2M
9,FC2,242,1.180,S2M
9,FC2,243,1.668,S2M
9,FC2,244,1.180,S2M
9,FC2,245,0.203,S2M
9,FC2,246,-0.773,S2M
9,FC2,247,-1.750,S2M
9,FC2,248,-2.238,S2M
9,FC2,249,-2.726,S2M
9,FC2,250,-2.726,S2M
9,FC2,251,-2.726,S2M
9,FC2,252,-2.238,S2M
9,FC2,253,-1.750,S2M
9,FC2,254,-1.261,S2M
9,FC2,255,-0.773,S2M
9,FC1,0,-2.757,S2M
9,FC1,1,-2.757,S2M
9,FC1,2,-2.268,S2M
9,FC1,3,-1.780,S2M
9,FC1,4,-1.292,S2M
9,FC1,5,-1.292,S2M
9,FC1,6,-1.780,S2M
9,FC1,7,-1.780,S2M
9,FC1,8,-1.780,S2M
9,FC1,9,-1.292,S2M
9,FC1,10,-1.292,S2M
9,FC1,11,-0.804,S2M
9,FC1,12,-1.292,S2M
9,FC1,13,-0.804,S2M
9,FC1,14,-0.804,S2M
9,FC1,15,-0.315,S2M
9,FC1,16,0.173,S2M
9,FC1,17,0.661,S2M
9,FC1,18,0.173,S2M
9,FC1,19,-0.315,S2M
9,FC1,20,-0.804,S2M
9,FC1,21,-0.804,S2M
9,FC1,22,-1.292,S2M
9,FC1,23,-1.780,S2M
9,FC1,24,-2.268,S2M
9,FC1,25,-3.245,S2M
9,FC1,26,-3.733,S2M
9,FC1,27,-4.222,S2M
9,FC1,28,-4.222,S2M
9,FC1,29,-3.733,S2M
9,FC1,30,-3.245,S2M
9,FC1,31,-3.733,S2M
9,FC1,32,-3.733,S2M
9,FC1,33,-4.222,S2M
9,FC1,34,-3.245,S2M
9,FC1,35,-2.757,S2M
9,FC1,36,-1.780,S2M
9,FC1,37,-1.292,S2M
9,FC1,38,-0.804,S2M
9,FC1,39,-0.804,S2M
9,FC1,40,-0.315,S2M
9,FC1,41,0.173,S2M
9,FC1,42,0.661,S2M
9,FC1,43,0.661,S2M
9,FC1,44,0.661,S2M
9,FC1,45,0.661,S2M
9,FC1,46,0.661,S2M
9,FC1,47,1.149,S2M
9,FC1,48,1.638,S2M
9,FC1,49,2.126,S2M
9,FC1,50,2.126,S2M
9,FC1,51,1.638,S2M
9,FC1,52,1.638,S2M
9,FC1,53,1.638,S2M
9,FC1,54,1.149,S2M
9,FC1,55,1.149,S2M
9,FC1,56,1.638,S2M
9,FC1,57,1.149,S2M
9,FC1,58,1.638,S2M
9,FC1,59,1.149,S2M
9,FC1,60,1.149,S2M
9,FC1,61,0.661,S2M
9,FC1,62,0.173,S2M
9,FC1,63,-0.315,S2M
9,FC1,64,-1.292,S2M
9,FC1,65,-1.292,S2M
9,FC1,66,-1.292,S2M
9,FC1,67,-1.292,S2M
9,FC1,68,-1.292,S2M
9,FC1,69,-1.292,S2M
9,FC1,70,-1.780,S2M
9,FC1,71,-1.292,S2M
9,FC1,72,-0.315,S2M
9,FC1,73,1.149,S2M
9,FC1,74,2.126,S2M
9,FC1,75,1.638,S2M
9,FC1,76,0.661,S2M
9,FC1,77,-0.315,S2M
9,FC1,78,-0.804,S2M
9,FC1,79,-0.315,S2M
9,FC1,80,0.661,S2M
9,FC1,81,1.638,S2M
9,FC1,82,1.638,S2M
9,FC1,83,1.638,S2M
9,FC1,84,1.149,S2M
9,FC1,85,0.661,S2M
9,FC1,86,0.173,S2M
9,FC1,87,-0.315,S2M
9,FC1,88,-0.315,S2M
9,FC1,89,-0.804,S2M
9,FC1,90,-0.315,S2M
9,FC1,91,-0.315,S2M
9,FC1,92,-0.315,S2M
9,FC1,93,-0.315,S2M
9,FC1,94,-0.804,S2M
9,FC1,95,-0.804,S2M
9,FC1,96,-0.315,S2M
9,FC1,97,-0.315,S2M
9,FC1,98,-0.315,S2M
9,FC1,99,-0.804,S2M
9,FC1,100,-1.780,S2M
9,FC1,101,-2.268,S2M
9,FC1,102,-2.268,S2M
9,FC1,103,-2.268,S2M
9,FC1,104,-1.292,S2M
9,FC1,105,-1.292,S2M
9,FC1,106,-1.292,S2M
9,FC1,107,-1.780,S2M
9,FC1,108,-3.245,S2M
9,FC1,109,-3.733,S2M
9,FC1,110,-4.222,S2M
9,FC1,111,-4.222,S2M
9,FC1,112,-3.733,S2M
9,FC1,113,-2.757,S2M
9,FC1,114,-2.268,S2M
9,FC1,115,-2.268,S2M
9,FC1,116,-2.757,S2M
9,FC1,117,-3.245,S2M
9,FC1,118,-4.222,S2M
9,FC1,119,-4.222,S2M
9,FC1,120,-4.222,S2M
9,FC1,121,-4.222,S2M
9,FC1,122,-4.222,S2M
9,FC1,123,-4.710,S2M
9,FC1,124,-4.222,S2M
9,FC1,125,-4.222,S2M
9,FC1,126,-3.733,S2M
9,FC1,127,-3.733,S2M
9,FC1,128,-3.733,S2M
9,FC1,129,-4.222,S2M
9,FC1,130,-4.222,S2M
9,FC1,131,-4.222,S2M
9,FC1,132,-4.222,S2M
9,FC1,133,-3.733,S2M
9,FC1,134,-2.757,S2M
9,FC1,135,-1.780,S2M
9,FC1,136,-1.292,S2M
9,FC1,137,-0.804,S2M
9,FC1,138,-0.804,S2M
9,FC1,139,-1.292,S2M
9,FC1,140,-1.780,S2M
9,FC1,141,-2.268,S2M
9,FC1,142,-1.292,S2M
9,FC1,143,-0.315,S2M
9,FC1,144,0.173,S2M
9,FC1,145,0.173,S2M
9,FC1,146,-0.315,S2M
9,FC1,147,-0.315,S2M
9,FC1,148,-0.804,S2M
9,FC1,149,-0.804,S2M
9,FC1,150,-0.315,S2M
9,FC1,151,-0.804,S2M
9,FC1,152,-1.292,S2M
9,FC1,153,-0.804,S2M
9,FC1,154,-0.315,S2M
9,FC1,155,0.173,S2M
9,FC1,156,1.149,S2M
9,FC1,157,1.149,S2M
9,FC1,158,0.661,S2M
9,FC1,159,-0.315,S2M
9,FC1,160,-0.804,S2M
9,FC1,161,-1.292,S2M
9,FC1,162,-1.292,S2M
9,FC1,163,-0.315,S2M
9,FC1,164,0.173,S2M
9,FC1,165,0.173,S2M
9,FC1,166,0.173,S2M
9,FC1,167,-0.315,S2M
9,FC1,168,-0.804,S2M
9,FC1,169,-0.804,S2M
9,FC1,170,-1.292,S2M
9,FC1,171,-2.268,S2M
9,FC1,172,-3.245,S2M
9,FC1,173,-3.733,S2M
9,FC1,174,-3.733,S2M
9,FC1,175,-3.733,S2M
9,FC1,176,-2.757,S2M
9,FC1,177,-1.780,S2M
9,FC1,178,-1.292,S2M
9,FC1,179,-1.292,S2M
9,FC1,180,-1.780,S2M
9,FC1,181,-1.292,S2M
9,FC1,182,-0.804,S2M
9,FC1,183,-0.315,S2M
9,FC1,184,0.661,S2M
9,FC1,185,1.149,S2M
9,FC1,186,1.149,S2M
9,FC1,187,0.661,S2M
9,FC1,188,0.173,S2M
9,FC1,189,-0.315,S2M
9,FC1,190,-0.804,S2M
9,FC1,191,-0.315,S2M
9,FC1,192,-0.315,S2M
9,FC1,193,0.173,S2M
9,FC1,194,0.661,S2M
9,FC1,195,0.661,S2M
9,FC1,196,0.173,S2M
9,FC1,197,-0.315,S2M
9,FC1,198,-1.780,S2M
9,FC1,199,-2.268,S2M
9,FC1,200,-2.268,S2M
9,FC1,201,-1.292,S2M
9,FC1,202,-0.315,S2M
9,FC1,203,0.173,S2M
9,FC1,204,0.661,S2M
9,FC1,205,0.173,S2M
9,FC1,206,-0.315,S2M
9,FC1,207,-1.292,S2M
9,FC1,208,-1.780,S2M
9,FC1,209,-1.780,S2M
9,FC1,210,-1.780,S2M
9,FC1,211,-1.780,S2M
9,FC1,212,-1.292,S2M
9,FC1,213,-1.292,S2M
9,FC1,214,-1.292,S2M
9,FC1,215,-1.780,S2M
9,FC1,216,-2.268,S2M
9,FC1,217,-3.245,S2M
9,FC1,218,-3.245,S2M
9,FC1,219,-3.733,S2M
9,FC1,220,-4.222,S2M
9,FC1,221,-4.222,S2M
9,FC1,222,-4.222,S2M
9,FC1,223,-3.245,S2M
9,FC1,224,-2.268,S2M
9,FC1,225,-1.292,S2M
9,FC1,226,-0.315,S2M
9,FC1,227,-0.315,S2M
9,FC1,228,-0.315,S2M
9,FC1,229,-1.292,S2M
9,FC1,230,-1.780,S2M
9,FC1,231,-2.268,S2M
9,FC1,232,-2.757,S2M
9,FC1,233,-2.268,S2M
9,FC1,234,-1.292,S2M
9,FC1,235,-1.292,S2M
9,FC1,236,-0.804,S2M
9,FC1,237,-1.292,S2M
9,FC1,238,-1.780,S2M
9,FC1,239,-2.757,S2M
9,FC1,240,-2.268,S2M
9,FC1,241,-1.780,S2M
9,FC1,242,-0.804,S2M
9,FC1,243,0.173,S2M
9,FC1,244,-0.315,S2M
9,FC1,245,-0.804,S2M
9,FC1,246,-1.292,S2M
9,FC1,247,-1.292,S2M
9,FC1,248,-0.804,S2M
9,FC1,249,-0.804,S2M
9,FC1,250,-0.804,S2M
9,FC1,251,-1.292,S2M
9,FC1,252,-1.780,S2M
9,FC1,253,-1.780,S2M
9,FC1,254,-1.780,S2M
9,FC1,255,-0.804,S2M
9,T8,0,0.570,S2M
9,T8,1,2.035,S2M
9,T8,2,3.988,S2M
9,T8,3,5.941,S2M
9,T8,4,7.406,S2M
9,T8,5,7.894,S2M
9,T8,6,8.382,S2M
9,T8,7,7.406,S2M
9,T8,8,5.941,S2M
9,T8,9,3.988,S2M
9,T8,10,2.523,S2M
9,T8,11,3.499,S2M
9,T8,12,5.941,S2M
9,T8,13,9.359,S2M
9,T8,14,12.288,S2M
9,T8,15,13.265,S2M
9,T8,16,11.312,S2M
9,T8,17,7.406,S2M
9,T8,18,3.499,S2M
9,T8,19,0.081,S2M
9,T8,20,-1.383,S2M
9,T8,21,-1.383,S2M
9,T8,22,-0.407,S2M
9,T8,23,0.570,S2M
9,T8,24,2.035,S2M
9,T8,25,3.499,S2M
9,T8,26,3.988,S2M
9,T8,27,4.476,S2M
9,T8,28,4.476,S2M
9,T8,29,5.452,S2M
9,T8,30,5.941,S2M
9,T8,31,7.406,S2M
9,T8,32,7.406,S2M
9,T8,33,6.429,S2M
9,T8,34,4.964,S2M
9,T8,35,3.499,S2M
9,T8,36,2.523,S2M
9,T8,37,2.523,S2M
9,T8,38,2.523,S2M
9,T8,39,2.523,S2M
9,T8,40,2.035,S2M
9,T8,41,1.058,S2M
9,T8,42,0.570,S2M
9,T8,43,0.081,S2M
9,T8,44,-0.407,S2M
9,T8,45,-0.895,S2M
9,T8,46,-1.383,S2M
9,T8,47,-0.895,S2M
9,T8,48,0.081,S2M
9,T8,49,1.546,S2M
9,T8,50,3.011,S2M
9,T8,51,3.988,S2M
9,T8,52,4.476,S2M
9,T8,53,4.476,S2M
9,T8,54,4.476,S2M
9,T8,55,3.499,S2M
9,T8,56,2.523,S2M
9,T8,57,0.570,S2M
9,T8,58,-1.383,S2M
9,T8,59,-2.848,S2M
9,T8,60,-3.337,S2M
9,T8,61,-3.337,S2M
9,T8,62,-3.825,S2M
9,T8,63,-3.825,S2M
9,T8,64,-4.313,S2M
9,T8,65,-4.801,S2M
9,T8,66,-4.801,S2M
9,T8,67,-4.801,S2M
9,T8,68,-4.313,S2M
9,T8,69,-4.313,S2M
9,T8,70,-4.313,S2M
9,T8,71,-5.290,S2M
9,T8,72,-5.778,S2M
9,T8,73,-6.266,S2M
9,T8,74,-6.266,S2M
9,T8,75,-6.266,S2M
9,T8,76,-4.801,S2M
9,T8,77,-3.337,S2M
9,T8,78,-1.872,S2M
9,T8,79,-0.895,S2M
9,T8,80,-0.407,S2M
9,T8,81,0.570,S2M
9,T8,82,0.570,S2M
9,T8,83,0.570,S2M
9,T8,84,-0.407,S2M
9,T8,85,-1.383,S2M
9,T8,86,-1.872,S2M
9,T8,87,-1.872,S2M
9,T8,88,-0.895,S2M
9,T8,89,0.081,S2M
9,T8,90,0.570,S2M
9,T8,91,1.058,S2M
9,T8,92,0.570,S2M
9,T8,93,0.081,S2M
9,T8,94,-0.407,S2M
9,T8,95,-0.407,S2M
9,T8,96,-0.895,S2M
9,T8,97,-1.383,S2M
9,T8,98,-2.360,S2M
9,T8,99,-2.360,S2M
9,T8,100,-1.383,S2M
9,T8,101,0.570,S2M
9,T8,102,3.011,S2M
9,T8,103,4.476,S2M
9,T8,104,3.988,S2M
9,T8,105,2.035,S2M
9,T8,106,0.081,S2M
9,T8,107,-1.383,S2M
9,T8,108,-1.383,S2M
9,T8,109,-0.407,S2M
9,T8,110,0.570,S2M
9,T8,111,1.546,S2M
9,T8,112,2.035,S2M
9,T8,113,2.523,S2M
9,T8,114,3.499,S2M
9,T8,115,4.476,S2M
9,T8,116,4.964,S2M
9,T8,117,4.964,S2M
9,T8,118,3.988,S2M
9,T8,119,2.523,S2M
9,T8,120,1.546,S2M
9,T8,121,0.570,S2M
9,T8,122,0.570,S2M
9,T8,123,1.058,S2M
9,T8,124,1.546,S2M
9,T8,125,2.035,S2M
9,T8,126,2.035,S2M
9,T8,127,2.523,S2M
9,T8,128,2.523,S2M
9,T8,129,3.011,S2M
9,T8,130,3.499,S2M
9,T8,131,4.476,S2M
9,T8,132,5.941,S2M
9,T8,133,6.917,S2M
9,T8,134,6.917,S2M
9,T8,135,5.452,S2M
9,T8,136,3.988,S2M
9,T8,137,2.523,S2M
9,T8,138,2.035,S2M
9,T8,139,2.035,S2M
9,T8,140,2.523,S2M
9,T8,141,2.523,S2M
9,T8,142,3.011,S2M
9,T8,143,3.011,S2M
9,T8,144,3.011,S2M
9,T8,145,4.476,S2M
9,T8,146,4.964,S2M
9,T8,147,5.941,S2M
9,T8,148,6.429,S2M
9,T8,149,5.941,S2M
9,T8,150,4.964,S2M
9,T8,151,3.988,S2M
9,T8,152,4.476,S2M
9,T8,153,5.941,S2M
9,T8,154,8.382,S2M
9,T8,155,9.847,S2M
9,T8,156,10.335,S2M
9,T8,157,8.870,S2M
9,T8,158,7.894,S2M
9,T8,159,7.406,S2M
9,T8,160,7.894,S2M
9,T8,161,9.847,S2M
9,T8,162,11.312,S2M
9,T8,163,11.800,S2M
9,T8,164,12.288,S2M
9,T8,165,11.800,S2M
9,T8,166,11.312,S2M
9,T8,167,11.312,S2M
9,T8,168,10.335,S2M
9,T8,169,10.335,S2M
9,T8,170,9.359,S2M
9,T8,171,8.382,S2M
9,T8,172,7.894,S2M
9,T8,173,7.406,S2M
9,T8,174,6.917,S2M
9,T8,175,5.941,S2M
9,T8,176,4.476,S2M
9,T8,177,3.499,S2M
9,T8,178,3.011,S2M
9,T8,179,3.499,S2M
9,T8,180,4.964,S2M
9,T8,181,7.406,S2M
9,T8,182,9.359,S2M
9,T8,183,10.335,S2M
9,T8,184,11.312,S2M
9,T8,185,10.824,S2M
9,T8,186,10.824,S2M
9,T8,187,9.847,S2M
9,T8,188,8.870,S2M
9,T8,189,8.382,S2M
9,T8,190,7.406,S2M
9,T8,191,7.894,S2M
9,T8,192,8.382,S2M
9,T8,193,9.359,S2M
9,T8,194,10.335,S2M
9,T8,195,10.335,S2M
9,T8,196,9.847,S2M
9,T8,197,8.382,S2M
9,T8,198,7.406,S2M
9,T8,199,5.941,S2M
9,T8,200,5.452,S2M
9,T8,201,5.941,S2M
9,T8,202,7.894,S2M
9,T8,203,9.847,S2M
9,T8,204,11.312,S2M
9,T8,205,11.800,S2M
9,T8,206,10.824,S2M
9,T8,207,9.359,S2M
9,T8,208,7.406,S2M
9,T8,209,5.941,S2M
9,T8,210,4.964,S2M
9,T8,211,5.452,S2M
9,T8,212,6.429,S2M
9,T8,213,8.382,S2M
9,T8,214,9.847,S2M
9,T8,215,10.335,S2M
9,T8,216,8.870,S2M
9,T8,217,6.429,S2M
9,T8,218,3.988,S2M
9,T8,219,2.523,S2M
9,T8,220,2.523,S2M
9,T8,221,3.988,S2M
9,T8,222,5.452,S2M
9,T8,223,6.429,S2M
9,T8,224,6.429,S2M
9,T8,225,6.917,S2M
9,T8,226,7.894,S2M
9,T8,227,8.382,S2M
9,T8,228,8.870,S2M
9,T8,229,8.382,S2M
9,T8,230,6.917,S2M
9,T8,231,5.452,S2M
9,T8,232,5.452,S2M
9,T8,233,5.941,S2M
9,T8,234,7.406,S2M
9,T8,235,8.382,S2M
9,T8,236,9.359,S2M
9,T8,237,9.359,S2M
9,T8,238,9.359,S2M
9,T8,239,9.359,S2M
9,T8,240,9.847,S2M
9,T8,241,10.824,S2M
9,T8,242,11.800,S2M
9,T8,243,12.777,S2M
9,T8,244,12.777,S2M
9,T8,245,10.824,S2M
9,T8,246,7.894,S2M
9,T8,247,4.476,S2M
9,T8,248,1.546,S2M
9,T8,249,0.570,S2M
9,T8,250,1.058,S2M
9,T8,251,2.523,S2M
9,T8,252,4.964,S2M
9,T8,253,6.917,S2M
9,T8,254,7.894,S2M
9,T8,255,7.894,S2M
9,T7,0,0.631,S2M
9,T7,1,1.607,S2M
9,T7,2,2.096,S2M
9,T7,3,1.607,S2M
9,T7,4,0.142,S2M
9,T7,5,-1.322,S2M
9,T7,6,-1.811,S2M
9,T7,7,-0.834,S2M
9,T7,8,1.607,S2M
9,T7,9,4.537,S2M
9,T7,10,6.490,S2M
9,T7,11,7.955,S2M
9,T7,12,7.955,S2M
9,T7,13,7.955,S2M
9,T7,14,8.931,S2M
9,T7,15,8.931,S2M
9,T7,16,7.955,S2M
9,T7,17,6.002,S2M
9,T7,18,2.584,S2M
9,T7,19,-0.346,S2M
9,T7,20,-1.811,S2M
9,T7,21,-1.322,S2M
9,T7,22,0.142,S2M
9,T7,23,0.631,S2M
9,T7,24,0.631,S2M
9,T7,25,-1.322,S2M
9,T7,26,-2.787,S2M
9,T7,27,-3.276,S2M
9,T7,28,-1.811,S2M
9,T7,29,0.631,S2M
9,T7,30,3.560,S2M
9,T7,31,5.025,S2M
9,T7,32,5.025,S2M
9,T7,33,4.049,S2M
9,T7,34,4.537,S2M
9,T7,35,5.025,S2M
9,T7,36,6.490,S2M
9,T7,37,7.467,S2M
9,T7,38,6.490,S2M
9,T7,39,5.025,S2M
9,T7,40,3.560,S2M
9,T7,41,3.072,S2M
9,T7,42,3.560,S2M
9,T7,43,3.560,S2M
9,T7,44,3.560,S2M
9,T7,45,3.560,S2M
9,T7,46,3.072,S2M
9,T7,47,3.072,S2M
9,T7,48,4.049,S2M
9,T7,49,4.537,S2M
9,T7,50,5.514,S2M
9,T7,51,5.514,S2M
9,T7,52,5.025,S2M
9,T7,53,5.025,S2M
9,T7,54,6.002,S2M
9,T7,55,6.978,S2M
9,T7,56,7.467,S2M
9,T7,57,6.978,S2M
9,T7,58,6.002,S2M
9,T7,59,4.049,S2M
9,T7,60,3.072,S2M
9,T7,61,2.584,S2M
9,T7,62,2.584,S2M
9,T7,63,2.096,S2M
9,T7,64,1.607,S2M
9,T7,65,0.631,S2M
9,T7,66,1.119,S2M
9,T7,67,1.607,S2M
9,T7,68,2.096,S2M
9,T7,69,2.096,S2M
9,T7,70,1.607,S2M
9,T7,71,1.119,S2M
9,T7,72,1.119,S2M
9,T7,73,1.119,S2M
9,T7,74,2.096,S2M
9,T7,75,2.096,S2M
9,T7,76,1.607,S2M
9,T7,77,1.607,S2M
9,T7,78,1.607,S2M
9,T7,79,2.096,S2M
9,T7,80,3.560,S2M
9,T7,81,5.025,S2M
9,T7,82,5.514,S2M
9,T7,83,5.514,S2M
9,T7,84,4.537,S2M
9,T7,85,3.072,S2M
9,T7,86,2.096,S2M
9,T7,87,1.119,S2M
9,T7,88,0.142,S2M
9,T7,89,0.142,S2M
9,T7,90,-0.346,S2M
9,T7,91,0.142,S2M
9,T7,92,0.142,S2M
9,T7,93,0.142,S2M
9,T7,94,-0.834,S2M
9,T7,95,-2.787,S2M
9,T7,96,-4.252,S2M
9,T7,97,-5.229,S2M
9,T7,98,-4.252,S2M
9,T7,99,-3.276,S2M
9,T7,100,-1.811,S2M
9,T7,101,-1.322,S2M
9,T7,102,-0.834,S2M
9,T7,103,-0.346,S2M
9,T7,104,0.631,S2M
9,T7,105,1.607,S2M
9,T7,106,2.096,S2M
9,T7,107,1.607,S2M
9,T7,108,0.142,S2M
9,T7,109,-1.322,S2M
9,T7,110,-2.299,S2M
9,T7,111,-1.811,S2M
9,T7,112,0.142,S2M
9,T7,113,2.096,S2M
9,T7,114,3.560,S2M
9,T7,115,4.049,S2M
9,T7,116,3.560,S2M
9,T7,117,2.584,S2M
9,T7,118,1.607,S2M
9,T7,119,1.607,S2M
9,T7,120,2.096,S2M
9,T7,121,2.584,S2M
9,T7,122,3.560,S2M
9,T7,123,4.049,S2M
9,T7,124,4.537,S2M
9,T7,125,4.537,S2M
9,T7,126,4.049,S2M
9,T7,127,3.560,S2M
9,T7,128,3.072,S2M
9,T7,129,3.072,S2M
9,T7,130,3.560,S2M
9,T7,131,3.560,S2M
9,T7,132,3.560,S2M
9,T7,133,2.584,S2M
9,T7,134,1.607,S2M
9,T7,135,1.119,S2M
9,T7,136,1.119,S2M
9,T7,137,2.096,S2M
9,T7,138,3.072,S2M
9,T7,139,3.072,S2M
9,T7,140,2.584,S2M
9,T7,141,2.584,S2M
9,T7,142,2.584,S2M
9,T7,143,3.560,S2M
9,T7,144,5.025,S2M
9,T7,145,6.002,S2M
9,T7,146,6.002,S2M
9,T7,147,5.514,S2M
9,T7,148,4.049,S2M
9,T7,149,2.584,S2M
9,T7,150,1.607,S2M
9,T7,151,1.119,S2M
9,T7,152,1.607,S2M
9,T7,153,3.072,S2M
9,T7,154,5.514,S2M
9,T7,155,6.978,S2M
9,T7,156,7.955,S2M
9,T7,157,7.467,S2M
9,T7,158,6.490,S2M
9,T7,159,5.514,S2M
9,T7,160,5.514,S2M
9,T7,161,6.002,S2M
9,T7,162,7.467,S2M
9,T7,163,8.931,S2M
9,T7,164,9.420,S2M
9,T7,165,9.908,S2M
9,T7,166,9.420,S2M
9,T7,167,8.931,S2M
9,T7,168,8.443,S2M
9,T7,169,7.955,S2M
9,T7,170,7.467,S2M
9,T7,171,6.002,S2M
9,T7,172,4.537,S2M
9,T7,173,2.584,S2M
9,T7,174,1.119,S2M
9,T7,175,-0.346,S2M
9,T7,176,-1.322,S2M
9,T7,177,-1.322,S2M
9,T7,178,-0.834,S2M
9,T7,179,-0.834,S2M
9,T7,180,-0.834,S2M
9,T7,181,-1.322,S2M
9,T7,182,-1.322,S2M
9,T7,183,-1.322,S2M
9,T7,184,0.142,S2M
9,T7,185,1.119,S2M
9,T7,186,2.096,S2M
9,T7,187,2.096,S2M
9,T7,188,0.631,S2M
9,T7,189,-1.322,S2M
9,T7,190,-2.299,S2M
9,T7,191,-1.811,S2M
9,T7,192,0.142,S2M
9,T7,193,2.584,S2M
9,T7,194,5.025,S2M
9,T7,195,5.514,S2M
9,T7,196,5.025,S2M
9,T7,197,3.072,S2M
9,T7,198,0.631,S2M
9,T7,199,-0.834,S2M
9,T7,200,-1.322,S2M
9,T7,201,0.142,S2M
9,T7,202,2.096,S2M
9,T7,203,3.560,S2M
9,T7,204,4.049,S2M
9,T7,205,3.560,S2M
9,T7,206,3.072,S2M
9,T7,207,3.072,S2M
9,T7,208,3.560,S2M
9,T7,209,4.049,S2M
9,T7,210,4.049,S2M
9,T7,211,4.049,S2M
9,T7,212,3.560,S2M
9,T7,213,3.072,S2M
9,T7,214,2.584,S2M
9,T7,215,2.096,S2M
9,T7,216,0.631,S2M
9,T7,217,-0.346,S2M
9,T7,218,-1.322,S2M
9,T7,219,-1.322,S2M
9,T7,220,-1.322,S2M
9,T7,221,-0.346,S2M
9,T7,222,-0.346,S2M
9,T7,223,0.142,S2M
9,T7,224,0.631,S2M
9,T7,225,1.607,S2M
9,T7,226,2.584,S2M
9,T7,227,3.072,S2M
9,T7,228,3.072,S2M
9,T7,229,2.584,S2M
9,T7,230,2.096,S2M
9,T7,231,1.607,S2M
9,T7,232,1.607,S2M
9,T7,233,2.096,S2M
9,T7,234,2.584,S2M
9,T7,235,2.584,S2M
9,T7,236,2.584,S2M
9,T7,237,1.607,S2M
9,T7,238,1.119,S2M
9,T7,239,0.631,S2M
9,T7,240,1.607,S2M
9,T7,241,3.560,S2M
9,T7,242,5.025,S2M
9,T7,243,5.514,S2M
9,T7,244,5.025,S2M
9,T7,245,4.049,S2M
9,T7,246,3.560,S2M
9,T7,247,3.560,S2M
9,T7,248,5.025,S2M
9,T7,249,6.490,S2M
9,T7,250,7.955,S2M
9,T7,251,8.443,S2M
9,T7,252,7.467,S2M
9,T7,253,6.002,S2M
9,T7,254,5.025,S2M
9,T7,255,5.025,S2M
9,CZ,0,-8.311,S2M
9,CZ,1,-9.776,S2M
9,CZ,2,-10.264,S2M
9,CZ,3,-10.264,S2M
9,CZ,4,-8.311,S2M
9,CZ,5,-5.381,S2M
9,CZ,6,-2.452,S2M
9,CZ,7,-0.498,S2M
9,CZ,8,-0.498,S2M
9,CZ,9,-1.475,S2M
9,CZ,10,-2.940,S2M
9,CZ,11,-1.963,S2M
9,CZ,12,0.966,S2M
9,CZ,13,5.361,S2M
9,CZ,14,9.755,S2M
9,CZ,15,11.220,S2M
9,CZ,16,10.244,S2M
9,CZ,17,6.826,S2M
9,CZ,18,2.431,S2M
9,CZ,19,-0.987,S2M
9,CZ,20,-2.940,S2M
9,CZ,21,-2.940,S2M
9,CZ,22,-1.475,S2M
9,CZ,23,-0.987,S2M
9,CZ,24,-0.987,S2M
9,CZ,25,-2.452,S2M
9,CZ,26,-4.893,S2M
9,CZ,27,-5.870,S2M
9,CZ,28,-5.381,S2M
9,CZ,29,-2.940,S2M
9,CZ,30,-0.987,S2M
9,CZ,31,-0.010,S2M
9,CZ,32,-0.498,S2M
9,CZ,33,-2.452,S2M
9,CZ,34,-3.428,S2M
9,CZ,35,-3.428,S2M
9,CZ,36,-2.452,S2M
9,CZ,37,-1.475,S2M
9,CZ,38,-1.475,S2M
9,CZ,39,-1.963,S2M
9,CZ,40,-1.963,S2M
9,CZ,41,-0.498,S2M
9,CZ,42,2.431,S2M
9,CZ,43,4.384,S2M
9,CZ,44,5.361,S2M
9,CZ,45,4.384,S2M
9,CZ,46,2.920,S2M
9,CZ,47,2.431,S2M
9,CZ,48,2.920,S2M
9,CZ,49,4.873,S2M
9,CZ,50,6.826,S2M
9,CZ,51,8.779,S2M
9,CZ,52,9.755,S2M
9,CZ,53,10.244,S2M
9,CZ,54,11.220,S2M
9,CZ,55,11.709,S2M
9,CZ,56,11.220,S2M
9,CZ,57,8.779,S2M
9,CZ,58,6.337,S2M
9,CZ,59,3.896,S2M
9,CZ,60,2.431,S2M
9,CZ,61,2.431,S2M
9,CZ,62,0.966,S2M
9,CZ,63,-0.498,S2M
9,CZ,64,-2.940,S2M
9,CZ,65,-4.893,S2M
9,CZ,66,-4.893,S2M
9,CZ,67,-3.916,S2M
9,CZ,68,-2.452,S2M
9,CZ,69,-1.963,S2M
9,CZ,70,-1.963,S2M
9,CZ,71,-2.452,S2M
9,CZ,72,-1.475,S2M
9,CZ,73,-0.010,S2M
9,CZ,74,1.943,S2M
9,CZ,75,2.920,S2M
9,CZ,76,2.920,S2M
9,CZ,77,3.408,S2M
9,CZ,78,4.384,S2M
9,CZ,79,5.361,S2M
9,CZ,80,7.314,S2M
9,CZ,81,8.291,S2M
9,CZ,82,8.779,S2M
9,CZ,83,9.755,S2M
9,CZ,84,10.244,S2M
9,CZ,85,10.244,S2M
9,CZ,86,9.755,S2M
9,CZ,87,8.779,S2M
9,CZ,88,7.802,S2M
9,CZ,89,7.802,S2M
9,CZ,90,8.291,S2M
9,CZ,91,9.267,S2M
9,CZ,92,9.267,S2M
9,CZ,93,9.267,S2M
9,CZ,94,8.779,S2M
9,CZ,95,8.291,S2M
9,CZ,96,7.802,S2M
9,CZ,97,7.314,S2M
9,CZ,98,6.826,S2M
9,CZ,99,6.337,S2M
9,CZ,100,6.826,S2M
9,CZ,101,7.802,S2M
9,CZ,102,9.267,S2M
9,CZ,103,9.267,S2M
9,CZ,104,9.267,S2M
9,CZ,105,9.755,S2M
9,CZ,106,11.220,S2M
9,CZ,107,12.685,S2M
9,CZ,108,14.150,S2M
9,CZ,109,14.150,S2M
9,CZ,110,13.173,S2M
9,CZ,111,12.685,S2M
9,CZ,112,14.150,S2M
9,CZ,113,17.080,S2M
9,CZ,114,19.521,S2M
9,CZ,115,20.986,S2M
9,CZ,116,20.009,S2M
9,CZ,117,18.545,S2M
9,CZ,118,17.080,S2M
9,CZ,119,16.591,S2M
9,CZ,120,17.080,S2M
9,CZ,121,17.568,S2M
9,CZ,122,18.545,S2M
9,CZ,123,19.521,S2M
9,CZ,124,20.986,S2M
9,CZ,125,22.939,S2M
9,CZ,126,24.404,S2M
9,CZ,127,24.404,S2M
9,CZ,128,23.916,S2M
9,CZ,129,22.939,S2M
9,CZ,130,22.451,S2M
9,CZ,131,22.939,S2M
9,CZ,132,23.427,S2M
9,CZ,133,23.427,S2M
9,CZ,134,22.939,S2M
9,CZ,135,22.451,S2M
9,CZ,136,21.962,S2M
9,CZ,137,22.451,S2M
9,CZ,138,22.939,S2M
9,CZ,139,22.939,S2M
9,CZ,140,22.451,S2M
9,CZ,141,20.986,S2M
9,CZ,142,20.498,S2M
9,CZ,143,20.498,S2M
9,CZ,144,20.498,S2M
9,CZ,145,20.498,S2M
9,CZ,146,20.986,S2M
9,CZ,147,21.474,S2M
9,CZ,148,21.962,S2M
9,CZ,149,22.939,S2M
9,CZ,150,22.451,S2M
9,CZ,151,20.986,S2M
9,CZ,152,20.498,S2M
9,CZ,153,20.498,S2M
9,CZ,154,22.451,S2M
9,CZ,155,26.357,S2M
9,CZ,156,29.287,S2M
9,CZ,157,30.752,S2M
9,CZ,158,29.775,S2M
9,CZ,159,28.310,S2M
9,CZ,160,27.822,S2M
9,CZ,161,28.798,S2M
9,CZ,162,30.752,S2M
9,CZ,163,32.705,S2M
9,CZ,164,32.705,S2M
9,CZ,165,31.728,S2M
9,CZ,166,30.263,S2M
9,CZ,167,28.798,S2M
9,CZ,168,28.310,S2M
9,CZ,169,27.822,S2M
9,CZ,170,26.845,S2M
9,CZ,171,24.404,S2M
9,CZ,172,21.962,S2M
9,CZ,173,19.521,S2M
9,CZ,174,17.568,S2M
9,CZ,175,16.591,S2M
9,CZ,176,15.615,S2M
9,CZ,177,15.615,S2M
9,CZ,178,15.127,S2M
9,CZ,179,15.127,S2M
9,CZ,180,15.615,S2M
9,CZ,181,16.591,S2M
9,CZ,182,17.568,S2M
9,CZ,183,19.033,S2M
9,CZ,184,20.986,S2M
9,CZ,185,23.427,S2M
9,CZ,186,25.380,S2M
9,CZ,187,26.845,S2M
9,CZ,188,26.357,S2M
9,CZ,189,24.892,S2M
9,CZ,190,22.939,S2M
9,CZ,191,22.451,S2M
9,CZ,192,23.916,S2M
9,CZ,193,25.380,S2M
9,CZ,194,26.845,S2M
9,CZ,195,26.845,S2M
9,CZ,196,25.380,S2M
9,CZ,197,23.427,S2M
9,CZ,198,22.451,S2M
9,CZ,199,21.962,S2M
9,CZ,200,22.451,S2M
9,CZ,201,22.939,S2M
9,CZ,202,23.916,S2M
9,CZ,203,25.380,S2M
9,CZ,204,25.869,S2M
9,CZ,205,27.334,S2M
9,CZ,206,26.845,S2M
9,CZ,207,25.380,S2M
9,CZ,208,22.939,S2M
9,CZ,209,20.498,S2M
9,CZ,210,20.009,S2M
9,CZ,211,21.474,S2M
9,CZ,212,24.404,S2M
9,CZ,213,26.845,S2M
9,CZ,214,26.845,S2M
9,CZ,215,23.916,S2M
9,CZ,216,18.545,S2M
9,CZ,217,13.662,S2M
9,CZ,218,10.244,S2M
9,CZ,219,9.267,S2M
9,CZ,220,9.755,S2M
9,CZ,221,10.732,S2M
9,CZ,222,12.197,S2M
9,CZ,223,14.150,S2M
9,CZ,224,16.591,S2M
9,CZ,225,20.009,S2M
9,CZ,226,22.451,S2M
9,CZ,227,22.939,S2M
9,CZ,228,21.474,S2M
9,CZ,229,19.033,S2M
9,CZ,230,16.591,S2M
9,CZ,231,16.103,S2M
9,CZ,232,16.591,S2M
9,CZ,233,18.056,S2M
9,CZ,234,20.009,S2M
9,CZ,235,21.474,S2M
9,CZ,236,22.939,S2M
9,CZ,237,23.427,S2M
9,CZ,238,23.916,S2M
9,CZ,239,24.404,S2M
9,CZ,240,24.892,S2M
9,CZ,241,25.869,S2M
9,CZ,242,26.845,S2M
9,CZ,243,27.822,S2M
9,CZ,244,27.822,S2M
9,CZ,245,26.357,S2M
9,CZ,246,22.939,S2M
9,CZ,247,19.033,S2M
9,CZ,248,15.615,S2M
9,CZ,249,13.173,S2M
9,CZ,250,11.709,S2M
9,CZ,251,10.732,S2M
9,CZ,252,9.755,S2M
9,CZ,253,9.267,S2M
9,CZ,254,9.267,S2M
9,CZ,255,10.732,S2M
9,C3,0,0.936,S2M
9,C3,1,1.424,S2M
9,C3,2,1.912,S2M
9,C3,3,1.424,S2M
9,C3,4,0.448,S2M
9,C3,5,-1.017,S2M
9,C3,6,-1.506,S2M
9,C3,7,-1.017,S2M
9,C3,8,0.448,S2M
9,C3,9,1.912,S2M
9,C3,10,3.377,S2M
9,C3,11,3.377,S2M
9,C3,12,3.377,S2M
9,C3,13,2.889,S2M
9,C3,14,2.889,S2M
9,C3,15,2.889,S2M
9,C3,16,1.912,S2M
9,C3,17,0.936,S2M
9,C3,18,-1.017,S2M
9,C3,19,-1.994,S2M
9,C3,20,-1.994,S2M
9,C3,21,-1.017,S2M
9,C3,22,0.448,S2M
9,C3,23,0.448,S2M
9,C3,24,-0.041,S2M
9,C3,25,-1.017,S2M
9,C3,26,-2.482,S2M
9,C3,27,-2.482,S2M
9,C3,28,-1.994,S2M
9,C3,29,-1.017,S2M
9,C3,30,-0.041,S2M
9,C3,31,-0.041,S2M
9,C3,32,0.448,S2M
9,C3,33,0.448,S2M
9,C3,34,0.936,S2M
9,C3,35,1.424,S2M
9,C3,36,1.912,S2M
9,C3,37,1.912,S2M
9,C3,38,1.912,S2M
9,C3,39,1.912,S2M
9,C3,40,1.912,S2M
9,C3,41,1.912,S2M
9,C3,42,1.424,S2M
9,C3,43,-0.041,S2M
9,C3,44,-0.529,S2M
9,C3,45,-1.017,S2M
9,C3,46,-0.529,S2M
9,C3,47,0.448,S2M
9,C3,48,1.424,S2M
9,C3,49,1.912,S2M
9,C3,50,1.424,S2M
9,C3,51,0.936,S2M
9,C3,52,0.448,S2M
9,C3,53,0.448,S2M
9,C3,54,0.936,S2M
9,C3,55,1.912,S2M
9,C3,56,2.889,S2M
9,C3,57,3.377,S2M
9,C3,58,3.866,S2M
9,C3,59,3.866,S2M
9,C3,60,3.377,S2M
9,C3,61,2.401,S2M
9,C3,62,1.912,S2M
9,C3,63,0.936,S2M
9,C3,64,0.448,S2M
9,C3,65,0.936,S2M
9,C3,66,0.936,S2M
9,C3,67,1.424,S2M
9,C3,68,1.424,S2M
9,C3,69,1.424,S2M
9,C3,70,0.936,S2M
9,C3,71,1.424,S2M
9,C3,72,1.912,S2M
9,C3,73,2.889,S2M
9,C3,74,3.377,S2M
9,C3,75,2.889,S2M
9,C3,76,2.401,S2M
9,C3,77,1.912,S2M
9,C3,78,1.912,S2M
9,C3,79,2.401,S2M
9,C3,80,2.889,S2M
9,C3,81,3.377,S2M
9,C3,82,3.377,S2M
9,C3,83,2.889,S2M
9,C3,84,2.889,S2M
9,C3,85,2.401,S2M
9,C3,86,1.912,S2M
9,C3,87,1.424,S2M
9,C3,88,0.936,S2M
9,C3,89,0.448,S2M
9,C3,90,0.936,S2M
9,C3,91,0.936,S2M
9,C3,92,1.424,S2M
9,C3,93,1.424,S2M
9,C3,94,0.936,S2M
9,C3,95,-0.529,S2M
9,C3,96,-1.506,S2M
9,C3,97,-1.994,S2M
9,C3,98,-1.506,S2M
9,C3,99,-1.506,S2M
9,C3,100,-1.017,S2M
9,C3,101,-1.506,S2M
9,C3,102,-1.506,S2M
9,C3,103,-1.017,S2M
9,C3,104,-0.529,S2M
9,C3,105,0.448,S2M
9,C3,106,0.448,S2M
9,C3,107,-0.041,S2M
9,C3,108,-1.506,S2M
9,C3,109,-2.482,S2M
9,C3,110,-2.970,S2M
9,C3,111,-2.482,S2M
9,C3,112,-1.506,S2M
9,C3,113,-0.529,S2M
9,C3,114,-0.041,S2M
9,C3,115,0.448,S2M
9,C3,116,0.448,S2M
9,C3,117,-0.041,S2M
9,C3,118,-0.041,S2M
9,C3,119,-0.041,S2M
9,C3,120,-0.041,S2M
9,C3,121,-0.529,S2M
9,C3,122,-1.017,S2M
9,C3,123,-0.529,S2M
9,C3,124,-0.529,S2M
9,C3,125,-0.041,S2M
9,C3,126,0.448,S2M
9,C3,127,0.448,S2M
9,C3,128,0.448,S2M
9,C3,129,-0.041,S2M
9,C3,130,-0.041,S2M
9,C3,131,-0.041,S2M
9,C3,132,-0.041,S2M
9,C3,133,-0.041,S2M
9,C3,134,0.448,S2M
9,C3,135,0.936,S2M
9,C3,136,1.912,S2M
9,C3,137,2.401,S2M
9,C3,138,2.889,S2M
9,C3,139,2.889,S2M
9,C3,140,2.401,S2M
9,C3,141,2.401,S2M
9,C3,142,2.889,S2M
9,C3,143,3.377,S2M
9,C3,144,4.354,S2M
9,C3,145,4.354,S2M
9,C3,146,4.354,S2M
9,C3,147,3.866,S2M
9,C3,148,2.889,S2M
9,C3,149,2.401,S2M
9,C3,150,1.912,S2M
9,C3,151,2.401,S2M
9,C3,152,2.889,S2M
9,C3,153,3.866,S2M
9,C3,154,4.842,S2M
9,C3,155,5.819,S2M
9,C3,156,5.819,S2M
9,C3,157,5.819,S2M
9,C3,158,4.842,S2M
9,C3,159,4.354,S2M
9,C3,160,4.354,S2M
9,C3,161,4.354,S2M
9,C3,162,4.842,S2M
9,C3,163,5.330,S2M
9,C3,164,5.819,S2M
9,C3,165,6.307,S2M
9,C3,166,6.307,S2M
9,C3,167,6.795,S2M
9,C3,168,6.795,S2M
9,C3,169,6.795,S2M
9,C3,170,6.307,S2M
9,C3,171,5.819,S2M
9,C3,172,4.842,S2M
9,C3,173,3.377,S2M
9,C3,174,2.889,S2M
9,C3,175,2.401,S2M
9,C3,176,2.889,S2M
9,C3,177,3.866,S2M
9,C3,178,4.354,S2M
9,C3,179,4.354,S2M
9,C3,180,3.866,S2M
9,C3,181,2.889,S2M
9,C3,182,2.401,S2M
9,C3,183,2.401,S2M
9,C3,184,3.866,S2M
9,C3,185,4.842,S2M
9,C3,186,5.330,S2M
9,C3,187,4.842,S2M
9,C3,188,3.377,S2M
9,C3,189,1.912,S2M
9,C3,190,1.424,S2M
9,C3,191,1.912,S2M
9,C3,192,2.889,S2M
9,C3,193,3.377,S2M
9,C3,194,4.354,S2M
9,C3,195,4.354,S2M
9,C3,196,3.866,S2M
9,C3,197,2.889,S2M
9,C3,198,1.912,S2M
9,C3,199,1.424,S2M
9,C3,200,1.424,S2M
9,C3,201,2.401,S2M
9,C3,202,2.889,S2M
9,C3,203,3.866,S2M
9,C3,204,3.866,S2M
9,C3,205,3.866,S2M
9,C3,206,3.866,S2M
9,C3,207,3.866,S2M
9,C3,208,4.354,S2M
9,C3,209,4.354,S2M
9,C3,210,4.354,S2M
9,C3,211,3.866,S2M
9,C3,212,3.866,S2M
9,C3,213,3.377,S2M
9,C3,214,2.889,S2M
9,C3,215,2.889,S2M
9,C3,216,2.889,S2M
9,C3,217,2.401,S2M
9,C3,218,2.889,S2M
9,C3,219,2.401,S2M
9,C3,220,2.401,S2M
9,C3,221,1.912,S2M
9,C3,222,1.424,S2M
9,C3,223,1.912,S2M
9,C3,224,1.912,S2M
9,C3,225,2.889,S2M
9,C3,226,3.377,S2M
9,C3,227,3.866,S2M
9,C3,228,3.866,S2M
9,C3,229,3.377,S2M
9,C3,230,2.889,S2M
9,C3,231,2.401,S2M
9,C3,232,1.912,S2M
9,C3,233,1.912,S2M
9,C3,234,2.401,S2M
9,C3,235,2.401,S2M
9,C3,236,2.401,S2M
9,C3,237,1.912,S2M
9,C3,238,1.424,S2M
9,C3,239,0.936,S2M
9,C3,240,1.424,S2M
9,C3,241,2.401,S2M
9,C3,242,3.377,S2M
9,C3,243,3.866,S2M
9,C3,244,3.377,S2M
9,C3,245,2.889,S2M
9,C3,246,2.889,S2M
9,C3,247,3.866,S2M
9,C3,248,5.330,S2M
9,C3,249,6.307,S2M
9,C3,250,6.307,S2M
9,C3,251,5.330,S2M
9,C3,252,4.354,S2M
9,C3,253,3.377,S2M
9,C3,254,2.889,S2M
9,C3,255,3.866,S2M
9,C4,0,-1.475,S2M
9,C4,1,-0.498,S2M
9,C4,2,0.478,S2M
9,C4,3,1.455,S2M
9,C4,4,2.431,S2M
9,C4,5,2.431,S2M
9,C4,6,2.431,S2M
9,C4,7,1.455,S2M
9,C4,8,0.478,S2M
9,C4,9,-0.498,S2M
9,C4,10,-0.498,S2M
9,C4,11,-0.010,S2M
9,C4,12,0.966,S2M
9,C4,13,2.431,S2M
9,C4,14,3.408,S2M
9,C4,15,3.896,S2M
9,C4,16,3.408,S2M
9,C4,17,2.431,S2M
9,C4,18,0.966,S2M
9,C4,19,-0.010,S2M
9,C4,20,-1.475,S2M
9,C4,21,-1.963,S2M
9,C4,22,-1.963,S2M
9,C4,23,-1.475,S2M
9,C4,24,-0.010,S2M
9,C4,25,1.455,S2M
9,C4,26,1.943,S2M
9,C4,27,1.943,S2M
9,C4,28,1.455,S2M
9,C4,29,1.455,S2M
9,C4,30,1.455,S2M
9,C4,31,2.431,S2M
9,C4,32,2.431,S2M
9,C4,33,2.431,S2M
9,C4,34,1.455,S2M
9,C4,35,-0.010,S2M
9,C4,36,-0.498,S2M
9,C4,37,-0.987,S2M
9,C4,38,-1.475,S2M
9,C4,39,-1.475,S2M
9,C4,40,-1.475,S2M
9,C4,41,-1.475,S2M
9,C4,42,-1.475,S2M
9,C4,43,-1.475,S2M
9,C4,44,-1.963,S2M
9,C4,45,-2.452,S2M
9,C4,46,-1.963,S2M
9,C4,47,-1.475,S2M
9,C4,48,-0.987,S2M
9,C4,49,-0.987,S2M
9,C4,50,-0.498,S2M
9,C4,51,-0.498,S2M
9,C4,52,-0.010,S2M
9,C4,53,0.478,S2M
9,C4,54,-0.010,S2M
9,C4,55,-0.010,S2M
9,C4,56,-0.987,S2M
9,C4,57,-1.963,S2M
9,C4,58,-2.940,S2M
9,C4,59,-3.428,S2M
9,C4,60,-3.428,S2M
9,C4,61,-3.916,S2M
9,C4,62,-4.405,S2M
9,C4,63,-4.893,S2M
9,C4,64,-4.893,S2M
9,C4,65,-4.893,S2M
9,C4,66,-5.381,S2M
9,C4,67,-5.381,S2M
9,C4,68,-5.870,S2M
9,C4,69,-5.870,S2M
9,C4,70,-5.870,S2M
9,C4,71,-5.870,S2M
9,C4,72,-5.870,S2M
9,C4,73,-6.358,S2M
9,C4,74,-6.846,S2M
9,C4,75,-7.334,S2M
9,C4,76,-7.334,S2M
9,C4,77,-6.358,S2M
9,C4,78,-4.893,S2M
9,C4,79,-3.916,S2M
9,C4,80,-2.940,S2M
9,C4,81,-2.940,S2M
9,C4,82,-2.940,S2M
9,C4,83,-3.428,S2M
9,C4,84,-3.428,S2M
9,C4,85,-3.428,S2M
9,C4,86,-3.428,S2M
9,C4,87,-2.940,S2M
9,C4,88,-2.940,S2M
9,C4,89,-3.428,S2M
9,C4,90,-3.428,S2M
9,C4,91,-3.428,S2M
9,C4,92,-2.940,S2M
9,C4,93,-2.452,S2M
9,C4,94,-1.963,S2M
9,C4,95,-1.475,S2M
9,C4,96,-1.963,S2M
9,C4,97,-2.452,S2M
9,C4,98,-2.940,S2M
9,C4,99,-3.428,S2M
9,C4,100,-2.452,S2M
9,C4,101,-1.475,S2M
9,C4,102,-0.010,S2M
9,C4,103,0.478,S2M
9,C4,104,-0.010,S2M
9,C4,105,-0.987,S2M
9,C4,106,-1.963,S2M
9,C4,107,-1.963,S2M
9,C4,108,-1.475,S2M
9,C4,109,-0.498,S2M
9,C4,110,0.478,S2M
9,C4,111,0.966,S2M
9,C4,112,1.455,S2M
9,C4,113,0.966,S2M
9,C4,114,-0.010,S2M
9,C4,115,-0.010,S2M
9,C4,116,-0.010,S2M
9,C4,117,-0.010,S2M
9,C4,118,-0.010,S2M
9,C4,119,-0.498,S2M
9,C4,120,-0.987,S2M
9,C4,121,-1.475,S2M
9,C4,122,-1.475,S2M
9,C4,123,-1.963,S2M
9,C4,124,-1.475,S2M
9,C4,125,-1.475,S2M
9,C4,126,-0.987,S2M
9,C4,127,-0.498,S2M
9,C4,128,-0.010,S2M
9,C4,129,-0.010,S2M
9,C4,130,0.478,S2M
9,C4,131,0.966,S2M
9,C4,132,1.455,S2M
9,C4,133,1.943,S2M
9,C4,134,1.943,S2M
9,C4,135,0.966,S2M
9,C4,136,-0.010,S2M
9,C4,137,-0.498,S2M
9,C4,138,-0.987,S2M
9,C4,139,-0.987,S2M
9,C4,140,-0.498,S2M
9,C4,141,-0.010,S2M
9,C4,142,-0.010,S2M
9,C4,143,-0.010,S2M
9,C4,144,-0.010,S2M
9,C4,145,-0.010,S2M
9,C4,146,0.478,S2M
9,C4,147,1.455,S2M
9,C4,148,1.943,S2M
9,C4,149,1.943,S2M
9,C4,150,1.943,S2M
9,C4,151,1.455,S2M
9,C4,152,1.943,S2M
9,C4,153,1.455,S2M
9,C4,154,1.943,S2M
9,C4,155,2.431,S2M
9,C4,156,2.431,S2M
9,C4,157,2.920,S2M
9,C4,158,2.431,S2M
9,C4,159,2.920,S2M
9,C4,160,2.920,S2M
9,C4,161,2.920,S2M
9,C4,162,3.408,S2M
9,C4,163,2.920,S2M
9,C4,164,2.431,S2M
9,C4,165,2.431,S2M
9,C4,166,2.920,S2M
9,C4,167,3.408,S2M
9,C4,168,4.384,S2M
9,C4,169,3.896,S2M
9,C4,170,3.408,S2M
9,C4,171,3.408,S2M
9,C4,172,3.408,S2M
9,C4,173,3.408,S2M
9,C4,174,3.896,S2M
9,C4,175,3.896,S2M
9,C4,176,3.408,S2M
9,C4,177,2.920,S2M
9,C4,178,2.431,S2M
9,C4,179,2.920,S2M
9,C4,180,3.896,S2M
9,C4,181,4.873,S2M
9,C4,182,4.873,S2M
9,C4,183,4.873,S2M
9,C4,184,3.896,S2M
9,C4,185,3.408,S2M
9,C4,186,3.408,S2M
9,C4,187,3.408,S2M
9,C4,188,3.896,S2M
9,C4,189,4.384,S2M
9,C4,190,4.873,S2M
9,C4,191,4.873,S2M
9,C4,192,4.873,S2M
9,C4,193,4.873,S2M
9,C4,194,3.896,S2M
9,C4,195,3.408,S2M
9,C4,196,2.920,S2M
9,C4,197,2.431,S2M
9,C4,198,2.431,S2M
9,C4,199,2.431,S2M
9,C4,200,2.431,S2M
9,C4,201,2.920,S2M
9,C4,202,2.920,S2M
9,C4,203,2.920,S2M
9,C4,204,3.408,S2M
9,C4,205,3.408,S2M
9,C4,206,3.408,S2M
9,C4,207,3.408,S2M
9,C4,208,2.920,S2M
9,C4,209,1.943,S2M
9,C4,210,1.455,S2M
9,C4,211,1.455,S2M
9,C4,212,1.455,S2M
9,C4,213,2.431,S2M
9,C4,214,2.920,S2M
9,C4,215,3.408,S2M
9,C4,216,3.408,S2M
9,C4,217,2.431,S2M
9,C4,218,1.943,S2M
9,C4,219,2.431,S2M
9,C4,220,2.920,S2M
9,C4,221,3.896,S2M
9,C4,222,4.384,S2M
9,C4,223,4.384,S2M
9,C4,224,3.896,S2M
9,C4,225,3.408,S2M
9,C4,226,3.408,S2M
9,C4,227,3.408,S2M
9,C4,228,4.384,S2M
9,C4,229,4.873,S2M
9,C4,230,4.873,S2M
9,C4,231,4.873,S2M
9,C4,232,5.361,S2M
9,C4,233,5.361,S2M
9,C4,234,5.361,S2M
9,C4,235,5.361,S2M
9,C4,236,5.361,S2M
9,C4,237,5.361,S2M
9,C4,238,4.873,S2M
9,C4,239,4.873,S2M
9,C4,240,4.873,S2M
9,C4,241,5.361,S2M
9,C4,242,5.361,S2M
9,C4,243,5.361,S2M
9,C4,244,5.361,S2M
9,C4,245,4.384,S2M
9,C4,246,3.408,S2M
9,C4,247,1.943,S2M
9,C4,248,0.966,S2M
9,C4,249,0.478,S2M
9,C4,250,0.966,S2M
9,C4,251,1.943,S2M
9,C4,252,3.408,S2M
9,C4,253,4.384,S2M
9,C4,254,4.384,S2M
9,C4,255,3.896,S2M
9,CP5,0,5.066,S2M
9,CP5,1,5.554,S2M
9,CP5,2,5.066,S2M
9,CP5,3,3.601,S2M
9,CP5,4,1.160,S2M
9,CP5,5,-0.793,S2M
9,CP5,6,-1.282,S2M
9,CP5,7,0.183,S2M
9,CP5,8,2.136,S2M
9,CP5,9,4.089,S2M
9,CP5,10,5.554,S2M
9,CP5,11,5.554,S2M
9,CP5,12,5.554,S2M
9,CP5,13,5.554,S2M
9,CP5,14,6.042,S2M
9,CP5,15,6.042,S2M
9,CP5,16,5.066,S2M
9,CP5,17,2.136,S2M
9,CP5,18,-1.282,S2M
9,CP5,19,-4.211,S2M
9,CP5,20,-4.700,S2M
9,CP5,21,-3.235,S2M
9,CP5,22,-0.305,S2M
9,CP5,23,1.648,S2M
9,CP5,24,2.136,S2M
9,CP5,25,1.160,S2M
9,CP5,26,-0.305,S2M
9,CP5,27,-1.282,S2M
9,CP5,28,-0.793,S2M
9,CP5,29,0.671,S2M
9,CP5,30,3.113,S2M
9,CP5,31,4.578,S2M
9,CP5,32,5.554,S2M
9,CP5,33,5.066,S2M
9,CP5,34,5.066,S2M
9,CP5,35,4.578,S2M
9,CP5,36,5.066,S2M
9,CP5,37,5.066,S2M
9,CP5,38,4.578,S2M
9,CP5,39,3.601,S2M
9,CP5,40,2.625,S2M
9,CP5,41,2.136,S2M
9,CP5,42,0.671,S2M
9,CP5,43,-0.305,S2M
9,CP5,44,-1.282,S2M
9,CP5,45,-1.770,S2M
9,CP5,46,-1.770,S2M
9,CP5,47,-0.305,S2M
9,CP5,48,1.160,S2M
9,CP5,49,2.136,S2M
9,CP5,50,2.136,S2M
9,CP5,51,1.648,S2M
9,CP5,52,1.160,S2M
9,CP5,53,1.160,S2M
9,CP5,54,2.136,S2M
9,CP5,55,3.601,S2M
9,CP5,56,5.066,S2M
9,CP5,57,6.042,S2M
9,CP5,58,6.042,S2M
9,CP5,59,5.066,S2M
9,CP5,60,4.089,S2M
9,CP5,61,4.089,S2M
9,CP5,62,3.113,S2M
9,CP5,63,3.113,S2M
9,CP5,64,2.625,S2M
9,CP5,65,2.136,S2M
9,CP5,66,2.625,S2M
9,CP5,67,3.601,S2M
9,CP5,68,4.089,S2M
9,CP5,69,4.089,S2M
9,CP5,70,3.601,S2M
9,CP5,71,2.625,S2M
9,CP5,72,2.136,S2M
9,CP5,73,2.136,S2M
9,CP5,74,3.113,S2M
9,CP5,75,3.113,S2M
9,CP5,76,3.113,S2M
9,CP5,77,3.113,S2M
9,CP5,78,3.601,S2M
9,CP5,79,4.578,S2M
9,CP5,80,5.554,S2M
9,CP5,81,6.042,S2M
9,CP5,82,6.042,S2M
9,CP5,83,5.554,S2M
9,CP5,84,4.578,S2M
9,CP5,85,4.089,S2M
9,CP5,86,3.601,S2M
9,CP5,87,3.601,S2M
9,CP5,88,3.113,S2M
9,CP5,89,3.113,S2M
9,CP5,90,3.113,S2M
9,CP5,91,3.601,S2M
9,CP5,92,4.089,S2M
9,CP5,93,3.601,S2M
9,CP5,94,2.136,S2M
9,CP5,95,0.183,S2M
9,CP5,96,-1.282,S2M
9,CP5,97,-1.282,S2M
9,CP5,98,-1.282,S2M
9,CP5,99,-0.305,S2M
9,CP5,100,0.671,S2M
9,CP5,101,0.671,S2M
9,CP5,102,1.160,S2M
9,CP5,103,1.648,S2M
9,CP5,104,2.136,S2M
9,CP5,105,3.601,S2M
9,CP5,106,3.113,S2M
9,CP5,107,2.136,S2M
9,CP5,108,0.183,S2M
9,CP5,109,-1.282,S2M
9,CP5,110,-1.282,S2M
9,CP5,111,-0.305,S2M
9,CP5,112,1.648,S2M
9,CP5,113,2.625,S2M
9,CP5,114,3.113,S2M
9,CP5,115,3.601,S2M
9,CP5,116,3.113,S2M
9,CP5,117,3.601,S2M
9,CP5,118,3.601,S2M
9,CP5,119,3.601,S2M
9,CP5,120,3.601,S2M
9,CP5,121,3.601,S2M
9,CP5,122,3.601,S2M
9,CP5,123,4.089,S2M
9,CP5,124,4.578,S2M
9,CP5,125,5.066,S2M
9,CP5,126,5.066,S2M
9,CP5,127,5.066,S2M
9,CP5,128,4.089,S2M
9,CP5,129,4.089,S2M
9,CP5,130,4.578,S2M
9,CP5,131,4.578,S2M
9,CP5,132,4.578,S2M
9,CP5,133,4.089,S2M
9,CP5,134,3.601,S2M
9,CP5,135,3.601,S2M
9,CP5,136,3.601,S2M
9,CP5,137,4.578,S2M
9,CP5,138,5.066,S2M
9,CP5,139,5.066,S2M
9,CP5,140,5.066,S2M
9,CP5,141,5.066,S2M
9,CP5,142,5.554,S2M
9,CP5,143,6.042,S2M
9,CP5,144,6.531,S2M
9,CP5,145,7.019,S2M
9,CP5,146,7.019,S2M
9,CP5,147,6.531,S2M
9,CP5,148,5.554,S2M
9,CP5,149,4.578,S2M
9,CP5,150,4.089,S2M
9,CP5,151,3.601,S2M
9,CP5,152,5.066,S2M
9,CP5,153,6.531,S2M
9,CP5,154,7.996,S2M
9,CP5,155,8.972,S2M
9,CP5,156,9.460,S2M
9,CP5,157,8.972,S2M
9,CP5,158,8.484,S2M
9,CP5,159,7.996,S2M
9,CP5,160,8.484,S2M
9,CP5,161,8.484,S2M
9,CP5,162,9.460,S2M
9,CP5,163,9.949,S2M
9,CP5,164,10.437,S2M
9,CP5,165,10.437,S2M
9,CP5,166,10.437,S2M
9,CP5,167,10.925,S2M
9,CP5,168,10.925,S2M
9,CP5,169,10.925,S2M
9,CP5,170,10.925,S2M
9,CP5,171,9.949,S2M
9,CP5,172,8.972,S2M
9,CP5,173,7.507,S2M
9,CP5,174,6.042,S2M
9,CP5,175,5.066,S2M
9,CP5,176,5.554,S2M
9,CP5,177,6.042,S2M
9,CP5,178,6.531,S2M
9,CP5,179,7.019,S2M
9,CP5,180,6.042,S2M
9,CP5,181,4.578,S2M
9,CP5,182,3.601,S2M
9,CP5,183,3.601,S2M
9,CP5,184,4.578,S2M
9,CP5,185,6.042,S2M
9,CP5,186,6.042,S2M
9,CP5,187,5.554,S2M
9,CP5,188,4.089,S2M
9,CP5,189,2.625,S2M
9,CP5,190,2.136,S2M
9,CP5,191,3.113,S2M
9,CP5,192,5.066,S2M
9,CP5,193,6.042,S2M
9,CP5,194,7.019,S2M
9,CP5,195,6.531,S2M
9,CP5,196,6.042,S2M
9,CP5,197,4.578,S2M
9,CP5,198,3.601,S2M
9,CP5,199,3.113,S2M
9,CP5,200,3.113,S2M
9,CP5,201,3.601,S2M
9,CP5,202,4.578,S2M
9,CP5,203,5.554,S2M
9,CP5,204,5.554,S2M
9,CP5,205,5.554,S2M
9,CP5,206,6.042,S2M
9,CP5,207,6.042,S2M
9,CP5,208,7.019,S2M
9,CP5,209,7.507,S2M
9,CP5,210,7.019,S2M
9,CP5,211,6.042,S2M
9,CP5,212,4.578,S2M
9,CP5,213,3.113,S2M
9,CP5,214,2.625,S2M
9,CP5,215,3.113,S2M
9,CP5,216,4.089,S2M
9,CP5,217,5.066,S2M
9,CP5,218,5.554,S2M
9,CP5,219,5.066,S2M
9,CP5,220,4.089,S2M
9,CP5,221,3.113,S2M
9,CP5,222,2.625,S2M
9,CP5,223,2.625,S2M
9,CP5,224,3.113,S2M
9,CP5,225,3.113,S2M
9,CP5,226,3.601,S2M
9,CP5,227,3.601,S2M
9,CP5,228,4.089,S2M
9,CP5,229,4.578,S2M
9,CP5,230,5.554,S2M
9,CP5,231,5.554,S2M
9,CP5,232,5.554,S2M
9,CP5,233,4.578,S2M
9,CP5,234,4.089,S2M
9,CP5,235,3.601,S2M
9,CP5,236,3.113,S2M
9,CP5,237,2.625,S2M
9,CP5,238,2.625,S2M
9,CP5,239,3.113,S2M
9,CP5,240,3.601,S2M
9,CP5,241,4.578,S2M
9,CP5,242,5.554,S2M
9,CP5,243,5.554,S2M
9,CP5,244,4.578,S2M
9,CP5,245,4.089,S2M
9,CP5,246,4.578,S2M
9,CP5,247,6.042,S2M
9,CP5,248,8.484,S2M
9,CP5,249,10.925,S2M
9,CP5,250,11.414,S2M
9,CP5,251,10.925,S2M
9,CP5,252,8.972,S2M
9,CP5,253,7.507,S2M
9,CP5,254,7.507,S2M
9,CP5,255,7.996,S2M
9,CP6,0,0.712,S2M
9,CP6,1,3.153,S2M
9,CP6,2,5.107,S2M
9,CP6,3,6.083,S2M
9,CP6,4,7.060,S2M
9,CP6,5,8.036,S2M
9,CP6,6,8.036,S2M
9,CP6,7,7.060,S2M
9,CP6,8,5.595,S2M
9,CP6,9,3.642,S2M
9,CP6,10,2.665,S2M
9,CP6,11,3.153,S2M
9,CP6,12,5.107,S2M
9,CP6,13,7.060,S2M
9,CP6,14,8.525,S2M
9,CP6,15,8.036,S2M
9,CP6,16,6.571,S2M
9,CP6,17,4.130,S2M
9,CP6,18,1.689,S2M
9,CP6,19,-0.753,S2M
9,CP6,20,-2.218,S2M
9,CP6,21,-2.706,S2M
9,CP6,22,-1.729,S2M
9,CP6,23,-0.264,S2M
9,CP6,24,2.665,S2M
9,CP6,25,4.618,S2M
9,CP6,26,5.107,S2M
9,CP6,27,5.107,S2M
9,CP6,28,4.618,S2M
9,CP6,29,5.107,S2M
9,CP6,30,6.571,S2M
9,CP6,31,7.548,S2M
9,CP6,32,8.525,S2M
9,CP6,33,7.548,S2M
9,CP6,34,5.595,S2M
9,CP6,35,3.642,S2M
9,CP6,36,2.177,S2M
9,CP6,37,1.689,S2M
9,CP6,38,0.712,S2M
9,CP6,39,0.224,S2M
9,CP6,40,-0.753,S2M
9,CP6,41,-1.729,S2M
9,CP6,42,-2.218,S2M
9,CP6,43,-3.194,S2M
9,CP6,44,-4.171,S2M
9,CP6,45,-4.659,S2M
9,CP6,46,-4.171,S2M
9,CP6,47,-3.194,S2M
9,CP6,48,-2.218,S2M
9,CP6,49,-1.729,S2M
9,CP6,50,-1.241,S2M
9,CP6,51,-1.729,S2M
9,CP6,52,-1.729,S2M
9,CP6,53,-1.241,S2M
9,CP6,54,-0.264,S2M
9,CP6,55,0.224,S2M
9,CP6,56,-0.264,S2M
9,CP6,57,-2.218,S2M
9,CP6,58,-3.682,S2M
9,CP6,59,-5.636,S2M
9,CP6,60,-6.124,S2M
9,CP6,61,-6.124,S2M
9,CP6,62,-6.124,S2M
9,CP6,63,-6.612,S2M
9,CP6,64,-7.100,S2M
9,CP6,65,-7.100,S2M
9,CP6,66,-7.100,S2M
9,CP6,67,-6.612,S2M
9,CP6,68,-6.124,S2M
9,CP6,69,-6.124,S2M
9,CP6,70,-5.636,S2M
9,CP6,71,-6.124,S2M
9,CP6,72,-6.612,S2M
9,CP6,73,-8.077,S2M
9,CP6,74,-8.565,S2M
9,CP6,75,-8.565,S2M
9,CP6,76,-8.077,S2M
9,CP6,77,-6.124,S2M
9,CP6,78,-3.682,S2M
9,CP6,79,-2.218,S2M
9,CP6,80,-1.729,S2M
9,CP6,81,-2.218,S2M
9,CP6,82,-3.194,S2M
9,CP6,83,-4.171,S2M
9,CP6,84,-5.147,S2M
9,CP6,85,-4.659,S2M
9,CP6,86,-4.659,S2M
9,CP6,87,-4.171,S2M
9,CP6,88,-4.171,S2M
9,CP6,89,-4.659,S2M
9,CP6,90,-4.659,S2M
9,CP6,91,-4.171,S2M
9,CP6,92,-3.194,S2M
9,CP6,93,-2.706,S2M
9,CP6,94,-2.218,S2M
9,CP6,95,-2.706,S2M
9,CP6,96,-3.194,S2M
9,CP6,97,-4.171,S2M
9,CP6,98,-4.171,S2M
9,CP6,99,-3.194,S2M
9,CP6,100,-1.241,S2M
9,CP6,101,1.200,S2M
9,CP6,102,2.665,S2M
9,CP6,103,2.665,S2M
9,CP6,104,1.689,S2M
9,CP6,105,0.224,S2M
9,CP6,106,-1.241,S2M
9,CP6,107,-1.241,S2M
9,CP6,108,-0.753,S2M
9,CP6,109,0.712,S2M
9,CP6,110,2.665,S2M
9,CP6,111,3.642,S2M
9,CP6,112,4.130,S2M
9,CP6,113,4.130,S2M
9,CP6,114,3.642,S2M
9,CP6,115,3.153,S2M
9,CP6,116,2.665,S2M
9,CP6,117,2.665,S2M
9,CP6,118,2.665,S2M
9,CP6,119,2.177,S2M
9,CP6,120,1.200,S2M
9,CP6,121,-0.264,S2M
9,CP6,122,-1.241,S2M
9,CP6,123,-1.729,S2M
9,CP6,124,-1.241,S2M
9,CP6,125,-0.264,S2M
9,CP6,126,1.200,S2M
9,CP6,127,2.177,S2M
9,CP6,128,2.177,S2M
9,CP6,129,1.689,S2M
9,CP6,130,1.689,S2M
9,CP6,131,1.689,S2M
9,CP6,132,3.153,S2M
9,CP6,133,4.130,S2M
9,CP6,134,4.130,S2M
9,CP6,135,3.153,S2M
9,CP6,136,1.689,S2M
9,CP6,137,-0.264,S2M
9,CP6,138,-1.241,S2M
9,CP6,139,-0.753,S2M
9,CP6,140,-0.264,S2M
9,CP6,141,0.712,S2M
9,CP6,142,1.200,S2M
9,CP6,143,1.200,S2M
9,CP6,144,1.689,S2M
9,CP6,145,1.689,S2M
9,CP6,146,2.665,S2M
9,CP6,147,3.153,S2M
9,CP6,148,3.642,S2M
9,CP6,149,3.642,S2M
9,CP6,150,3.642,S2M
9,CP6,151,3.153,S2M
9,CP6,152,3.642,S2M
9,CP6,153,4.130,S2M
9,CP6,154,5.595,S2M
9,CP6,155,6.571,S2M
9,CP6,156,6.571,S2M
9,CP6,157,6.571,S2M
9,CP6,158,6.083,S2M
9,CP6,159,6.083,S2M
9,CP6,160,6.083,S2M
9,CP6,161,6.571,S2M
9,CP6,162,6.571,S2M
9,CP6,163,6.571,S2M
9,CP6,164,6.571,S2M
9,CP6,165,6.571,S2M
9,CP6,166,7.548,S2M
9,CP6,167,8.036,S2M
9,CP6,168,8.525,S2M
9,CP6,169,8.036,S2M
9,CP6,170,7.548,S2M
9,CP6,171,6.571,S2M
9,CP6,172,6.571,S2M
9,CP6,173,7.060,S2M
9,CP6,174,7.548,S2M
9,CP6,175,7.548,S2M
9,CP6,176,6.571,S2M
9,CP6,177,5.595,S2M
9,CP6,178,4.618,S2M
9,CP6,179,4.618,S2M
9,CP6,180,5.107,S2M
9,CP6,181,6.571,S2M
9,CP6,182,7.548,S2M
9,CP6,183,8.036,S2M
9,CP6,184,7.548,S2M
9,CP6,185,7.548,S2M
9,CP6,186,7.060,S2M
9,CP6,187,6.571,S2M
9,CP6,188,6.571,S2M
9,CP6,189,6.571,S2M
9,CP6,190,7.060,S2M
9,CP6,191,7.548,S2M
9,CP6,192,7.548,S2M
9,CP6,193,7.548,S2M
9,CP6,194,7.060,S2M
9,CP6,195,6.083,S2M
9,CP6,196,5.595,S2M
9,CP6,197,4.618,S2M
9,CP6,198,4.130,S2M
9,CP6,199,3.642,S2M
9,CP6,200,3.642,S2M
9,CP6,201,4.130,S2M
9,CP6,202,5.107,S2M
9,CP6,203,6.083,S2M
9,CP6,204,7.060,S2M
9,CP6,205,7.548,S2M
9,CP6,206,7.548,S2M
9,CP6,207,6.571,S2M
9,CP6,208,5.107,S2M
9,CP6,209,3.642,S2M
9,CP6,210,2.177,S2M
9,CP6,211,1.689,S2M
9,CP6,212,1.689,S2M
9,CP6,213,3.642,S2M
9,CP6,214,5.595,S2M
9,CP6,215,6.571,S2M
9,CP6,216,6.083,S2M
9,CP6,217,4.130,S2M
9,CP6,218,2.665,S2M
9,CP6,219,2.665,S2M
9,CP6,220,4.130,S2M
9,CP6,221,6.083,S2M
9,CP6,222,7.060,S2M
9,CP6,223,6.083,S2M
9,CP6,224,4.130,S2M
9,CP6,225,2.665,S2M
9,CP6,226,2.177,S2M
9,CP6,227,3.153,S2M
9,CP6,228,4.618,S2M
9,CP6,229,5.595,S2M
9,CP6,230,6.083,S2M
9,CP6,231,5.595,S2M
9,CP6,232,5.595,S2M
9,CP6,233,5.107,S2M
9,CP6,234,5.107,S2M
9,CP6,235,4.618,S2M
9,CP6,236,5.107,S2M
9,CP6,237,5.595,S2M
9,CP6,238,6.083,S2M
9,CP6,239,7.060,S2M
9,CP6,240,7.060,S2M
9,CP6,241,6.571,S2M
9,CP6,242,5.595,S2M
9,CP6,243,5.595,S2M
9,CP6,244,5.595,S2M
9,CP6,245,5.595,S2M
9,CP6,246,5.107,S2M
9,CP6,247,4.130,S2M
9,CP6,248,2.665,S2M
9,CP6,249,1.200,S2M
9,CP6,250,1.689,S2M
9,CP6,251,3.153,S2M
9,CP6,252,5.595,S2M
9,CP6,253,7.548,S2M
9,CP6,254,7.548,S2M
9,CP6,255,6.083,S2M
9,CP1,0,4.161,S2M
9,CP1,1,4.161,S2M
9,CP1,2,3.672,S2M
9,CP1,3,2.207,S2M
9,CP1,4,1.231,S2M
9,CP1,5,0.254,S2M
9,CP1,6,0.254,S2M
9,CP1,7,1.231,S2M
9,CP1,8,2.207,S2M
9,CP1,9,3.672,S2M
9,CP1,10,3.672,S2M
9,CP1,11,3.184,S2M
9,CP1,12,3.184,S2M
9,CP1,13,3.184,S2M
9,CP1,14,3.184,S2M
9,CP1,15,2.696,S2M
9,CP1,16,1.719,S2M
9,CP1,17,0.254,S2M
9,CP1,18,-1.211,S2M
9,CP1,19,-2.187,S2M
9,CP1,20,-2.187,S2M
9,CP1,21,-1.211,S2M
9,CP1,22,0.743,S2M
9,CP1,23,1.719,S2M
9,CP1,24,2.207,S2M
9,CP1,25,2.207,S2M
9,CP1,26,1.719,S2M
9,CP1,27,1.231,S2M
9,CP1,28,0.743,S2M
9,CP1,29,1.719,S2M
9,CP1,30,2.696,S2M
9,CP1,31,3.672,S2M
9,CP1,32,4.161,S2M
9,CP1,33,4.161,S2M
9,CP1,34,4.161,S2M
9,CP1,35,3.672,S2M
9,CP1,36,3.672,S2M
9,CP1,37,3.672,S2M
9,CP1,38,4.161,S2M
9,CP1,39,3.672,S2M
9,CP1,40,3.184,S2M
9,CP1,41,2.207,S2M
9,CP1,42,0.743,S2M
9,CP1,43,-0.234,S2M
9,CP1,44,-0.722,S2M
9,CP1,45,-0.722,S2M
9,CP1,46,-0.234,S2M
9,CP1,47,0.254,S2M
9,CP1,48,0.743,S2M
9,CP1,49,0.743,S2M
9,CP1,50,0.254,S2M
9,CP1,51,-0.234,S2M
9,CP1,52,-0.234,S2M
9,CP1,53,-0.234,S2M
9,CP1,54,0.743,S2M
9,CP1,55,1.719,S2M
9,CP1,56,2.207,S2M
9,CP1,57,2.696,S2M
9,CP1,58,2.696,S2M
9,CP1,59,2.207,S2M
9,CP1,60,1.719,S2M
9,CP1,61,1.231,S2M
9,CP1,62,1.231,S2M
9,CP1,63,1.231,S2M
9,CP1,64,0.743,S2M
9,CP1,65,0.743,S2M
9,CP1,66,0.743,S2M
9,CP1,67,1.231,S2M
9,CP1,68,1.231,S2M
9,CP1,69,1.231,S2M
9,CP1,70,0.743,S2M
9,CP1,71,0.743,S2M
9,CP1,72,0.254,S2M
9,CP1,73,0.743,S2M
9,CP1,74,0.743,S2M
9,CP1,75,0.743,S2M
9,CP1,76,0.743,S2M
9,CP1,77,1.231,S2M
9,CP1,78,1.231,S2M
9,CP1,79,1.719,S2M
9,CP1,80,1.719,S2M
9,CP1,81,1.231,S2M
9,CP1,82,0.743,S2M
9,CP1,83,0.743,S2M
9,CP1,84,0.743,S2M
9,CP1,85,1.231,S2M
9,CP1,86,1.231,S2M
9,CP1,87,1.719,S2M
9,CP1,88,1.719,S2M
9,CP1,89,1.231,S2M
9,CP1,90,1.231,S2M
9,CP1,91,1.231,S2M
9,CP1,92,1.231,S2M
9,CP1,93,0.743,S2M
9,CP1,94,-0.234,S2M
9,CP1,95,-0.722,S2M
9,CP1,96,-1.699,S2M
9,CP1,97,-2.187,S2M
9,CP1,98,-1.699,S2M
9,CP1,99,-1.211,S2M
9,CP1,100,-0.722,S2M
9,CP1,101,-0.722,S2M
9,CP1,102,-0.234,S2M
9,CP1,103,-0.234,S2M
9,CP1,104,0.254,S2M
9,CP1,105,0.254,S2M
9,CP1,106,0.254,S2M
9,CP1,107,-0.722,S2M
9,CP1,108,-1.211,S2M
9,CP1,109,-1.699,S2M
9,CP1,110,-1.211,S2M
9,CP1,111,-0.722,S2M
9,CP1,112,-0.234,S2M
9,CP1,113,-0.234,S2M
9,CP1,114,0.254,S2M
9,CP1,115,0.743,S2M
9,CP1,116,0.743,S2M
9,CP1,117,1.719,S2M
9,CP1,118,1.719,S2M
9,CP1,119,1.231,S2M
9,CP1,120,1.231,S2M
9,CP1,121,1.231,S2M
9,CP1,122,1.231,S2M
9,CP1,123,1.719,S2M
9,CP1,124,1.719,S2M
9,CP1,125,2.207,S2M
9,CP1,126,2.207,S2M
9,CP1,127,2.207,S2M
9,CP1,128,2.207,S2M
9,CP1,129,1.719,S2M
9,CP1,130,1.231,S2M
9,CP1,131,1.231,S2M
9,CP1,132,1.231,S2M
9,CP1,133,1.719,S2M
9,CP1,134,1.231,S2M
9,CP1,135,1.231,S2M
9,CP1,136,1.231,S2M
9,CP1,137,1.231,S2M
9,CP1,138,1.231,S2M
9,CP1,139,2.207,S2M
9,CP1,140,2.696,S2M
9,CP1,141,3.184,S2M
9,CP1,142,3.184,S2M
9,CP1,143,2.696,S2M
9,CP1,144,2.696,S2M
9,CP1,145,2.696,S2M
9,CP1,146,2.696,S2M
9,CP1,147,2.696,S2M
9,CP1,148,2.207,S2M
9,CP1,149,1.719,S2M
9,CP1,150,1.719,S2M
9,CP1,151,1.719,S2M
9,CP1,152,2.696,S2M
9,CP1,153,2.696,S2M
9,CP1,154,3.184,S2M
9,CP1,155,3.184,S2M
9,CP1,156,3.184,S2M
9,CP1,157,3.672,S2M
9,CP1,158,3.672,S2M
9,CP1,159,3.672,S2M
9,CP1,160,3.672,S2M
9,CP1,161,3.184,S2M
9,CP1,162,3.672,S2M
9,CP1,163,4.161,S2M
9,CP1,164,5.137,S2M
9,CP1,165,5.137,S2M
9,CP1,166,5.625,S2M
9,CP1,167,5.137,S2M
9,CP1,168,5.137,S2M
9,CP1,169,5.625,S2M
9,CP1,170,5.625,S2M
9,CP1,171,5.625,S2M
9,CP1,172,5.137,S2M
9,CP1,173,4.649,S2M
9,CP1,174,3.672,S2M
9,CP1,175,3.184,S2M
9,CP1,176,2.696,S2M
9,CP1,177,3.184,S2M
9,CP1,178,3.672,S2M
9,CP1,179,4.161,S2M
9,CP1,180,3.184,S2M
9,CP1,181,2.696,S2M
9,CP1,182,1.719,S2M
9,CP1,183,1.719,S2M
9,CP1,184,2.207,S2M
9,CP1,185,3.184,S2M
9,CP1,186,3.672,S2M
9,CP1,187,3.184,S2M
9,CP1,188,2.696,S2M
9,CP1,189,2.696,S2M
9,CP1,190,2.207,S2M
9,CP1,191,2.696,S2M
9,CP1,192,2.696,S2M
9,CP1,193,3.184,S2M
9,CP1,194,2.696,S2M
9,CP1,195,2.696,S2M
9,CP1,196,2.696,S2M
9,CP1,197,2.696,S2M
9,CP1,198,2.696,S2M
9,CP1,199,2.696,S2M
9,CP1,200,2.696,S2M
9,CP1,201,2.696,S2M
9,CP1,202,2.696,S2M
9,CP1,203,2.696,S2M
9,CP1,204,2.696,S2M
9,CP1,205,2.696,S2M
9,CP1,206,3.184,S2M
9,CP1,207,3.672,S2M
9,CP1,208,4.649,S2M
9,CP1,209,5.137,S2M
9,CP1,210,4.649,S2M
9,CP1,211,4.161,S2M
9,CP1,212,3.184,S2M
9,CP1,213,2.207,S2M
9,CP1,214,2.207,S2M
9,CP1,215,2.696,S2M
9,CP1,216,3.184,S2M
9,CP1,217,4.161,S2M
9,CP1,218,4.161,S2M
9,CP1,219,3.672,S2M
9,CP1,220,3.184,S2M
9,CP1,221,3.184,S2M
9,CP1,222,2.696,S2M
9,CP1,223,2.696,S2M
9,CP1,224,2.207,S2M
9,CP1,225,1.719,S2M
9,CP1,226,1.719,S2M
9,CP1,227,2.207,S2M
9,CP1,228,2.696,S2M
9,CP1,229,3.184,S2M
9,CP1,230,3.184,S2M
9,CP1,231,3.184,S2M
9,CP1,232,3.184,S2M
9,CP1,233,3.184,S2M
9,CP1,234,3.184,S2M
9,CP1,235,3.184,S2M
9,CP1,236,3.184,S2M
9,CP1,237,3.184,S2M
9,CP1,238,3.184,S2M
9,CP1,239,3.672,S2M
9,CP1,240,4.161,S2M
9,CP1,241,4.161,S2M
9,CP1,242,3.672,S2M
9,CP1,243,3.184,S2M
9,CP1,244,2.696,S2M
9,CP1,245,2.207,S2M
9,CP1,246,2.696,S2M
9,CP1,247,4.161,S2M
9,CP1,248,5.625,S2M
9,CP1,249,6.602,S2M
9,CP1,250,6.602,S2M
9,CP1,251,6.114,S2M
9,CP1,252,5.137,S2M
9,CP1,253,4.161,S2M
9,CP1,254,4.161,S2M
9,CP1,255,4.161,S2M
9,CP2,0,0.956,S2M
9,CP2,1,1.933,S2M
9,CP2,2,2.421,S2M
9,CP2,3,2.421,S2M
9,CP2,4,2.909,S2M
9,CP2,5,2.909,S2M
9,CP2,6,2.909,S2M
9,CP2,7,2.909,S2M
9,CP2,8,1.933,S2M
9,CP2,9,1.444,S2M
9,CP2,10,0.956,S2M
9,CP2,11,0.956,S2M
9,CP2,12,1.444,S2M
9,CP2,13,2.909,S2M
9,CP2,14,3.398,S2M
9,CP2,15,3.398,S2M
9,CP2,16,2.421,S2M
9,CP2,17,0.956,S2M
9,CP2,18,-0.509,S2M
9,CP2,19,-1.485,S2M
9,CP2,20,-1.973,S2M
9,CP2,21,-1.485,S2M
9,CP2,22,-0.509,S2M
9,CP2,23,0.468,S2M
9,CP2,24,1.933,S2M
9,CP2,25,2.909,S2M
9,CP2,26,3.398,S2M
9,CP2,27,3.398,S2M
9,CP2,28,2.909,S2M
9,CP2,29,3.398,S2M
9,CP2,30,4.374,S2M
9,CP2,31,5.351,S2M
9,CP2,32,5.839,S2M
9,CP2,33,5.839,S2M
9,CP2,34,4.862,S2M
9,CP2,35,3.886,S2M
9,CP2,36,2.909,S2M
9,CP2,37,2.909,S2M
9,CP2,38,2.421,S2M
9,CP2,39,1.933,S2M
9,CP2,40,1.444,S2M
9,CP2,41,-0.020,S2M
9,CP2,42,-0.509,S2M
9,CP2,43,-1.485,S2M
9,CP2,44,-1.485,S2M
9,CP2,45,-1.485,S2M
9,CP2,46,-1.485,S2M
9,CP2,47,-1.485,S2M
9,CP2,48,-1.485,S2M
9,CP2,49,-1.485,S2M
9,CP2,50,-1.973,S2M
9,CP2,51,-1.973,S2M
9,CP2,52,-1.485,S2M
9,CP2,53,-0.509,S2M
9,CP2,54,-0.020,S2M
9,CP2,55,-0.020,S2M
9,CP2,56,-0.020,S2M
9,CP2,57,-0.997,S2M
9,CP2,58,-1.485,S2M
9,CP2,59,-1.973,S2M
9,CP2,60,-1.973,S2M
9,CP2,61,-1.973,S2M
9,CP2,62,-1.973,S2M
9,CP2,63,-1.973,S2M
9,CP2,64,-1.485,S2M
9,CP2,65,-1.973,S2M
9,CP2,66,-1.973,S2M
9,CP2,67,-2.462,S2M
9,CP2,68,-1.973,S2M
9,CP2,69,-1.973,S2M
9,CP2,70,-1.485,S2M
9,CP2,71,-1.485,S2M
9,CP2,72,-2.462,S2M
9,CP2,73,-3.438,S2M
9,CP2,74,-4.415,S2M
9,CP2,75,-4.415,S2M
9,CP2,76,-3.927,S2M
9,CP2,77,-2.462,S2M
9,CP2,78,-1.485,S2M
9,CP2,79,-0.997,S2M
9,CP2,80,-1.485,S2M
9,CP2,81,-1.973,S2M
9,CP2,82,-2.462,S2M
9,CP2,83,-2.950,S2M
9,CP2,84,-2.950,S2M
9,CP2,85,-2.462,S2M
9,CP2,86,-1.973,S2M
9,CP2,87,-1.973,S2M
9,CP2,88,-1.973,S2M
9,CP2,89,-1.973,S2M
9,CP2,90,-2.462,S2M
9,CP2,91,-2.462,S2M
9,CP2,92,-1.973,S2M
9,CP2,93,-1.485,S2M
9,CP2,94,-1.485,S2M
9,CP2,95,-1.973,S2M
9,CP2,96,-2.950,S2M
9,CP2,97,-3.438,S2M
9,CP2,98,-2.950,S2M
9,CP2,99,-1.973,S2M
9,CP2,100,-0.509,S2M
9,CP2,101,0.956,S2M
9,CP2,102,1.444,S2M
9,CP2,103,0.468,S2M
9,CP2,104,-0.020,S2M
9,CP2,105,-0.997,S2M
9,CP2,106,-1.485,S2M
9,CP2,107,-0.997,S2M
9,CP2,108,-0.020,S2M
9,CP2,109,0.468,S2M
9,CP2,110,0.956,S2M
9,CP2,111,1.444,S2M
9,CP2,112,1.444,S2M
9,CP2,113,1.444,S2M
9,CP2,114,1.444,S2M
9,CP2,115,1.444,S2M
9,CP2,116,1.444,S2M
9,CP2,117,1.444,S2M
9,CP2,118,1.444,S2M
9,CP2,119,0.956,S2M
9,CP2,120,0.468,S2M
9,CP2,121,0.468,S2M
9,CP2,122,0.468,S2M
9,CP2,123,0.468,S2M
9,CP2,124,0.956,S2M
9,CP2,125,1.444,S2M
9,CP2,126,1.444,S2M
9,CP2,127,1.933,S2M
9,CP2,128,1.444,S2M
9,CP2,129,1.444,S2M
9,CP2,130,1.444,S2M
9,CP2,131,1.933,S2M
9,CP2,132,2.421,S2M
9,CP2,133,2.421,S2M
9,CP2,134,1.933,S2M
9,CP2,135,0.956,S2M
9,CP2,136,-0.020,S2M
9,CP2,137,-0.997,S2M
9,CP2,138,-1.485,S2M
9,CP2,139,-0.020,S2M
9,CP2,140,0.468,S2M
9,CP2,141,0.956,S2M
9,CP2,142,0.956,S2M
9,CP2,143,0.468,S2M
9,CP2,144,0.468,S2M
9,CP2,145,-0.020,S2M
9,CP2,146,0.468,S2M
9,CP2,147,1.444,S2M
9,CP2,148,1.444,S2M
9,CP2,149,1.444,S2M
9,CP2,150,1.444,S2M
9,CP2,151,1.444,S2M
9,CP2,152,1.444,S2M
9,CP2,153,0.956,S2M
9,CP2,154,1.444,S2M
9,CP2,155,1.933,S2M
9,CP2,156,2.421,S2M
9,CP2,157,1.933,S2M
9,CP2,158,2.421,S2M
9,CP2,159,1.933,S2M
9,CP2,160,1.933,S2M
9,CP2,161,1.933,S2M
9,CP2,162,1.933,S2M
9,CP2,163,2.421,S2M
9,CP2,164,3.398,S2M
9,CP2,165,3.398,S2M
9,CP2,166,3.886,S2M
9,CP2,167,3.886,S2M
9,CP2,168,3.398,S2M
9,CP2,169,3.398,S2M
9,CP2,170,3.398,S2M
9,CP2,171,3.398,S2M
9,CP2,172,3.886,S2M
9,CP2,173,3.886,S2M
9,CP2,174,3.398,S2M
9,CP2,175,3.398,S2M
9,CP2,176,2.909,S2M
9,CP2,177,2.421,S2M
9,CP2,178,2.421,S2M
9,CP2,179,2.421,S2M
9,CP2,180,2.421,S2M
9,CP2,181,2.421,S2M
9,CP2,182,2.421,S2M
9,CP2,183,1.933,S2M
9,CP2,184,1.933,S2M
9,CP2,185,1.444,S2M
9,CP2,186,1.933,S2M
9,CP2,187,1.933,S2M
9,CP2,188,2.421,S2M
9,CP2,189,2.421,S2M
9,CP2,190,2.909,S2M
9,CP2,191,2.909,S2M
9,CP2,192,2.421,S2M
9,CP2,193,2.421,S2M
9,CP2,194,1.933,S2M
9,CP2,195,1.933,S2M
9,CP2,196,1.444,S2M
9,CP2,197,1.444,S2M
9,CP2,198,1.444,S2M
9,CP2,199,1.444,S2M
9,CP2,200,0.956,S2M
9,CP2,201,1.444,S2M
9,CP2,202,1.933,S2M
9,CP2,203,1.933,S2M
9,CP2,204,2.421,S2M
9,CP2,205,2.909,S2M
9,CP2,206,2.909,S2M
9,CP2,207,2.421,S2M
9,CP2,208,2.421,S2M
9,CP2,209,1.933,S2M
9,CP2,210,1.444,S2M
9,CP2,211,0.956,S2M
9,CP2,212,0.956,S2M
9,CP2,213,1.444,S2M
9,CP2,214,1.933,S2M
9,CP2,215,2.421,S2M
9,CP2,216,2.421,S2M
9,CP2,217,1.933,S2M
9,CP2,218,1.933,S2M
9,CP2,219,1.933,S2M
9,CP2,220,2.909,S2M
9,CP2,221,3.886,S2M
9,CP2,222,3.886,S2M
9,CP2,223,2.909,S2M
9,CP2,224,1.444,S2M
9,CP2,225,0.468,S2M
9,CP2,226,-0.020,S2M
9,CP2,227,0.468,S2M
9,CP2,228,1.444,S2M
9,CP2,229,1.933,S2M
9,CP2,230,2.909,S2M
9,CP2,231,2.909,S2M
9,CP2,232,2.909,S2M
9,CP2,233,2.909,S2M
9,CP2,234,2.909,S2M
9,CP2,235,2.909,S2M
9,CP2,236,2.909,S2M
9,CP2,237,3.398,S2M
9,CP2,238,3.886,S2M
9,CP2,239,3.886,S2M
9,CP2,240,3.886,S2M
9,CP2,241,3.398,S2M
9,CP2,242,2.421,S2M
9,CP2,243,2.421,S2M
9,CP2,244,2.421,S2M
9,CP2,245,2.421,S2M
9,CP2,246,2.909,S2M
9,CP2,247,2.909,S2M
9,CP2,248,2.909,S2M
9,CP2,249,3.398,S2M
9,CP2,250,3.886,S2M
9,CP2,251,4.374,S2M
9,CP2,252,4.862,S2M
9,CP2,253,4.374,S2M
9,CP2,254,3.886,S2M
9,CP2,255,2.909,S2M
9,P3,0,6.663,S2M
9,P3,1,7.151,S2M
9,P3,2,6.175,S2M
9,P3,3,4.222,S2M
9,P3,4,1.292,S2M
9,P3,5,0.315,S2M
9,P3,6,0.804,S2M
9,P3,7,1.780,S2M
9,P3,8,3.245,S2M
9,P3,9,4.222,S2M
9,P3,10,4.710,S2M
9,P3,11,4.222,S2M
9,P3,12,4.710,S2M
9,P3,13,5.686,S2M
9,P3,14,6.663,S2M
9,P3,15,6.175,S2M
9,P3,16,3.733,S2M
9,P3,17,0.315,S2M
9,P3,18,-3.103,S2M
9,P3,19,-5.056,S2M
9,P3,20,-5.056,S2M
9,P3,21,-3.103,S2M
9,P3,22,0.315,S2M
9,P3,23,3.245,S2M
9,P3,24,4.710,S2M
9,P3,25,4.710,S2M
9,P3,26,3.245,S2M
9,P3,27,2.268,S2M
9,P3,28,1.780,S2M
9,P3,29,3.245,S2M
9,P3,30,5.198,S2M
9,P3,31,7.640,S2M
9,P3,32,8.616,S2M
9,P3,33,8.616,S2M
9,P3,34,7.640,S2M
9,P3,35,6.663,S2M
9,P3,36,6.175,S2M
9,P3,37,6.175,S2M
9,P3,38,5.686,S2M
9,P3,39,5.198,S2M
9,P3,40,3.733,S2M
9,P3,41,2.268,S2M
9,P3,42,-0.173,S2M
9,P3,43,-2.126,S2M
9,P3,44,-2.614,S2M
9,P3,45,-2.614,S2M
9,P3,46,-1.638,S2M
9,P3,47,-0.661,S2M
9,P3,48,0.315,S2M
9,P3,49,0.315,S2M
9,P3,50,-0.173,S2M
9,P3,51,-0.173,S2M
9,P3,52,-0.173,S2M
9,P3,53,0.315,S2M
9,P3,54,1.780,S2M
9,P3,55,2.757,S2M
9,P3,56,4.222,S2M
9,P3,57,4.710,S2M
9,P3,58,4.222,S2M
9,P3,59,3.245,S2M
9,P3,60,2.757,S2M
9,P3,61,2.268,S2M
9,P3,62,2.268,S2M
9,P3,63,2.268,S2M
9,P3,64,2.268,S2M
9,P3,65,1.780,S2M
9,P3,66,1.780,S2M
9,P3,67,1.780,S2M
9,P3,68,2.268,S2M
9,P3,69,2.757,S2M
9,P3,70,2.757,S2M
9,P3,71,1.780,S2M
9,P3,72,1.292,S2M
9,P3,73,0.804,S2M
9,P3,74,0.315,S2M
9,P3,75,0.315,S2M
9,P3,76,0.315,S2M
9,P3,77,1.292,S2M
9,P3,78,2.757,S2M
9,P3,79,3.245,S2M
9,P3,80,3.245,S2M
9,P3,81,2.757,S2M
9,P3,82,2.268,S2M
9,P3,83,1.780,S2M
9,P3,84,2.268,S2M
9,P3,85,2.757,S2M
9,P3,86,3.245,S2M
9,P3,87,3.245,S2M
9,P3,88,3.245,S2M
9,P3,89,2.757,S2M
9,P3,90,2.757,S2M
9,P3,91,2.757,S2M
9,P3,92,2.757,S2M
9,P3,93,1.780,S2M
9,P3,94,0.315,S2M
9,P3,95,-1.638,S2M
9,P3,96,-2.614,S2M
9,P3,97,-2.614,S2M
9,P3,98,-1.638,S2M
9,P3,99,-0.661,S2M
9,P3,100,0.315,S2M
9,P3,101,1.292,S2M
9,P3,102,1.292,S2M
9,P3,103,1.780,S2M
9,P3,104,2.268,S2M
9,P3,105,2.757,S2M
9,P3,106,1.780,S2M
9,P3,107,0.804,S2M
9,P3,108,-0.173,S2M
9,P3,109,-1.149,S2M
9,P3,110,-0.661,S2M
9,P3,111,0.804,S2M
9,P3,112,1.780,S2M
9,P3,113,2.268,S2M
9,P3,114,2.757,S2M
9,P3,115,2.268,S2M
9,P3,116,2.757,S2M
9,P3,117,3.245,S2M
9,P3,118,3.733,S2M
9,P3,119,3.733,S2M
9,P3,120,3.245,S2M
9,P3,121,3.245,S2M
9,P3,122,3.245,S2M
9,P3,123,4.222,S2M
9,P3,124,5.686,S2M
9,P3,125,6.663,S2M
9,P3,126,6.663,S2M
9,P3,127,6.175,S2M
9,P3,128,5.686,S2M
9,P3,129,5.198,S2M
9,P3,130,5.686,S2M
9,P3,131,6.175,S2M
9,P3,132,6.175,S2M
9,P3,133,6.175,S2M
9,P3,134,5.686,S2M
9,P3,135,4.710,S2M
9,P3,136,4.222,S2M
9,P3,137,3.733,S2M
9,P3,138,3.733,S2M
9,P3,139,4.710,S2M
9,P3,140,5.198,S2M
9,P3,141,5.686,S2M
9,P3,142,5.686,S2M
9,P3,143,5.686,S2M
9,P3,144,5.686,S2M
9,P3,145,5.686,S2M
9,P3,146,5.686,S2M
9,P3,147,5.198,S2M
9,P3,148,4.222,S2M
9,P3,149,3.733,S2M
9,P3,150,3.733,S2M
9,P3,151,4.710,S2M
9,P3,152,5.686,S2M
9,P3,153,6.663,S2M
9,P3,154,7.151,S2M
9,P3,155,7.640,S2M
9,P3,156,8.128,S2M
9,P3,157,8.128,S2M
9,P3,158,8.616,S2M
9,P3,159,8.128,S2M
9,P3,160,7.640,S2M
9,P3,161,7.151,S2M
9,P3,162,7.640,S2M
9,P3,163,8.616,S2M
9,P3,164,9.593,S2M
9,P3,165,10.081,S2M
9,P3,166,9.593,S2M
9,P3,167,9.104,S2M
9,P3,168,9.104,S2M
9,P3,169,9.104,S2M
9,P3,170,9.593,S2M
9,P3,171,9.593,S2M
9,P3,172,8.616,S2M
9,P3,173,7.151,S2M
9,P3,174,5.198,S2M
9,P3,175,4.710,S2M
9,P3,176,4.710,S2M
9,P3,177,5.198,S2M
9,P3,178,5.686,S2M
9,P3,179,5.198,S2M
9,P3,180,4.222,S2M
9,P3,181,3.245,S2M
9,P3,182,2.268,S2M
9,P3,183,2.268,S2M
9,P3,184,3.245,S2M
9,P3,185,4.222,S2M
9,P3,186,4.710,S2M
9,P3,187,4.222,S2M
9,P3,188,3.733,S2M
9,P3,189,3.245,S2M
9,P3,190,3.245,S2M
9,P3,191,4.222,S2M
9,P3,192,4.710,S2M
9,P3,193,4.710,S2M
9,P3,194,4.222,S2M
9,P3,195,3.245,S2M
9,P3,196,2.757,S2M
9,P3,197,3.245,S2M
9,P3,198,3.733,S2M
9,P3,199,4.222,S2M
9,P3,200,4.710,S2M
9,P3,201,4.710,S2M
9,P3,202,4.222,S2M
9,P3,203,4.222,S2M
9,P3,204,4.222,S2M
9,P3,205,4.222,S2M
9,P3,206,4.710,S2M
9,P3,207,5.198,S2M
9,P3,208,5.686,S2M
9,P3,209,6.175,S2M
9,P3,210,5.686,S2M
9,P3,211,4.222,S2M
9,P3,212,2.268,S2M
9,P3,213,0.804,S2M
9,P3,214,0.315,S2M
9,P3,215,1.292,S2M
9,P3,216,3.245,S2M
9,P3,217,4.710,S2M
9,P3,218,5.198,S2M
9,P3,219,4.710,S2M
9,P3,220,3.733,S2M
9,P3,221,3.245,S2M
9,P3,222,2.757,S2M
9,P3,223,2.268,S2M
9,P3,224,1.292,S2M
9,P3,225,0.315,S2M
9,P3,226,-0.173,S2M
9,P3,227,-0.173,S2M
9,P3,228,0.804,S2M
9,P3,229,2.268,S2M
9,P3,230,3.733,S2M
9,P3,231,4.222,S2M
9,P3,232,4.222,S2M
9,P3,233,4.222,S2M
9,P3,234,4.222,S2M
9,P3,235,3.733,S2M
9,P3,236,3.245,S2M
9,P3,237,3.245,S2M
9,P3,238,3.245,S2M
9,P3,239,3.733,S2M
9,P3,240,4.222,S2M
9,P3,241,4.710,S2M
9,P3,242,4.222,S2M
9,P3,243,3.245,S2M
9,P3,244,2.268,S2M
9,P3,245,1.780,S2M
9,P3,246,3.245,S2M
9,P3,247,5.686,S2M
9,P3,248,8.128,S2M
9,P3,249,10.081,S2M
9,P3,250,11.058,S2M
9,P3,251,10.081,S2M
9,P3,252,8.616,S2M
9,P3,253,7.640,S2M
9,P3,254,7.640,S2M
9,P3,255,7.640,S2M
9,P4,0,2.696,S2M
9,P4,1,4.161,S2M
9,P4,2,5.137,S2M
9,P4,3,5.137,S2M
9,P4,4,5.625,S2M
9,P4,5,6.114,S2M
9,P4,6,6.602,S2M
9,P4,7,6.114,S2M
9,P4,8,4.649,S2M
9,P4,9,3.184,S2M
9,P4,10,2.207,S2M
9,P4,11,2.207,S2M
9,P4,12,3.672,S2M
9,P4,13,5.137,S2M
9,P4,14,6.602,S2M
9,P4,15,6.114,S2M
9,P4,16,4.649,S2M
9,P4,17,2.207,S2M
9,P4,18,-0.722,S2M
9,P4,19,-2.675,S2M
9,P4,20,-4.140,S2M
9,P4,21,-3.652,S2M
9,P4,22,-1.699,S2M
9,P4,23,0.743,S2M
9,P4,24,3.672,S2M
9,P4,25,5.137,S2M
9,P4,26,5.625,S2M
9,P4,27,5.137,S2M
9,P4,28,5.137,S2M
9,P4,29,6.114,S2M
9,P4,30,7.579,S2M
9,P4,31,9.043,S2M
9,P4,32,9.532,S2M
9,P4,33,8.555,S2M
9,P4,34,7.090,S2M
9,P4,35,5.625,S2M
9,P4,36,4.161,S2M
9,P4,37,3.672,S2M
9,P4,38,2.696,S2M
9,P4,39,1.231,S2M
9,P4,40,-0.234,S2M
9,P4,41,-1.211,S2M
9,P4,42,-2.675,S2M
9,P4,43,-3.652,S2M
9,P4,44,-4.628,S2M
9,P4,45,-5.117,S2M
9,P4,46,-4.628,S2M
9,P4,47,-3.652,S2M
9,P4,48,-2.675,S2M
9,P4,49,-2.187,S2M
9,P4,50,-2.675,S2M
9,P4,51,-2.675,S2M
9,P4,52,-2.187,S2M
9,P4,53,-0.722,S2M
9,P4,54,0.743,S2M
9,P4,55,1.231,S2M
9,P4,56,0.743,S2M
9,P4,57,-0.234,S2M
9,P4,58,-2.187,S2M
9,P4,59,-3.164,S2M
9,P4,60,-3.652,S2M
9,P4,61,-3.164,S2M
9,P4,62,-3.652,S2M
9,P4,63,-3.652,S2M
9,P4,64,-3.652,S2M
9,P4,65,-3.652,S2M
9,P4,66,-3.652,S2M
9,P4,67,-3.164,S2M
9,P4,68,-3.164,S2M
9,P4,69,-3.164,S2M
9,P4,70,-3.164,S2M
9,P4,71,-3.652,S2M
9,P4,72,-4.628,S2M
9,P4,73,-6.093,S2M
9,P4,74,-7.070,S2M
9,P4,75,-6.582,S2M
9,P4,76,-5.117,S2M
9,P4,77,-2.675,S2M
9,P4,78,-1.211,S2M
9,P4,79,-0.234,S2M
9,P4,80,-0.722,S2M
9,P4,81,-2.187,S2M
9,P4,82,-3.164,S2M
9,P4,83,-3.164,S2M
9,P4,84,-3.164,S2M
9,P4,85,-3.164,S2M
9,P4,86,-2.675,S2M
9,P4,87,-2.675,S2M
9,P4,88,-2.675,S2M
9,P4,89,-3.164,S2M
9,P4,90,-3.164,S2M
9,P4,91,-2.675,S2M
9,P4,92,-2.187,S2M
9,P4,93,-1.699,S2M
9,P4,94,-2.187,S2M
9,P4,95,-3.164,S2M
9,P4,96,-4.628,S2M
9,P4,97,-5.117,S2M
9,P4,98,-4.140,S2M
9,P4,99,-2.187,S2M
9,P4,100,0.254,S2M
9,P4,101,1.719,S2M
9,P4,102,2.207,S2M
9,P4,103,2.207,S2M
9,P4,104,0.743,S2M
9,P4,105,0.254,S2M
9,P4,106,0.254,S2M
9,P4,107,0.254,S2M
9,P4,108,0.743,S2M
9,P4,109,1.719,S2M
9,P4,110,2.696,S2M
9,P4,111,3.184,S2M
9,P4,112,3.672,S2M
9,P4,113,3.672,S2M
9,P4,114,3.672,S2M
9,P4,115,3.672,S2M
9,P4,116,4.161,S2M
9,P4,117,4.161,S2M
9,P4,118,3.672,S2M
9,P4,119,2.696,S2M
9,P4,120,1.719,S2M
9,P4,121,1.231,S2M
9,P4,122,1.231,S2M
9,P4,123,1.719,S2M
9,P4,124,2.696,S2M
9,P4,125,3.672,S2M
9,P4,126,4.161,S2M
9,P4,127,4.161,S2M
9,P4,128,3.672,S2M
9,P4,129,3.672,S2M
9,P4,130,4.649,S2M
9,P4,131,5.625,S2M
9,P4,132,6.602,S2M
9,P4,133,7.090,S2M
9,P4,134,6.114,S2M
9,P4,135,4.161,S2M
9,P4,136,2.207,S2M
9,P4,137,0.743,S2M
9,P4,138,0.743,S2M
9,P4,139,1.719,S2M
9,P4,140,2.696,S2M
9,P4,141,3.672,S2M
9,P4,142,3.672,S2M
9,P4,143,3.184,S2M
9,P4,144,3.184,S2M
9,P4,145,3.672,S2M
9,P4,146,4.161,S2M
9,P4,147,5.137,S2M
9,P4,148,5.137,S2M
9,P4,149,5.137,S2M
9,P4,150,4.649,S2M
9,P4,151,4.649,S2M
9,P4,152,4.649,S2M
9,P4,153,5.625,S2M
9,P4,154,6.602,S2M
9,P4,155,7.090,S2M
9,P4,156,7.579,S2M
9,P4,157,7.579,S2M
9,P4,158,7.090,S2M
9,P4,159,6.602,S2M
9,P4,160,7.090,S2M
9,P4,161,7.090,S2M
9,P4,162,7.579,S2M
9,P4,163,7.579,S2M
9,P4,164,8.067,S2M
9,P4,165,8.067,S2M
9,P4,166,8.067,S2M
9,P4,167,8.555,S2M
9,P4,168,8.555,S2M
9,P4,169,8.555,S2M
9,P4,170,8.067,S2M
9,P4,171,8.067,S2M
9,P4,172,7.579,S2M
9,P4,173,7.579,S2M
9,P4,174,7.579,S2M
9,P4,175,7.090,S2M
9,P4,176,6.114,S2M
9,P4,177,5.625,S2M
9,P4,178,5.137,S2M
9,P4,179,4.649,S2M
9,P4,180,4.649,S2M
9,P4,181,4.649,S2M
9,P4,182,4.649,S2M
9,P4,183,5.137,S2M
9,P4,184,5.137,S2M
9,P4,185,5.625,S2M
9,P4,186,5.625,S2M
9,P4,187,6.114,S2M
9,P4,188,5.625,S2M
9,P4,189,5.625,S2M
9,P4,190,5.625,S2M
9,P4,191,5.625,S2M
9,P4,192,5.625,S2M
9,P4,193,5.625,S2M
9,P4,194,4.649,S2M
9,P4,195,3.672,S2M
9,P4,196,2.696,S2M
9,P4,197,2.696,S2M
9,P4,198,2.207,S2M
9,P4,199,2.207,S2M
9,P4,200,2.207,S2M
9,P4,201,2.696,S2M
9,P4,202,3.672,S2M
9,P4,203,4.649,S2M
9,P4,204,6.114,S2M
9,P4,205,7.090,S2M
9,P4,206,6.602,S2M
9,P4,207,5.625,S2M
9,P4,208,3.672,S2M
9,P4,209,2.207,S2M
9,P4,210,0.743,S2M
9,P4,211,0.254,S2M
9,P4,212,0.254,S2M
9,P4,213,1.231,S2M
9,P4,214,2.696,S2M
9,P4,215,3.672,S2M
9,P4,216,3.672,S2M
9,P4,217,2.696,S2M
9,P4,218,2.207,S2M
9,P4,219,2.207,S2M
9,P4,220,3.672,S2M
9,P4,221,4.649,S2M
9,P4,222,4.649,S2M
9,P4,223,3.184,S2M
9,P4,224,0.743,S2M
9,P4,225,-1.211,S2M
9,P4,226,-1.211,S2M
9,P4,227,-0.234,S2M
9,P4,228,1.719,S2M
9,P4,229,2.696,S2M
9,P4,230,3.184,S2M
9,P4,231,2.696,S2M
9,P4,232,2.696,S2M
9,P4,233,2.696,S2M
9,P4,234,2.696,S2M
9,P4,235,3.184,S2M
9,P4,236,3.672,S2M
9,P4,237,4.161,S2M
9,P4,238,5.137,S2M
9,P4,239,5.137,S2M
9,P4,240,4.649,S2M
9,P4,241,3.672,S2M
9,P4,242,2.696,S2M
9,P4,243,2.207,S2M
9,P4,244,2.696,S2M
9,P4,245,3.184,S2M
9,P4,246,4.161,S2M
9,P4,247,3.672,S2M
9,P4,248,3.672,S2M
9,P4,249,3.672,S2M
9,P4,250,4.161,S2M
9,P4,251,5.625,S2M
9,P4,252,7.090,S2M
9,P4,253,7.579,S2M
9,P4,254,6.602,S2M
9,P4,255,4.161,S2M
9,PZ,0,3.448,S2M
9,PZ,1,4.425,S2M
9,PZ,2,4.425,S2M
9,PZ,3,3.448,S2M
9,PZ,4,2.960,S2M
9,PZ,5,2.472,S2M
9,PZ,6,2.960,S2M
9,PZ,7,3.937,S2M
9,PZ,8,4.425,S2M
9,PZ,9,3.937,S2M
9,PZ,10,3.448,S2M
9,PZ,11,3.448,S2M
9,PZ,12,3.448,S2M
9,PZ,13,3.937,S2M
9,PZ,14,4.913,S2M
9,PZ,15,4.913,S2M
9,PZ,16,3.448,S2M
9,PZ,17,1.007,S2M
9,PZ,18,-1.923,S2M
9,PZ,19,-3.387,S2M
9,PZ,20,-3.876,S2M
9,PZ,21,-2.411,S2M
9,PZ,22,-0.458,S2M
9,PZ,23,1.984,S2M
9,PZ,24,3.448,S2M
9,PZ,25,3.937,S2M
9,PZ,26,3.937,S2M
9,PZ,27,3.448,S2M
9,PZ,28,3.448,S2M
9,PZ,29,3.937,S2M
9,PZ,30,5.890,S2M
9,PZ,31,7.843,S2M
9,PZ,32,8.820,S2M
9,PZ,33,8.820,S2M
9,PZ,34,8.331,S2M
9,PZ,35,6.866,S2M
9,PZ,36,5.890,S2M
9,PZ,37,5.890,S2M
9,PZ,38,5.402,S2M
9,PZ,39,4.913,S2M
9,PZ,40,3.937,S2M
9,PZ,41,1.984,S2M
9,PZ,42,-0.458,S2M
9,PZ,43,-1.923,S2M
9,PZ,44,-2.899,S2M
9,PZ,45,-2.411,S2M
9,PZ,46,-1.923,S2M
9,PZ,47,-0.946,S2M
9,PZ,48,-0.946,S2M
9,PZ,49,-1.434,S2M
9,PZ,50,-2.411,S2M
9,PZ,51,-2.411,S2M
9,PZ,52,-2.411,S2M
9,PZ,53,-1.434,S2M
9,PZ,54,-0.458,S2M
9,PZ,55,0.031,S2M
9,PZ,56,0.519,S2M
9,PZ,57,0.031,S2M
9,PZ,58,-0.458,S2M
9,PZ,59,-1.434,S2M
9,PZ,60,-1.923,S2M
9,PZ,61,-1.923,S2M
9,PZ,62,-1.923,S2M
9,PZ,63,-1.923,S2M
9,PZ,64,-2.411,S2M
9,PZ,65,-1.923,S2M
9,PZ,66,-1.923,S2M
9,PZ,67,-1.923,S2M
9,PZ,68,-0.946,S2M
9,PZ,69,-0.458,S2M
9,PZ,70,-0.458,S2M
9,PZ,71,-0.946,S2M
9,PZ,72,-1.923,S2M
9,PZ,73,-3.387,S2M
9,PZ,74,-3.876,S2M
9,PZ,75,-4.364,S2M
9,PZ,76,-3.387,S2M
9,PZ,77,-1.923,S2M
9,PZ,78,-0.458,S2M
9,PZ,79,0.031,S2M
9,PZ,80,0.031,S2M
9,PZ,81,-0.946,S2M
9,PZ,82,-1.923,S2M
9,PZ,83,-2.411,S2M
9,PZ,84,-1.923,S2M
9,PZ,85,-0.946,S2M
9,PZ,86,0.031,S2M
9,PZ,87,0.031,S2M
9,PZ,88,0.031,S2M
9,PZ,89,-0.458,S2M
9,PZ,90,-0.946,S2M
9,PZ,91,-0.946,S2M
9,PZ,92,-0.946,S2M
9,PZ,93,-0.946,S2M
9,PZ,94,-2.411,S2M
9,PZ,95,-3.387,S2M
9,PZ,96,-4.852,S2M
9,PZ,97,-4.852,S2M
9,PZ,98,-3.876,S2M
9,PZ,99,-1.923,S2M
9,PZ,100,0.031,S2M
9,PZ,101,1.007,S2M
9,PZ,102,1.007,S2M
9,PZ,103,0.519,S2M
9,PZ,104,0.031,S2M
9,PZ,105,-0.458,S2M
9,PZ,106,-0.458,S2M
9,PZ,107,-0.458,S2M
9,PZ,108,-0.458,S2M
9,PZ,109,-0.458,S2M
9,PZ,110,0.031,S2M
9,PZ,111,1.007,S2M
9,PZ,112,1.495,S2M
9,PZ,113,1.984,S2M
9,PZ,114,2.472,S2M
9,PZ,115,2.960,S2M
9,PZ,116,3.448,S2M
9,PZ,117,3.448,S2M
9,PZ,118,3.448,S2M
9,PZ,119,2.472,S2M
9,PZ,120,2.472,S2M
9,PZ,121,1.984,S2M
9,PZ,122,2.960,S2M
9,PZ,123,3.448,S2M
9,PZ,124,4.425,S2M
9,PZ,125,5.402,S2M
9,PZ,126,4.913,S2M
9,PZ,127,4.425,S2M
9,PZ,128,3.937,S2M
9,PZ,129,3.937,S2M
9,PZ,130,4.425,S2M
9,PZ,131,4.913,S2M
9,PZ,132,5.402,S2M
9,PZ,133,5.402,S2M
9,PZ,134,4.425,S2M
9,PZ,135,2.960,S2M
9,PZ,136,1.495,S2M
9,PZ,137,1.007,S2M
9,PZ,138,1.007,S2M
9,PZ,139,1.984,S2M
9,PZ,140,3.448,S2M
9,PZ,141,4.425,S2M
9,PZ,142,3.937,S2M
9,PZ,143,3.937,S2M
9,PZ,144,2.960,S2M
9,PZ,145,2.960,S2M
9,PZ,146,2.960,S2M
9,PZ,147,2.960,S2M
9,PZ,148,2.960,S2M
9,PZ,149,2.960,S2M
9,PZ,150,2.960,S2M
9,PZ,151,3.448,S2M
9,PZ,152,3.937,S2M
9,PZ,153,4.425,S2M
9,PZ,154,4.913,S2M
9,PZ,155,4.913,S2M
9,PZ,156,4.913,S2M
9,PZ,157,4.913,S2M
9,PZ,158,4.913,S2M
9,PZ,159,4.425,S2M
9,PZ,160,4.425,S2M
9,PZ,161,4.425,S2M
9,PZ,162,4.425,S2M
9,PZ,163,5.402,S2M
9,PZ,164,5.890,S2M
9,PZ,165,6.378,S2M
9,PZ,166,6.378,S2M
9,PZ,167,5.890,S2M
9,PZ,168,5.402,S2M
9,PZ,169,5.890,S2M
9,PZ,170,6.378,S2M
9,PZ,171,6.378,S2M
9,PZ,172,5.890,S2M
9,PZ,173,4.913,S2M
9,PZ,174,3.937,S2M
9,PZ,175,2.960,S2M
9,PZ,176,2.960,S2M
9,PZ,177,2.960,S2M
9,PZ,178,2.960,S2M
9,PZ,179,1.984,S2M
9,PZ,180,1.495,S2M
9,PZ,181,1.007,S2M
9,PZ,182,0.519,S2M
9,PZ,183,0.519,S2M
9,PZ,184,1.007,S2M
9,PZ,185,1.495,S2M
9,PZ,186,1.984,S2M
9,PZ,187,2.472,S2M
9,PZ,188,2.472,S2M
9,PZ,189,1.984,S2M
9,PZ,190,1.984,S2M
9,PZ,191,1.495,S2M
9,PZ,192,1.495,S2M
9,PZ,193,1.984,S2M
9,PZ,194,1.495,S2M
9,PZ,195,0.519,S2M
9,PZ,196,0.519,S2M
9,PZ,197,0.031,S2M
9,PZ,198,0.519,S2M
9,PZ,199,1.007,S2M
9,PZ,200,1.007,S2M
9,PZ,201,1.495,S2M
9,PZ,202,1.495,S2M
9,PZ,203,1.495,S2M
9,PZ,204,1.984,S2M
9,PZ,205,2.472,S2M
9,PZ,206,2.960,S2M
9,PZ,207,2.472,S2M
9,PZ,208,2.472,S2M
9,PZ,209,1.984,S2M
9,PZ,210,1.495,S2M
9,PZ,211,0.519,S2M
9,PZ,212,-0.458,S2M
9,PZ,213,-0.946,S2M
9,PZ,214,-0.458,S2M
9,PZ,215,0.031,S2M
9,PZ,216,1.007,S2M
9,PZ,217,1.495,S2M
9,PZ,218,1.495,S2M
9,PZ,219,1.984,S2M
9,PZ,220,1.984,S2M
9,PZ,221,1.984,S2M
9,PZ,222,1.984,S2M
9,PZ,223,1.007,S2M
9,PZ,224,-0.458,S2M
9,PZ,225,-2.411,S2M
9,PZ,226,-3.387,S2M
9,PZ,227,-3.387,S2M
9,PZ,228,-2.411,S2M
9,PZ,229,-0.946,S2M
9,PZ,230,0.031,S2M
9,PZ,231,1.007,S2M
9,PZ,232,1.495,S2M
9,PZ,233,1.495,S2M
9,PZ,234,1.984,S2M
9,PZ,235,1.984,S2M
9,PZ,236,1.984,S2M
9,PZ,237,1.984,S2M
9,PZ,238,2.472,S2M
9,PZ,239,2.960,S2M
9,PZ,240,2.960,S2M
9,PZ,241,2.472,S2M
9,PZ,242,1.495,S2M
9,PZ,243,0.031,S2M
9,PZ,244,-0.458,S2M
9,PZ,245,-0.458,S2M
9,PZ,246,1.007,S2M
9,PZ,247,1.984,S2M
9,PZ,248,3.937,S2M
9,PZ,249,4.913,S2M
9,PZ,250,5.402,S2M
9,PZ,251,5.402,S2M
9,PZ,252,5.402,S2M
9,PZ,253,4.913,S2M
9,PZ,254,3.937,S2M
9,PZ,255,2.960,S2M
9,P8,0,3.428,S2M
9,P8,1,6.846,S2M
9,P8,2,8.311,S2M
9,P8,3,9.288,S2M
9,P8,4,10.264,S2M
9,P8,5,11.241,S2M
9,P8,6,11.241,S2M
9,P8,7,10.264,S2M
9,P8,8,7.823,S2M
9,P8,9,4.893,S2M
9,P8,10,2.940,S2M
9,P8,11,3.916,S2M
9,P8,12,6.358,S2M
9,P8,13,9.776,S2M
9,P8,14,11.729,S2M
9,P8,15,11.729,S2M
9,P8,16,9.288,S2M
9,P8,17,5.381,S2M
9,P8,18,1.475,S2M
9,P8,19,-1.943,S2M
9,P8,20,-3.408,S2M
9,P8,21,-3.896,S2M
9,P8,22,-1.943,S2M
9,P8,23,1.475,S2M
9,P8,24,4.893,S2M
9,P8,25,7.823,S2M
9,P8,26,8.311,S2M
9,P8,27,8.311,S2M
9,P8,28,7.823,S2M
9,P8,29,8.799,S2M
9,P8,30,10.752,S2M
9,P8,31,12.705,S2M
9,P8,32,13.194,S2M
9,P8,33,11.729,S2M
9,P8,34,9.776,S2M
9,P8,35,7.823,S2M
9,P8,36,6.358,S2M
9,P8,37,4.893,S2M
9,P8,38,3.428,S2M
9,P8,39,0.987,S2M
9,P8,40,-0.966,S2M
9,P8,41,-2.431,S2M
9,P8,42,-3.408,S2M
9,P8,43,-3.896,S2M
9,P8,44,-4.873,S2M
9,P8,45,-5.849,S2M
9,P8,46,-5.849,S2M
9,P8,47,-4.384,S2M
9,P8,48,-2.431,S2M
9,P8,49,-0.966,S2M
9,P8,50,-0.478,S2M
9,P8,51,-0.966,S2M
9,P8,52,-1.455,S2M
9,P8,53,-0.478,S2M
9,P8,54,1.475,S2M
9,P8,55,2.940,S2M
9,P8,56,2.452,S2M
9,P8,57,0.498,S2M
9,P8,58,-2.431,S2M
9,P8,59,-4.384,S2M
9,P8,60,-4.873,S2M
9,P8,61,-4.873,S2M
9,P8,62,-5.361,S2M
9,P8,63,-6.337,S2M
9,P8,64,-7.802,S2M
9,P8,65,-8.291,S2M
9,P8,66,-7.802,S2M
9,P8,67,-6.826,S2M
9,P8,68,-5.361,S2M
9,P8,69,-5.361,S2M
9,P8,70,-6.337,S2M
9,P8,71,-8.291,S2M
9,P8,72,-10.244,S2M
9,P8,73,-11.709,S2M
9,P8,74,-12.197,S2M
9,P8,75,-11.220,S2M
9,P8,76,-9.267,S2M
9,P8,77,-6.826,S2M
9,P8,78,-4.873,S2M
9,P8,79,-3.896,S2M
9,P8,80,-3.896,S2M
9,P8,81,-4.384,S2M
9,P8,82,-4.873,S2M
9,P8,83,-5.361,S2M
9,P8,84,-5.849,S2M
9,P8,85,-6.826,S2M
9,P8,86,-7.802,S2M
9,P8,87,-8.291,S2M
9,P8,88,-8.291,S2M
9,P8,89,-8.291,S2M
9,P8,90,-7.314,S2M
9,P8,91,-6.337,S2M
9,P8,92,-5.361,S2M
9,P8,93,-4.873,S2M
9,P8,94,-5.849,S2M
9,P8,95,-7.802,S2M
9,P8,96,-9.755,S2M
9,P8,97,-10.732,S2M
9,P8,98,-10.244,S2M
9,P8,99,-7.802,S2M
9,P8,100,-4.873,S2M
9,P8,101,-2.920,S2M
9,P8,102,-1.943,S2M
9,P8,103,-2.431,S2M
9,P8,104,-3.408,S2M
9,P8,105,-4.384,S2M
9,P8,106,-4.873,S2M
9,P8,107,-4.873,S2M
9,P8,108,-4.384,S2M
9,P8,109,-3.896,S2M
9,P8,110,-2.920,S2M
9,P8,111,-1.943,S2M
9,P8,112,-0.478,S2M
9,P8,113,0.010,S2M
9,P8,114,0.010,S2M
9,P8,115,0.010,S2M
9,P8,116,-0.478,S2M
9,P8,117,-0.478,S2M
9,P8,118,-1.455,S2M
9,P8,119,-2.920,S2M
9,P8,120,-4.384,S2M
9,P8,121,-5.361,S2M
9,P8,122,-5.849,S2M
9,P8,123,-4.873,S2M
9,P8,124,-3.408,S2M
9,P8,125,-1.943,S2M
9,P8,126,-1.455,S2M
9,P8,127,-0.966,S2M
9,P8,128,-1.455,S2M
9,P8,129,-1.455,S2M
9,P8,130,-0.478,S2M
9,P8,131,0.987,S2M
9,P8,132,2.940,S2M
9,P8,133,3.428,S2M
9,P8,134,2.940,S2M
9,P8,135,0.498,S2M
9,P8,136,-1.455,S2M
9,P8,137,-3.408,S2M
9,P8,138,-3.896,S2M
9,P8,139,-2.920,S2M
9,P8,140,-2.431,S2M
9,P8,141,-1.455,S2M
9,P8,142,-1.455,S2M
9,P8,143,-1.943,S2M
9,P8,144,-1.455,S2M
9,P8,145,-0.478,S2M
9,P8,146,0.987,S2M
9,P8,147,1.963,S2M
9,P8,148,1.963,S2M
9,P8,149,0.987,S2M
9,P8,150,-0.478,S2M
9,P8,151,-0.966,S2M
9,P8,152,0.010,S2M
9,P8,153,2.452,S2M
9,P8,154,4.893,S2M
9,P8,155,6.846,S2M
9,P8,156,6.846,S2M
9,P8,157,6.358,S2M
9,P8,158,4.893,S2M
9,P8,159,4.893,S2M
9,P8,160,5.381,S2M
9,P8,161,7.334,S2M
9,P8,162,8.311,S2M
9,P8,163,8.799,S2M
9,P8,164,8.799,S2M
9,P8,165,8.311,S2M
9,P8,166,7.823,S2M
9,P8,167,7.823,S2M
9,P8,168,7.823,S2M
9,P8,169,7.823,S2M
9,P8,170,7.334,S2M
9,P8,171,6.358,S2M
9,P8,172,6.358,S2M
9,P8,173,5.870,S2M
9,P8,174,5.381,S2M
9,P8,175,4.405,S2M
9,P8,176,2.940,S2M
9,P8,177,2.452,S2M
9,P8,178,1.475,S2M
9,P8,179,0.987,S2M
9,P8,180,0.987,S2M
9,P8,181,1.475,S2M
9,P8,182,2.452,S2M
9,P8,183,4.405,S2M
9,P8,184,5.870,S2M
9,P8,185,7.334,S2M
9,P8,186,7.334,S2M
9,P8,187,6.358,S2M
9,P8,188,5.381,S2M
9,P8,189,3.916,S2M
9,P8,190,3.428,S2M
9,P8,191,4.405,S2M
9,P8,192,5.381,S2M
9,P8,193,6.358,S2M
9,P8,194,6.846,S2M
9,P8,195,5.870,S2M
9,P8,196,4.405,S2M
9,P8,197,2.940,S2M
9,P8,198,0.987,S2M
9,P8,199,0.010,S2M
9,P8,200,0.010,S2M
9,P8,201,1.963,S2M
9,P8,202,4.405,S2M
9,P8,203,7.823,S2M
9,P8,204,9.776,S2M
9,P8,205,10.264,S2M
9,P8,206,9.288,S2M
9,P8,207,6.846,S2M
9,P8,208,3.916,S2M
9,P8,209,0.987,S2M
9,P8,210,-1.455,S2M
9,P8,211,-2.920,S2M
9,P8,212,-2.431,S2M
9,P8,213,-0.478,S2M
9,P8,214,2.940,S2M
9,P8,215,5.381,S2M
9,P8,216,5.381,S2M
9,P8,217,3.916,S2M
9,P8,218,1.475,S2M
9,P8,219,0.010,S2M
9,P8,220,0.498,S2M
9,P8,221,1.475,S2M
9,P8,222,2.452,S2M
9,P8,223,1.475,S2M
9,P8,224,0.010,S2M
9,P8,225,-1.455,S2M
9,P8,226,-0.966,S2M
9,P8,227,0.498,S2M
9,P8,228,2.940,S2M
9,P8,229,3.428,S2M
9,P8,230,2.940,S2M
9,P8,231,1.475,S2M
9,P8,232,0.498,S2M
9,P8,233,0.498,S2M
9,P8,234,1.475,S2M
9,P8,235,2.452,S2M
9,P8,236,3.916,S2M
9,P8,237,5.381,S2M
9,P8,238,5.381,S2M
9,P8,239,5.381,S2M
9,P8,240,4.893,S2M
9,P8,241,4.405,S2M
9,P8,242,3.428,S2M
9,P8,243,2.452,S2M
9,P8,244,2.940,S2M
9,P8,245,2.940,S2M
9,P8,246,2.940,S2M
9,P8,247,2.452,S2M
9,P8,248,1.963,S2M
9,P8,249,1.963,S2M
9,P8,250,2.940,S2M
9,P8,251,4.893,S2M
9,P8,252,7.334,S2M
9,P8,253,9.288,S2M
9,P8,254,9.288,S2M
9,P8,255,7.334,S2M
9,P7,0,10.071,S2M
9,P7,1,11.047,S2M
9,P7,2,9.583,S2M
9,P7,3,6.165,S2M
9,P7,4,3.235,S2M
9,P7,5,0.793,S2M
9,P7,6,0.793,S2M
9,P7,7,2.747,S2M
9,P7,8,4.700,S2M
9,P7,9,5.676,S2M
9,P7,10,4.700,S2M
9,P7,11,4.700,S2M
9,P7,12,5.676,S2M
9,P7,13,8.118,S2M
9,P7,14,11.047,S2M
9,P7,15,12.024,S2M
9,P7,16,9.094,S2M
9,P7,17,4.211,S2M
9,P7,18,-1.648,S2M
9,P7,19,-5.066,S2M
9,P7,20,-5.066,S2M
9,P7,21,-2.625,S2M
9,P7,22,1.770,S2M
9,P7,23,5.676,S2M
9,P7,24,7.141,S2M
9,P7,25,6.653,S2M
9,P7,26,4.700,S2M
9,P7,27,2.747,S2M
9,P7,28,2.747,S2M
9,P7,29,4.700,S2M
9,P7,30,8.118,S2M
9,P7,31,11.536,S2M
9,P7,32,13.489,S2M
9,P7,33,13.489,S2M
9,P7,34,11.536,S2M
9,P7,35,10.071,S2M
9,P7,36,9.583,S2M
9,P7,37,9.094,S2M
9,P7,38,8.118,S2M
9,P7,39,6.653,S2M
9,P7,40,4.700,S2M
9,P7,41,1.770,S2M
9,P7,42,-0.183,S2M
9,P7,43,-2.136,S2M
9,P7,44,-2.625,S2M
9,P7,45,-3.113,S2M
9,P7,46,-2.625,S2M
9,P7,47,-1.160,S2M
9,P7,48,0.793,S2M
9,P7,49,2.747,S2M
9,P7,50,3.235,S2M
9,P7,51,3.723,S2M
9,P7,52,3.235,S2M
9,P7,53,3.723,S2M
9,P7,54,4.211,S2M
9,P7,55,6.165,S2M
9,P7,56,7.629,S2M
9,P7,57,8.118,S2M
9,P7,58,7.629,S2M
9,P7,59,5.676,S2M
9,P7,60,3.723,S2M
9,P7,61,2.747,S2M
9,P7,62,1.770,S2M
9,P7,63,1.770,S2M
9,P7,64,1.770,S2M
9,P7,65,1.282,S2M
9,P7,66,0.793,S2M
9,P7,67,0.793,S2M
9,P7,68,1.282,S2M
9,P7,69,0.305,S2M
9,P7,70,-0.671,S2M
9,P7,71,-2.136,S2M
9,P7,72,-3.113,S2M
9,P7,73,-3.113,S2M
9,P7,74,-3.113,S2M
9,P7,75,-2.625,S2M
9,P7,76,-2.625,S2M
9,P7,77,-2.625,S2M
9,P7,78,-1.648,S2M
9,P7,79,-0.183,S2M
9,P7,80,0.793,S2M
9,P7,81,1.770,S2M
9,P7,82,1.282,S2M
9,P7,83,0.305,S2M
9,P7,84,-0.183,S2M
9,P7,85,-0.671,S2M
9,P7,86,-0.671,S2M
9,P7,87,-0.671,S2M
9,P7,88,-0.671,S2M
9,P7,89,-0.671,S2M
9,P7,90,-0.671,S2M
9,P7,91,-0.183,S2M
9,P7,92,-0.183,S2M
9,P7,93,-1.648,S2M
9,P7,94,-4.089,S2M
9,P7,95,-6.042,S2M
9,P7,96,-7.507,S2M
9,P7,97,-7.507,S2M
9,P7,98,-6.042,S2M
9,P7,99,-4.089,S2M
9,P7,100,-3.113,S2M
9,P7,101,-3.113,S2M
9,P7,102,-3.113,S2M
9,P7,103,-2.625,S2M
9,P7,104,-1.160,S2M
9,P7,105,0.793,S2M
9,P7,106,1.282,S2M
9,P7,107,0.305,S2M
9,P7,108,-2.625,S2M
9,P7,109,-5.066,S2M
9,P7,110,-5.554,S2M
9,P7,111,-4.578,S2M
9,P7,112,-2.136,S2M
9,P7,113,0.305,S2M
9,P7,114,0.793,S2M
9,P7,115,0.793,S2M
9,P7,116,0.305,S2M
9,P7,117,0.793,S2M
9,P7,118,0.793,S2M
9,P7,119,1.282,S2M
9,P7,120,1.282,S2M
9,P7,121,1.282,S2M
9,P7,122,1.770,S2M
9,P7,123,3.235,S2M
9,P7,124,5.188,S2M
9,P7,125,6.653,S2M
9,P7,126,6.653,S2M
9,P7,127,5.188,S2M
9,P7,128,4.211,S2M
9,P7,129,3.723,S2M
9,P7,130,4.700,S2M
9,P7,131,6.165,S2M
9,P7,132,7.141,S2M
9,P7,133,6.165,S2M
9,P7,134,4.700,S2M
9,P7,135,2.747,S2M
9,P7,136,1.282,S2M
9,P7,137,0.793,S2M
9,P7,138,0.793,S2M
9,P7,139,1.282,S2M
9,P7,140,1.770,S2M
9,P7,141,2.747,S2M
9,P7,142,3.723,S2M
9,P7,143,4.211,S2M
9,P7,144,4.700,S2M
9,P7,145,4.700,S2M
9,P7,146,3.723,S2M
9,P7,147,2.747,S2M
9,P7,148,1.770,S2M
9,P7,149,0.793,S2M
9,P7,150,1.282,S2M
9,P7,151,2.258,S2M
9,P7,152,3.723,S2M
9,P7,153,4.700,S2M
9,P7,154,6.653,S2M
9,P7,155,7.629,S2M
9,P7,156,8.118,S2M
9,P7,157,9.094,S2M
9,P7,158,9.094,S2M
9,P7,159,8.606,S2M
9,P7,160,8.118,S2M
9,P7,161,7.629,S2M
9,P7,162,8.118,S2M
9,P7,163,9.094,S2M
9,P7,164,10.559,S2M
9,P7,165,11.536,S2M
9,P7,166,11.047,S2M
9,P7,167,10.071,S2M
9,P7,168,8.606,S2M
9,P7,169,8.118,S2M
9,P7,170,8.606,S2M
9,P7,171,8.606,S2M
9,P7,172,7.629,S2M
9,P7,173,6.653,S2M
9,P7,174,4.700,S2M
9,P7,175,3.235,S2M
9,P7,176,2.258,S2M
9,P7,177,1.770,S2M
9,P7,178,0.305,S2M
9,P7,179,-0.671,S2M
9,P7,180,-1.648,S2M
9,P7,181,-1.648,S2M
9,P7,182,-1.160,S2M
9,P7,183,0.305,S2M
9,P7,184,1.770,S2M
9,P7,185,3.235,S2M
9,P7,186,4.211,S2M
9,P7,187,4.700,S2M
9,P7,188,3.723,S2M
9,P7,189,3.235,S2M
9,P7,190,2.747,S2M
9,P7,191,3.723,S2M
9,P7,192,5.188,S2M
9,P7,193,6.165,S2M
9,P7,194,5.676,S2M
9,P7,195,4.700,S2M
9,P7,196,2.747,S2M
9,P7,197,1.282,S2M
9,P7,198,0.793,S2M
9,P7,199,1.770,S2M
9,P7,200,3.235,S2M
9,P7,201,4.211,S2M
9,P7,202,4.700,S2M
9,P7,203,4.700,S2M
9,P7,204,4.700,S2M
9,P7,205,4.700,S2M
9,P7,206,5.188,S2M
9,P7,207,5.188,S2M
9,P7,208,5.676,S2M
9,P7,209,5.676,S2M
9,P7,210,5.188,S2M
9,P7,211,3.723,S2M
9,P7,212,2.258,S2M
9,P7,213,-0.183,S2M
9,P7,214,-0.671,S2M
9,P7,215,-0.671,S2M
9,P7,216,1.282,S2M
9,P7,217,2.747,S2M
9,P7,218,3.723,S2M
9,P7,219,3.723,S2M
9,P7,220,3.235,S2M
9,P7,221,2.747,S2M
9,P7,222,2.258,S2M
9,P7,223,2.258,S2M
9,P7,224,1.282,S2M
9,P7,225,-0.183,S2M
9,P7,226,-1.648,S2M
9,P7,227,-2.136,S2M
9,P7,228,-1.160,S2M
9,P7,229,1.282,S2M
9,P7,230,3.723,S2M
9,P7,231,6.165,S2M
9,P7,232,6.653,S2M
9,P7,233,6.653,S2M
9,P7,234,6.165,S2M
9,P7,235,5.676,S2M
9,P7,236,5.676,S2M
9,P7,237,5.188,S2M
9,P7,238,5.188,S2M
9,P7,239,5.188,S2M
9,P7,240,5.676,S2M
9,P7,241,6.165,S2M
9,P7,242,6.165,S2M
9,P7,243,5.676,S2M
9,P7,244,4.700,S2M
9,P7,245,4.211,S2M
9,P7,246,5.188,S2M
9,P7,247,7.629,S2M
9,P7,248,11.047,S2M
9,P7,249,13.977,S2M
9,P7,250,15.442,S2M
9,P7,251,15.442,S2M
9,P7,252,13.489,S2M
9,P7,253,12.024,S2M
9,P7,254,11.047,S2M
9,P7,255,11.536,S2M
9,PO2,0,4.537,S2M
9,PO2,1,6.002,S2M
9,PO2,2,6.490,S2M
9,PO2,3,6.490,S2M
9,PO2,4,6.490,S2M
9,PO2,5,6.978,S2M
9,PO2,6,7.467,S2M
9,PO2,7,7.467,S2M
9,PO2,8,6.002,S2M
9,PO2,9,4.537,S2M
9,PO2,10,3.072,S2M
9,PO2,11,2.584,S2M
9,PO2,12,4.049,S2M
9,PO2,13,6.490,S2M
9,PO2,14,7.955,S2M
9,PO2,15,7.955,S2M
9,PO2,16,6.002,S2M
9,PO2,17,2.096,S2M
9,PO2,18,-1.811,S2M
9,PO2,19,-4.252,S2M
9,PO2,20,-4.740,S2M
9,PO2,21,-3.764,S2M
9,PO2,22,-0.834,S2M
9,PO2,23,2.096,S2M
9,PO2,24,4.537,S2M
9,PO2,25,6.490,S2M
9,PO2,26,6.978,S2M
9,PO2,27,6.490,S2M
9,PO2,28,6.978,S2M
9,PO2,29,8.443,S2M
9,PO2,30,9.908,S2M
9,PO2,31,11.861,S2M
9,PO2,32,12.838,S2M
9,PO2,33,12.349,S2M
9,PO2,34,10.885,S2M
9,PO2,35,9.420,S2M
9,PO2,36,8.443,S2M
9,PO2,37,7.955,S2M
9,PO2,38,6.978,S2M
9,PO2,39,5.025,S2M
9,PO2,40,2.584,S2M
9,PO2,41,0.142,S2M
9,PO2,42,-2.299,S2M
9,PO2,43,-3.764,S2M
9,PO2,44,-4.252,S2M
9,PO2,45,-4.252,S2M
9,PO2,46,-3.764,S2M
9,PO2,47,-2.787,S2M
9,PO2,48,-2.299,S2M
9,PO2,49,-1.811,S2M
9,PO2,50,-1.322,S2M
9,PO2,51,-1.322,S2M
9,PO2,52,-1.322,S2M
9,PO2,53,-0.346,S2M
9,PO2,54,1.119,S2M
9,PO2,55,2.096,S2M
9,PO2,56,2.096,S2M
9,PO2,57,0.631,S2M
9,PO2,58,-0.834,S2M
9,PO2,59,-2.299,S2M
9,PO2,60,-3.276,S2M
9,PO2,61,-3.276,S2M
9,PO2,62,-3.276,S2M
9,PO2,63,-3.276,S2M
9,PO2,64,-3.276,S2M
9,PO2,65,-3.276,S2M
9,PO2,66,-3.276,S2M
9,PO2,67,-3.276,S2M
9,PO2,68,-2.787,S2M
9,PO2,69,-3.276,S2M
9,PO2,70,-3.764,S2M
9,PO2,71,-4.740,S2M
9,PO2,72,-6.205,S2M
9,PO2,73,-7.670,S2M
9,PO2,74,-8.647,S2M
9,PO2,75,-8.158,S2M
9,PO2,76,-6.205,S2M
9,PO2,77,-4.252,S2M
9,PO2,78,-2.787,S2M
9,PO2,79,-2.787,S2M
9,PO2,80,-3.764,S2M
9,PO2,81,-4.740,S2M
9,PO2,82,-5.229,S2M
9,PO2,83,-4.740,S2M
9,PO2,84,-4.252,S2M
9,PO2,85,-3.764,S2M
9,PO2,86,-3.764,S2M
9,PO2,87,-3.764,S2M
9,PO2,88,-3.764,S2M
9,PO2,89,-3.276,S2M
9,PO2,90,-2.787,S2M
9,PO2,91,-2.787,S2M
9,PO2,92,-2.787,S2M
9,PO2,93,-3.764,S2M
9,PO2,94,-4.740,S2M
9,PO2,95,-6.694,S2M
9,PO2,96,-8.158,S2M
9,PO2,97,-8.647,S2M
9,PO2,98,-7.182,S2M
9,PO2,99,-4.740,S2M
9,PO2,100,-2.299,S2M
9,PO2,101,-0.346,S2M
9,PO2,102,-0.346,S2M
9,PO2,103,-0.834,S2M
9,PO2,104,-2.299,S2M
9,PO2,105,-2.787,S2M
9,PO2,106,-2.787,S2M
9,PO2,107,-2.299,S2M
9,PO2,108,-2.299,S2M
9,PO2,109,-2.299,S2M
9,PO2,110,-1.322,S2M
9,PO2,111,-0.346,S2M
9,PO2,112,1.119,S2M
9,PO2,113,2.096,S2M
9,PO2,114,2.584,S2M
9,PO2,115,3.072,S2M
9,PO2,116,3.072,S2M
9,PO2,117,3.072,S2M
9,PO2,118,2.096,S2M
9,PO2,119,1.607,S2M
9,PO2,120,0.631,S2M
9,PO2,121,0.631,S2M
9,PO2,122,1.119,S2M
9,PO2,123,2.584,S2M
9,PO2,124,4.049,S2M
9,PO2,125,5.025,S2M
9,PO2,126,5.025,S2M
9,PO2,127,5.025,S2M
9,PO2,128,4.537,S2M
9,PO2,129,4.537,S2M
9,PO2,130,6.002,S2M
9,PO2,131,6.978,S2M
9,PO2,132,8.443,S2M
9,PO2,133,8.443,S2M
9,PO2,134,6.978,S2M
9,PO2,135,4.537,S2M
9,PO2,136,2.584,S2M
9,PO2,137,1.119,S2M
9,PO2,138,1.119,S2M
9,PO2,139,2.584,S2M
9,PO2,140,4.049,S2M
9,PO2,141,5.025,S2M
9,PO2,142,4.537,S2M
9,PO2,143,4.049,S2M
9,PO2,144,3.560,S2M
9,PO2,145,4.049,S2M
9,PO2,146,4.537,S2M
9,PO2,147,5.025,S2M
9,PO2,148,5.025,S2M
9,PO2,149,4.537,S2M
9,PO2,150,4.537,S2M
9,PO2,151,4.537,S2M
9,PO2,152,5.025,S2M
9,PO2,153,6.002,S2M
9,PO2,154,6.978,S2M
9,PO2,155,7.955,S2M
9,PO2,156,8.443,S2M
9,PO2,157,8.443,S2M
9,PO2,158,7.955,S2M
9,PO2,159,7.467,S2M
9,PO2,160,7.467,S2M
9,PO2,161,7.955,S2M
9,PO2,162,8.931,S2M
9,PO2,163,9.908,S2M
9,PO2,164,9.908,S2M
9,PO2,165,9.420,S2M
9,PO2,166,8.443,S2M
9,PO2,167,7.955,S2M
9,PO2,168,7.955,S2M
9,PO2,169,8.443,S2M
9,PO2,170,8.931,S2M
9,PO2,171,8.443,S2M
9,PO2,172,6.978,S2M
9,PO2,173,5.514,S2M
9,PO2,174,5.025,S2M
9,PO2,175,4.537,S2M
9,PO2,176,4.537,S2M
9,PO2,177,5.025,S2M
9,PO2,178,4.537,S2M
9,PO2,179,3.560,S2M
9,PO2,180,2.584,S2M
9,PO2,181,2.096,S2M
9,PO2,182,1.607,S2M
9,PO2,183,2.096,S2M
9,PO2,184,2.584,S2M
9,PO2,185,3.072,S2M
9,PO2,186,4.049,S2M
9,PO2,187,4.537,S2M
9,PO2,188,4.537,S2M
9,PO2,189,4.537,S2M
9,PO2,190,4.049,S2M
9,PO2,191,4.049,S2M
9,PO2,192,4.049,S2M
9,PO2,193,4.537,S2M
9,PO2,194,4.049,S2M
9,PO2,195,3.560,S2M
9,PO2,196,2.584,S2M
9,PO2,197,1.607,S2M
9,PO2,198,0.631,S2M
9,PO2,199,0.631,S2M
9,PO2,200,0.631,S2M
9,PO2,201,1.607,S2M
9,PO2,202,3.560,S2M
9,PO2,203,5.025,S2M
9,PO2,204,6.978,S2M
9,PO2,205,7.955,S2M
9,PO2,206,6.978,S2M
9,PO2,207,5.514,S2M
9,PO2,208,3.560,S2M
9,PO2,209,1.607,S2M
9,PO2,210,0.631,S2M
9,PO2,211,-0.346,S2M
9,PO2,212,-0.834,S2M
9,PO2,213,-0.346,S2M
9,PO2,214,0.142,S2M
9,PO2,215,1.607,S2M
9,PO2,216,2.096,S2M
9,PO2,217,2.096,S2M
9,PO2,218,1.607,S2M
9,PO2,219,1.119,S2M
9,PO2,220,1.119,S2M
9,PO2,221,2.096,S2M
9,PO2,222,2.584,S2M
9,PO2,223,1.607,S2M
9,PO2,224,-0.834,S2M
9,PO2,225,-3.276,S2M
9,PO2,226,-4.740,S2M
9,PO2,227,-4.740,S2M
9,PO2,228,-2.787,S2M
9,PO2,229,-1.322,S2M
9,PO2,230,0.142,S2M
9,PO2,231,0.631,S2M
9,PO2,232,1.119,S2M
9,PO2,233,2.096,S2M
9,PO2,234,3.072,S2M
9,PO2,235,3.560,S2M
9,PO2,236,4.537,S2M
9,PO2,237,4.537,S2M
9,PO2,238,4.049,S2M
9,PO2,239,4.049,S2M
9,PO2,240,3.560,S2M
9,PO2,241,3.072,S2M
9,PO2,242,1.607,S2M
9,PO2,243,0.631,S2M
9,PO2,244,0.142,S2M
9,PO2,245,0.631,S2M
9,PO2,246,2.096,S2M
9,PO2,247,3.560,S2M
9,PO2,248,5.025,S2M
9,PO2,249,6.002,S2M
9,PO2,250,6.978,S2M
9,PO2,251,7.955,S2M
9,PO2,252,8.443,S2M
9,PO2,253,8.443,S2M
9,PO2,254,6.978,S2M
9,PO2,255,5.025,S2M
9,PO1,0,7.294,S2M
9,PO1,1,7.782,S2M
9,PO1,2,6.317,S2M
9,PO1,3,4.364,S2M
9,PO1,4,2.899,S2M
9,PO1,5,3.387,S2M
9,PO1,6,3.876,S2M
9,PO1,7,4.852,S2M
9,PO1,8,5.341,S2M
9,PO1,9,3.876,S2M
9,PO1,10,2.899,S2M
9,PO1,11,2.411,S2M
9,PO1,12,3.387,S2M
9,PO1,13,5.829,S2M
9,PO1,14,8.270,S2M
9,PO1,15,8.270,S2M
9,PO1,16,5.829,S2M
9,PO1,17,0.946,S2M
9,PO1,18,-3.448,S2M
9,PO1,19,-6.378,S2M
9,PO1,20,-6.378,S2M
9,PO1,21,-3.937,S2M
9,PO1,22,-0.031,S2M
9,PO1,23,3.876,S2M
9,PO1,24,6.805,S2M
9,PO1,25,7.782,S2M
9,PO1,26,7.294,S2M
9,PO1,27,6.317,S2M
9,PO1,28,5.829,S2M
9,PO1,29,6.805,S2M
9,PO1,30,9.247,S2M
9,PO1,31,11.688,S2M
9,PO1,32,13.153,S2M
9,PO1,33,13.153,S2M
9,PO1,34,11.200,S2M
9,PO1,35,9.735,S2M
9,PO1,36,9.247,S2M
9,PO1,37,8.759,S2M
9,PO1,38,8.270,S2M
9,PO1,39,7.294,S2M
9,PO1,40,4.852,S2M
9,PO1,41,2.411,S2M
9,PO1,42,-1.007,S2M
9,PO1,43,-2.960,S2M
9,PO1,44,-3.448,S2M
9,PO1,45,-2.960,S2M
9,PO1,46,-1.984,S2M
9,PO1,47,-1.007,S2M
9,PO1,48,-0.519,S2M
9,PO1,49,-0.519,S2M
9,PO1,50,-1.007,S2M
9,PO1,51,-1.495,S2M
9,PO1,52,-0.519,S2M
9,PO1,53,-0.031,S2M
9,PO1,54,1.434,S2M
9,PO1,55,2.899,S2M
9,PO1,56,3.387,S2M
9,PO1,57,2.899,S2M
9,PO1,58,1.923,S2M
9,PO1,59,0.458,S2M
9,PO1,60,-0.031,S2M
9,PO1,61,-0.519,S2M
9,PO1,62,-0.031,S2M
9,PO1,63,0.458,S2M
9,PO1,64,-0.031,S2M
9,PO1,65,-0.031,S2M
9,PO1,66,-0.519,S2M
9,PO1,67,-0.519,S2M
9,PO1,68,-0.519,S2M
9,PO1,69,-1.007,S2M
9,PO1,70,-1.007,S2M
9,PO1,71,-1.984,S2M
9,PO1,72,-2.960,S2M
9,PO1,73,-4.425,S2M
9,PO1,74,-5.402,S2M
9,PO1,75,-5.402,S2M
9,PO1,76,-4.425,S2M
9,PO1,77,-2.472,S2M
9,PO1,78,-1.007,S2M
9,PO1,79,-0.031,S2M
9,PO1,80,-0.519,S2M
9,PO1,81,-1.495,S2M
9,PO1,82,-2.472,S2M
9,PO1,83,-2.472,S2M
9,PO1,84,-1.495,S2M
9,PO1,85,-0.519,S2M
9,PO1,86,-0.031,S2M
9,PO1,87,-0.031,S2M
9,PO1,88,-0.031,S2M
9,PO1,89,-0.519,S2M
9,PO1,90,-0.519,S2M
9,PO1,91,-0.031,S2M
9,PO1,92,-0.519,S2M
9,PO1,93,-1.495,S2M
9,PO1,94,-3.937,S2M
9,PO1,95,-5.402,S2M
9,PO1,96,-6.378,S2M
9,PO1,97,-6.378,S2M
9,PO1,98,-4.425,S2M
9,PO1,99,-2.472,S2M
9,PO1,100,-0.519,S2M
9,PO1,101,-0.031,S2M
9,PO1,102,-0.031,S2M
9,PO1,103,-0.031,S2M
9,PO1,104,-0.031,S2M
9,PO1,105,-0.031,S2M
9,PO1,106,-0.519,S2M
9,PO1,107,-1.495,S2M
9,PO1,108,-1.984,S2M
9,PO1,109,-1.984,S2M
9,PO1,110,-1.007,S2M
9,PO1,111,0.458,S2M
9,PO1,112,1.923,S2M
9,PO1,113,2.411,S2M
9,PO1,114,2.411,S2M
9,PO1,115,2.899,S2M
9,PO1,116,3.387,S2M
9,PO1,117,3.387,S2M
9,PO1,118,3.387,S2M
9,PO1,119,2.411,S2M
9,PO1,120,1.434,S2M
9,PO1,121,1.923,S2M
9,PO1,122,2.899,S2M
9,PO1,123,5.341,S2M
9,PO1,124,7.294,S2M
9,PO1,125,8.270,S2M
9,PO1,126,7.782,S2M
9,PO1,127,6.805,S2M
9,PO1,128,5.829,S2M
9,PO1,129,5.829,S2M
9,PO1,130,6.805,S2M
9,PO1,131,8.270,S2M
9,PO1,132,9.735,S2M
9,PO1,133,9.735,S2M
9,PO1,134,8.270,S2M
9,PO1,135,6.317,S2M
9,PO1,136,3.876,S2M
9,PO1,137,2.411,S2M
9,PO1,138,2.411,S2M
9,PO1,139,3.876,S2M
9,PO1,140,5.341,S2M
9,PO1,141,6.317,S2M
9,PO1,142,6.805,S2M
9,PO1,143,6.805,S2M
9,PO1,144,5.829,S2M
9,PO1,145,5.341,S2M
9,PO1,146,4.852,S2M
9,PO1,147,4.364,S2M
9,PO1,148,4.364,S2M
9,PO1,149,3.876,S2M
9,PO1,150,4.364,S2M
9,PO1,151,5.341,S2M
9,PO1,152,6.317,S2M
9,PO1,153,7.294,S2M
9,PO1,154,7.294,S2M
9,PO1,155,7.782,S2M
9,PO1,156,8.270,S2M
9,PO1,157,8.759,S2M
9,PO1,158,8.759,S2M
9,PO1,159,8.270,S2M
9,PO1,160,7.782,S2M
9,PO1,161,7.294,S2M
9,PO1,162,7.294,S2M
9,PO1,163,8.270,S2M
9,PO1,164,9.247,S2M
9,PO1,165,9.735,S2M
9,PO1,166,8.759,S2M
9,PO1,167,7.782,S2M
9,PO1,168,7.294,S2M
9,PO1,169,7.782,S2M
9,PO1,170,8.270,S2M
9,PO1,171,8.270,S2M
9,PO1,172,7.782,S2M
9,PO1,173,6.317,S2M
9,PO1,174,5.341,S2M
9,PO1,175,4.364,S2M
9,PO1,176,3.876,S2M
9,PO1,177,3.876,S2M
9,PO1,178,3.387,S2M
9,PO1,179,2.411,S2M
9,PO1,180,1.923,S2M
9,PO1,181,0.946,S2M
9,PO1,182,0.458,S2M
9,PO1,183,0.946,S2M
9,PO1,184,1.923,S2M
9,PO1,185,2.899,S2M
9,PO1,186,3.876,S2M
9,PO1,187,4.364,S2M
9,PO1,188,3.876,S2M
9,PO1,189,3.387,S2M
9,PO1,190,2.899,S2M
9,PO1,191,3.387,S2M
9,PO1,192,3.387,S2M
9,PO1,193,3.387,S2M
9,PO1,194,2.899,S2M
9,PO1,195,1.923,S2M
9,PO1,196,0.458,S2M
9,PO1,197,0.458,S2M
9,PO1,198,0.946,S2M
9,PO1,199,1.434,S2M
9,PO1,200,2.411,S2M
9,PO1,201,2.899,S2M
9,PO1,202,3.387,S2M
9,PO1,203,3.876,S2M
9,PO1,204,4.364,S2M
9,PO1,205,4.364,S2M
9,PO1,206,4.364,S2M
9,PO1,207,3.876,S2M
9,PO1,208,3.876,S2M
9,PO1,209,3.387,S2M
9,PO1,210,2.899,S2M
9,PO1,211,1.434,S2M
9,PO1,212,-0.519,S2M
9,PO1,213,-1.984,S2M
9,PO1,214,-2.472,S2M
9,PO1,215,-1.007,S2M
9,PO1,216,0.458,S2M
9,PO1,217,1.434,S2M
9,PO1,218,1.434,S2M
9,PO1,219,0.946,S2M
9,PO1,220,0.946,S2M
9,PO1,221,1.434,S2M
9,PO1,222,1.923,S2M
9,PO1,223,1.434,S2M
9,PO1,224,-0.031,S2M
9,PO1,225,-2.472,S2M
9,PO1,226,-4.425,S2M
9,PO1,227,-5.402,S2M
9,PO1,228,-3.937,S2M
9,PO1,229,-1.984,S2M
9,PO1,230,-0.031,S2M
9,PO1,231,1.434,S2M
9,PO1,232,2.411,S2M
9,PO1,233,3.387,S2M
9,PO1,234,3.876,S2M
9,PO1,235,4.364,S2M
9,PO1,236,4.364,S2M
9,PO1,237,4.852,S2M
9,PO1,238,4.364,S2M
9,PO1,239,4.364,S2M
9,PO1,240,3.876,S2M
9,PO1,241,3.387,S2M
9,PO1,242,1.923,S2M
9,PO1,243,0.458,S2M
9,PO1,244,-0.519,S2M
9,PO1,245,-0.519,S2M
9,PO1,246,0.946,S2M
9,PO1,247,3.387,S2M
9,PO1,248,6.805,S2M
9,PO1,249,9.247,S2M
9,PO1,250,10.712,S2M
9,PO1,251,10.712,S2M
9,PO1,252,9.735,S2M
9,PO1,253,8.759,S2M
9,PO1,254,7.782,S2M
9,PO1,255,6.805,S2M
9,O2,0,5.636,S2M
9,O2,1,7.589,S2M
9,O2,2,8.565,S2M
9,O2,3,8.077,S2M
9,O2,4,7.589,S2M
9,O2,5,8.077,S2M
9,O2,6,8.077,S2M
9,O2,7,7.100,S2M
9,O2,8,5.147,S2M
9,O2,9,2.706,S2M
9,O2,10,1.241,S2M
9,O2,11,1.729,S2M
9,O2,12,3.682,S2M
9,O2,13,6.612,S2M
9,O2,14,8.077,S2M
9,O2,15,7.589,S2M
9,O2,16,5.636,S2M
9,O2,17,1.729,S2M
9,O2,18,-2.177,S2M
9,O2,19,-5.107,S2M
9,O2,20,-6.571,S2M
9,O2,21,-6.083,S2M
9,O2,22,-3.153,S2M
9,O2,23,-0.224,S2M
9,O2,24,3.194,S2M
9,O2,25,5.636,S2M
9,O2,26,6.612,S2M
9,O2,27,6.612,S2M
9,O2,28,7.100,S2M
9,O2,29,8.565,S2M
9,O2,30,10.030,S2M
9,O2,31,11.983,S2M
9,O2,32,11.495,S2M
9,O2,33,10.518,S2M
9,O2,34,8.565,S2M
9,O2,35,7.100,S2M
9,O2,36,6.124,S2M
9,O2,37,5.147,S2M
9,O2,38,3.194,S2M
9,O2,39,0.753,S2M
9,O2,40,-2.665,S2M
9,O2,41,-5.107,S2M
9,O2,42,-6.571,S2M
9,O2,43,-8.036,S2M
9,O2,44,-8.525,S2M
9,O2,45,-9.013,S2M
9,O2,46,-9.013,S2M
9,O2,47,-7.548,S2M
9,O2,48,-5.595,S2M
9,O2,49,-4.130,S2M
9,O2,50,-3.153,S2M
9,O2,51,-3.153,S2M
9,O2,52,-3.153,S2M
9,O2,53,-2.177,S2M
9,O2,54,-0.712,S2M
9,O2,55,0.753,S2M
9,O2,56,0.753,S2M
9,O2,57,-0.224,S2M
9,O2,58,-2.665,S2M
9,O2,59,-5.107,S2M
9,O2,60,-6.083,S2M
9,O2,61,-6.571,S2M
9,O2,62,-7.060,S2M
9,O2,63,-7.060,S2M
9,O2,64,-7.548,S2M
9,O2,65,-7.548,S2M
9,O2,66,-7.060,S2M
9,O2,67,-6.571,S2M
9,O2,68,-6.571,S2M
9,O2,69,-6.571,S2M
9,O2,70,-8.036,S2M
9,O2,71,-9.501,S2M
9,O2,72,-10.966,S2M
9,O2,73,-12.431,S2M
9,O2,74,-11.943,S2M
9,O2,75,-10.966,S2M
9,O2,76,-8.525,S2M
9,O2,77,-6.083,S2M
9,O2,78,-5.595,S2M
9,O2,79,-6.083,S2M
9,O2,80,-7.060,S2M
9,O2,81,-7.548,S2M
9,O2,82,-7.060,S2M
9,O2,83,-6.083,S2M
9,O2,84,-5.595,S2M
9,O2,85,-6.083,S2M
9,O2,86,-7.060,S2M
9,O2,87,-8.036,S2M
9,O2,88,-8.036,S2M
9,O2,89,-7.548,S2M
9,O2,90,-6.571,S2M
9,O2,91,-6.083,S2M
9,O2,92,-6.083,S2M
9,O2,93,-7.060,S2M
9,O2,94,-8.525,S2M
9,O2,95,-9.989,S2M
9,O2,96,-11.943,S2M
9,O2,97,-12.431,S2M
9,O2,98,-10.966,S2M
9,O2,99,-8.525,S2M
9,O2,100,-6.083,S2M
9,O2,101,-4.130,S2M
9,O2,102,-4.130,S2M
9,O2,103,-4.130,S2M
9,O2,104,-4.130,S2M
9,O2,105,-3.642,S2M
9,O2,106,-3.642,S2M
9,O2,107,-3.153,S2M
9,O2,108,-4.130,S2M
9,O2,109,-4.130,S2M
9,O2,110,-3.642,S2M
9,O2,111,-2.177,S2M
9,O2,112,-0.224,S2M
9,O2,113,0.753,S2M
9,O2,114,1.241,S2M
9,O2,115,1.729,S2M
9,O2,116,1.729,S2M
9,O2,117,1.241,S2M
9,O2,118,0.753,S2M
9,O2,119,-0.712,S2M
9,O2,120,-2.177,S2M
9,O2,121,-2.665,S2M
9,O2,122,-1.200,S2M
9,O2,123,0.753,S2M
9,O2,124,3.194,S2M
9,O2,125,4.659,S2M
9,O2,126,4.659,S2M
9,O2,127,3.682,S2M
9,O2,128,3.194,S2M
9,O2,129,3.682,S2M
9,O2,130,5.147,S2M
9,O2,131,7.100,S2M
9,O2,132,8.565,S2M
9,O2,133,8.565,S2M
9,O2,134,7.100,S2M
9,O2,135,4.659,S2M
9,O2,136,1.729,S2M
9,O2,137,0.753,S2M
9,O2,138,0.753,S2M
9,O2,139,2.218,S2M
9,O2,140,3.194,S2M
9,O2,141,3.682,S2M
9,O2,142,3.682,S2M
9,O2,143,2.706,S2M
9,O2,144,2.706,S2M
9,O2,145,3.194,S2M
9,O2,146,4.171,S2M
9,O2,147,4.659,S2M
9,O2,148,4.171,S2M
9,O2,149,3.194,S2M
9,O2,150,2.706,S2M
9,O2,151,2.218,S2M
9,O2,152,3.194,S2M
9,O2,153,5.147,S2M
9,O2,154,7.589,S2M
9,O2,155,9.054,S2M
9,O2,156,9.542,S2M
9,O2,157,8.565,S2M
9,O2,158,7.589,S2M
9,O2,159,7.100,S2M
9,O2,160,7.589,S2M
9,O2,161,9.542,S2M
9,O2,162,11.007,S2M
9,O2,163,11.983,S2M
9,O2,164,11.495,S2M
9,O2,165,10.518,S2M
9,O2,166,9.054,S2M
9,O2,167,8.565,S2M
9,O2,168,9.054,S2M
9,O2,169,9.054,S2M
9,O2,170,8.565,S2M
9,O2,171,7.589,S2M
9,O2,172,6.612,S2M
9,O2,173,5.147,S2M
9,O2,174,4.659,S2M
9,O2,175,3.682,S2M
9,O2,176,3.682,S2M
9,O2,177,3.682,S2M
9,O2,178,3.194,S2M
9,O2,179,2.706,S2M
9,O2,180,1.729,S2M
9,O2,181,0.753,S2M
9,O2,182,0.753,S2M
9,O2,183,1.241,S2M
9,O2,184,2.218,S2M
9,O2,185,3.194,S2M
9,O2,186,4.171,S2M
9,O2,187,4.171,S2M
9,O2,188,3.194,S2M
9,O2,189,2.218,S2M
9,O2,190,1.729,S2M
9,O2,191,2.706,S2M
9,O2,192,4.171,S2M
9,O2,193,5.636,S2M
9,O2,194,6.612,S2M
9,O2,195,6.124,S2M
9,O2,196,4.171,S2M
9,O2,197,1.241,S2M
9,O2,198,-0.712,S2M
9,O2,199,-1.689,S2M
9,O2,200,-1.689,S2M
9,O2,201,0.753,S2M
9,O2,202,3.682,S2M
9,O2,203,7.100,S2M
9,O2,204,9.542,S2M
9,O2,205,9.542,S2M
9,O2,206,8.565,S2M
9,O2,207,5.636,S2M
9,O2,208,2.218,S2M
9,O2,209,-0.224,S2M
9,O2,210,-2.177,S2M
9,O2,211,-2.665,S2M
9,O2,212,-2.665,S2M
9,O2,213,-2.177,S2M
9,O2,214,-0.712,S2M
9,O2,215,0.264,S2M
9,O2,216,1.241,S2M
9,O2,217,0.753,S2M
9,O2,218,0.264,S2M
9,O2,219,-0.712,S2M
9,O2,220,-0.712,S2M
9,O2,221,-0.224,S2M
9,O2,222,-0.712,S2M
9,O2,223,-2.177,S2M
9,O2,224,-4.130,S2M
9,O2,225,-6.083,S2M
9,O2,226,-6.571,S2M
9,O2,227,-5.595,S2M
9,O2,228,-4.130,S2M
9,O2,229,-3.153,S2M
9,O2,230,-2.665,S2M
9,O2,231,-2.665,S2M
9,O2,232,-2.665,S2M
9,O2,233,-1.689,S2M
9,O2,234,-0.224,S2M
9,O2,235,1.729,S2M
9,O2,236,2.706,S2M
9,O2,237,3.194,S2M
9,O2,238,3.194,S2M
9,O2,239,2.706,S2M
9,O2,240,2.218,S2M
9,O2,241,0.753,S2M
9,O2,242,-0.712,S2M
9,O2,243,-1.689,S2M
9,O2,244,-2.177,S2M
9,O2,245,-1.689,S2M
9,O2,246,-0.224,S2M
9,O2,247,1.729,S2M
9,O2,248,3.682,S2M
9,O2,249,5.147,S2M
9,O2,250,7.100,S2M
9,O2,251,8.077,S2M
9,O2,252,9.054,S2M
9,O2,253,9.054,S2M
9,O2,254,8.077,S2M
9,O2,255,5.636,S2M
9,O1,0,8.677,S2M
9,O1,1,9.654,S2M
9,O1,2,8.677,S2M
9,O1,3,5.747,S2M
9,O1,4,3.306,S2M
9,O1,5,2.818,S2M
9,O1,6,3.306,S2M
9,O1,7,3.794,S2M
9,O1,8,3.794,S2M
9,O1,9,1.841,S2M
9,O1,10,0.376,S2M
9,O1,11,-0.112,S2M
9,O1,12,2.330,S2M
9,O1,13,6.236,S2M
9,O1,14,9.165,S2M
9,O1,15,9.654,S2M
9,O1,16,6.236,S2M
9,O1,17,0.376,S2M
9,O1,18,-5.483,S2M
9,O1,19,-8.413,S2M
9,O1,20,-7.924,S2M
9,O1,21,-4.995,S2M
9,O1,22,-0.600,S2M
9,O1,23,3.794,S2M
9,O1,24,6.724,S2M
9,O1,25,8.189,S2M
9,O1,26,7.701,S2M
9,O1,27,6.724,S2M
9,O1,28,6.236,S2M
9,O1,29,7.701,S2M
9,O1,30,10.142,S2M
9,O1,31,12.583,S2M
9,O1,32,14.048,S2M
9,O1,33,13.072,S2M
9,O1,34,11.607,S2M
9,O1,35,9.654,S2M
9,O1,36,8.677,S2M
9,O1,37,8.677,S2M
9,O1,38,7.701,S2M
9,O1,39,5.259,S2M
9,O1,40,1.841,S2M
9,O1,41,-1.577,S2M
9,O1,42,-4.995,S2M
9,O1,43,-6.948,S2M
9,O1,44,-6.948,S2M
9,O1,45,-5.971,S2M
9,O1,46,-4.506,S2M
9,O1,47,-3.042,S2M
9,O1,48,-2.065,S2M
9,O1,49,-1.577,S2M
9,O1,50,-1.577,S2M
9,O1,51,-1.088,S2M
9,O1,52,-0.600,S2M
9,O1,53,0.376,S2M
9,O1,54,1.841,S2M
9,O1,55,2.818,S2M
9,O1,56,3.794,S2M
9,O1,57,3.794,S2M
9,O1,58,2.818,S2M
9,O1,59,1.353,S2M
9,O1,60,-0.112,S2M
9,O1,61,-0.600,S2M
9,O1,62,-1.088,S2M
9,O1,63,-0.600,S2M
9,O1,64,-0.600,S2M
9,O1,65,-0.112,S2M
9,O1,66,-0.600,S2M
9,O1,67,-0.600,S2M
9,O1,68,-1.088,S2M
9,O1,69,-1.577,S2M
9,O1,70,-2.065,S2M
9,O1,71,-3.042,S2M
9,O1,72,-4.018,S2M
9,O1,73,-4.995,S2M
9,O1,74,-5.971,S2M
9,O1,75,-5.971,S2M
9,O1,76,-4.995,S2M
9,O1,77,-3.042,S2M
9,O1,78,-0.600,S2M
9,O1,79,0.376,S2M
9,O1,80,0.376,S2M
9,O1,81,-0.600,S2M
9,O1,82,-1.088,S2M
9,O1,83,-1.088,S2M
9,O1,84,-0.600,S2M
9,O1,85,-0.112,S2M
9,O1,86,-0.112,S2M
9,O1,87,-0.600,S2M
9,O1,88,-1.088,S2M
9,O1,89,-0.600,S2M
9,O1,90,-0.112,S2M
9,O1,91,-0.112,S2M
9,O1,92,-0.600,S2M
9,O1,93,-2.553,S2M
9,O1,94,-5.483,S2M
9,O1,95,-7.436,S2M
9,O1,96,-7.924,S2M
9,O1,97,-6.460,S2M
9,O1,98,-4.018,S2M
9,O1,99,-1.577,S2M
9,O1,100,0.376,S2M
9,O1,101,0.865,S2M
9,O1,102,1.353,S2M
9,O1,103,1.841,S2M
9,O1,104,2.818,S2M
9,O1,105,4.283,S2M
9,O1,106,3.794,S2M
9,O1,107,2.330,S2M
9,O1,108,-0.112,S2M
9,O1,109,-1.577,S2M
9,O1,110,-1.088,S2M
9,O1,111,1.353,S2M
9,O1,112,4.771,S2M
9,O1,113,6.724,S2M
9,O1,114,7.212,S2M
9,O1,115,6.236,S2M
9,O1,116,5.259,S2M
9,O1,117,4.771,S2M
9,O1,118,4.771,S2M
9,O1,119,4.771,S2M
9,O1,120,4.283,S2M
9,O1,121,4.283,S2M
9,O1,122,4.771,S2M
9,O1,123,7.212,S2M
9,O1,124,9.654,S2M
9,O1,125,11.607,S2M
9,O1,126,11.119,S2M
9,O1,127,9.165,S2M
9,O1,128,7.212,S2M
9,O1,129,7.212,S2M
9,O1,130,9.165,S2M
9,O1,131,12.583,S2M
9,O1,132,15.025,S2M
9,O1,133,15.025,S2M
9,O1,134,13.072,S2M
9,O1,135,9.654,S2M
9,O1,136,6.724,S2M
9,O1,137,5.259,S2M
9,O1,138,5.747,S2M
9,O1,139,7.212,S2M
9,O1,140,9.165,S2M
9,O1,141,10.630,S2M
9,O1,142,10.630,S2M
9,O1,143,9.654,S2M
9,O1,144,9.165,S2M
9,O1,145,8.189,S2M
9,O1,146,8.189,S2M
9,O1,147,7.701,S2M
9,O1,148,7.701,S2M
9,O1,149,7.212,S2M
9,O1,150,7.212,S2M
9,O1,151,7.701,S2M
9,O1,152,8.677,S2M
9,O1,153,9.654,S2M
9,O1,154,10.630,S2M
9,O1,155,11.607,S2M
9,O1,156,12.583,S2M
9,O1,157,13.560,S2M
9,O1,158,13.560,S2M
9,O1,159,13.072,S2M
9,O1,160,11.607,S2M
9,O1,161,10.630,S2M
9,O1,162,11.119,S2M
9,O1,163,13.072,S2M
9,O1,164,14.537,S2M
9,O1,165,14.537,S2M
9,O1,166,13.560,S2M
9,O1,167,12.095,S2M
9,O1,168,11.119,S2M
9,O1,169,11.119,S2M
9,O1,170,11.607,S2M
9,O1,171,11.607,S2M
9,O1,172,10.630,S2M
9,O1,173,8.677,S2M
9,O1,174,7.701,S2M
9,O1,175,6.724,S2M
9,O1,176,5.747,S2M
9,O1,177,5.259,S2M
9,O1,178,4.283,S2M
9,O1,179,3.794,S2M
9,O1,180,2.818,S2M
9,O1,181,2.818,S2M
9,O1,182,2.330,S2M
9,O1,183,2.330,S2M
9,O1,184,3.306,S2M
9,O1,185,4.283,S2M
9,O1,186,6.236,S2M
9,O1,187,7.701,S2M
9,O1,188,7.701,S2M
9,O1,189,6.724,S2M
9,O1,190,5.747,S2M
9,O1,191,5.747,S2M
9,O1,192,7.212,S2M
9,O1,193,8.189,S2M
9,O1,194,8.189,S2M
9,O1,195,6.724,S2M
9,O1,196,3.794,S2M
9,O1,197,2.330,S2M
9,O1,198,1.841,S2M
9,O1,199,3.306,S2M
9,O1,200,4.771,S2M
9,O1,201,6.724,S2M
9,O1,202,7.701,S2M
9,O1,203,8.189,S2M
9,O1,204,8.677,S2M
9,O1,205,8.677,S2M
9,O1,206,8.189,S2M
9,O1,207,6.236,S2M
9,O1,208,5.259,S2M
9,O1,209,4.771,S2M
9,O1,210,4.283,S2M
9,O1,211,3.794,S2M
9,O1,212,1.841,S2M
9,O1,213,-0.600,S2M
9,O1,214,-2.065,S2M
9,O1,215,-1.577,S2M
9,O1,216,-0.112,S2M
9,O1,217,1.841,S2M
9,O1,218,2.818,S2M
9,O1,219,2.330,S2M
9,O1,220,2.330,S2M
9,O1,221,2.818,S2M
9,O1,222,3.306,S2M
9,O1,223,2.818,S2M
9,O1,224,1.353,S2M
9,O1,225,-2.065,S2M
9,O1,226,-4.995,S2M
9,O1,227,-5.971,S2M
9,O1,228,-4.506,S2M
9,O1,229,-1.577,S2M
9,O1,230,1.353,S2M
9,O1,231,2.818,S2M
9,O1,232,3.306,S2M
9,O1,233,4.283,S2M
9,O1,234,5.259,S2M
9,O1,235,6.724,S2M
9,O1,236,7.701,S2M
9,O1,237,7.701,S2M
9,O1,238,6.724,S2M
9,O1,239,5.259,S2M
9,O1,240,3.794,S2M
9,O1,241,2.818,S2M
9,O1,242,1.841,S2M
9,O1,243,1.841,S2M
9,O1,244,0.865,S2M
9,O1,245,1.353,S2M
9,O1,246,2.330,S2M
9,O1,247,4.283,S2M
9,O1,248,7.701,S2M
9,O1,249,10.630,S2M
9,O1,250,13.072,S2M
9,O1,251,14.537,S2M
9,O1,252,14.048,S2M
9,O1,253,12.583,S2M
9,O1,254,11.119,S2M
9,O1,255,9.165,S2M
9,X,0,-7.182,S2M
9,X,1,-8.158,S2M
9,X,2,-8.158,S2M
9,X,3,-7.670,S2M
9,X,4,-6.694,S2M
9,X,5,-5.229,S2M
9,X,6,-3.276,S2M
9,X,7,-1.811,S2M
9,X,8,-0.834,S2M
9,X,9,-0.346,S2M
9,X,10,0.142,S2M
9,X,11,0.631,S2M
9,X,12,2.584,S2M
9,X,13,4.537,S2M
9,X,14,6.490,S2M
9,X,15,7.467,S2M
9,X,16,6.490,S2M
9,X,17,4.537,S2M
9,X,18,1.607,S2M
9,X,19,-1.322,S2M
9,X,20,-3.276,S2M
9,X,21,-3.764,S2M
9,X,22,-4.252,S2M
9,X,23,-4.740,S2M
9,X,24,-6.205,S2M
9,X,25,-8.158,S2M
9,X,26,-10.111,S2M
9,X,27,-10.600,S2M
9,X,28,-9.623,S2M
9,X,29,-7.670,S2M
9,X,30,-6.205,S2M
9,X,31,-5.717,S2M
9,X,32,-6.205,S2M
9,X,33,-7.182,S2M
9,X,34,-7.182,S2M
9,X,35,-5.717,S2M
9,X,36,-4.252,S2M
9,X,37,-3.276,S2M
9,X,38,-3.276,S2M
9,X,39,-3.764,S2M
9,X,40,-3.764,S2M
9,X,41,-2.787,S2M
9,X,42,-0.834,S2M
9,X,43,1.119,S2M
9,X,44,2.584,S2M
9,X,45,3.072,S2M
9,X,46,3.072,S2M
9,X,47,3.560,S2M
9,X,48,4.049,S2M
9,X,49,5.025,S2M
9,X,50,6.490,S2M
9,X,51,7.955,S2M
9,X,52,8.931,S2M
9,X,53,9.908,S2M
9,X,54,9.908,S2M
9,X,55,8.443,S2M
9,X,56,6.978,S2M
9,X,57,5.025,S2M
9,X,58,3.560,S2M
9,X,59,2.584,S2M
9,X,60,2.096,S2M
9,X,61,1.607,S2M
9,X,62,-0.346,S2M
9,X,63,-2.299,S2M
9,X,64,-4.740,S2M
9,X,65,-5.229,S2M
9,X,66,-4.740,S2M
9,X,67,-3.764,S2M
9,X,68,-2.787,S2M
9,X,69,-2.299,S2M
9,X,70,-1.811,S2M
9,X,71,-0.346,S2M
9,X,72,1.607,S2M
9,X,73,3.560,S2M
9,X,74,4.049,S2M
9,X,75,3.560,S2M
9,X,76,2.096,S2M
9,X,77,1.607,S2M
9,X,78,2.584,S2M
9,X,79,4.049,S2M
9,X,80,5.025,S2M
9,X,81,5.514,S2M
9,X,82,6.002,S2M
9,X,83,6.002,S2M
9,X,84,6.490,S2M
9,X,85,6.490,S2M
9,X,86,4.537,S2M
9,X,87,2.584,S2M
9,X,88,0.631,S2M
9,X,89,-0.346,S2M
9,X,90,0.631,S2M
9,X,91,1.607,S2M
9,X,92,2.584,S2M
9,X,93,2.096,S2M
9,X,94,1.607,S2M
9,X,95,1.119,S2M
9,X,96,1.119,S2M
9,X,97,1.119,S2M
9,X,98,1.119,S2M
9,X,99,0.631,S2M
9,X,100,0.631,S2M
9,X,101,0.631,S2M
9,X,102,1.119,S2M
9,X,103,2.096,S2M
9,X,104,3.072,S2M
9,X,105,4.049,S2M
9,X,106,5.514,S2M
9,X,107,6.490,S2M
9,X,108,6.002,S2M
9,X,109,5.025,S2M
9,X,110,4.049,S2M
9,X,111,4.049,S2M
9,X,112,6.490,S2M
9,X,113,9.908,S2M
9,X,114,12.838,S2M
9,X,115,14.303,S2M
9,X,116,13.326,S2M
9,X,117,11.861,S2M
9,X,118,10.396,S2M
9,X,119,10.396,S2M
9,X,120,11.373,S2M
9,X,121,11.861,S2M
9,X,122,11.861,S2M
9,X,123,11.861,S2M
9,X,124,11.861,S2M
9,X,125,13.326,S2M
9,X,126,14.791,S2M
9,X,127,15.279,S2M
9,X,128,14.791,S2M
9,X,129,13.814,S2M
9,X,130,12.838,S2M
9,X,131,12.838,S2M
9,X,132,12.838,S2M
9,X,133,12.838,S2M
9,X,134,12.349,S2M
9,X,135,11.861,S2M
9,X,136,11.861,S2M
9,X,137,11.861,S2M
9,X,138,12.349,S2M
9,X,139,12.838,S2M
9,X,140,12.838,S2M
9,X,141,12.838,S2M
9,X,142,13.326,S2M
9,X,143,13.814,S2M
9,X,144,13.814,S2M
9,X,145,13.814,S2M
9,X,146,13.814,S2M
9,X,147,14.303,S2M
9,X,148,15.279,S2M
9,X,149,15.767,S2M
9,X,150,15.279,S2M
9,X,151,14.303,S2M
9,X,152,13.326,S2M
9,X,153,13.814,S2M
9,X,154,15.767,S2M
9,X,155,18.697,S2M
9,X,156,21.139,S2M
9,X,157,22.115,S2M
9,X,158,21.139,S2M
9,X,159,19.674,S2M
9,X,160,19.185,S2M
9,X,161,19.185,S2M
9,X,162,20.162,S2M
9,X,163,21.139,S2M
9,X,164,21.139,S2M
9,X,165,20.650,S2M
9,X,166,19.674,S2M
9,X,167,19.185,S2M
9,X,168,18.697,S2M
9,X,169,18.209,S2M
9,X,170,16.744,S2M
9,X,171,14.791,S2M
9,X,172,11.861,S2M
9,X,173,9.420,S2M
9,X,174,7.467,S2M
9,X,175,6.978,S2M
9,X,176,6.978,S2M
9,X,177,8.443,S2M
9,X,178,9.420,S2M
9,X,179,9.908,S2M
9,X,180,9.908,S2M
9,X,181,9.420,S2M
9,X,182,9.420,S2M
9,X,183,10.396,S2M
9,X,184,12.349,S2M
9,X,185,14.303,S2M
9,X,186,15.767,S2M
9,X,187,15.767,S2M
9,X,188,15.279,S2M
9,X,189,13.814,S2M
9,X,190,13.326,S2M
9,X,191,14.303,S2M
9,X,192,15.767,S2M
9,X,193,17.232,S2M
9,X,194,17.232,S2M
9,X,195,16.744,S2M
9,X,196,15.767,S2M
9,X,197,14.791,S2M
9,X,198,13.814,S2M
9,X,199,13.326,S2M
9,X,200,13.326,S2M
9,X,201,13.814,S2M
9,X,202,15.279,S2M
9,X,203,16.744,S2M
9,X,204,17.232,S2M
9,X,205,16.744,S2M
9,X,206,15.279,S2M
9,X,207,13.326,S2M
9,X,208,11.861,S2M
9,X,209,11.861,S2M
9,X,210,11.861,S2M
9,X,211,12.349,S2M
9,X,212,13.326,S2M
9,X,213,13.814,S2M
9,X,214,13.814,S2M
9,X,215,12.349,S2M
9,X,216,8.443,S2M
9,X,217,3.560,S2M
9,X,218,-0.346,S2M
9,X,219,-1.811,S2M
9,X,220,-1.322,S2M
9,X,221,1.119,S2M
9,X,222,3.560,S2M
9,X,223,5.514,S2M
9,X,224,6.978,S2M
9,X,225,8.443,S2M
9,X,226,9.908,S2M
9,X,227,11.373,S2M
9,X,228,11.373,S2M
9,X,229,9.908,S2M
9,X,230,7.955,S2M
9,X,231,6.490,S2M
9,X,232,6.002,S2M
9,X,233,6.978,S2M
9,X,234,8.443,S2M
9,X,235,8.931,S2M
9,X,236,8.931,S2M
9,X,237,8.443,S2M
9,X,238,8.931,S2M
9,X,239,9.420,S2M
9,X,240,10.885,S2M
9,X,241,11.373,S2M
9,X,242,11.861,S2M
9,X,243,11.861,S2M
9,X,244,11.373,S2M
9,X,245,10.885,S2M
9,X,246,9.908,S2M
9,X,247,7.955,S2M
9,X,248,5.514,S2M
9,X,249,3.560,S2M
9,X,250,3.072,S2M
9,X,251,3.560,S2M
9,X,252,4.049,S2M
9,X,253,4.049,S2M
9,X,254,3.560,S2M
9,X,255,3.560,S2M
9,AF7,0,-4.690,S2M
9,AF7,1,-6.154,S2M
9,AF7,2,-6.154,S2M
9,AF7,3,-5.178,S2M
9,AF7,4,-4.201,S2M
9,AF7,5,-3.713,S2M
9,AF7,6,-4.201,S2M
9,AF7,7,-4.201,S2M
9,AF7,8,-3.225,S2M
9,AF7,9,-1.272,S2M
9,AF7,10,0.193,S2M
9,AF7,11,0.682,S2M
9,AF7,12,0.682,S2M
9,AF7,13,1.170,S2M
9,AF7,14,2.146,S2M
9,AF7,15,3.123,S2M
9,AF7,16,2.635,S2M
9,AF7,17,0.682,S2M
9,AF7,18,-1.272,S2M
9,AF7,19,-3.225,S2M
9,AF7,20,-4.201,S2M
9,AF7,21,-4.201,S2M
9,AF7,22,-4.690,S2M
9,AF7,23,-5.666,S2M
9,AF7,24,-8.108,S2M
9,AF7,25,-10.061,S2M
9,AF7,26,-10.549,S2M
9,AF7,27,-9.084,S2M
9,AF7,28,-7.131,S2M
9,AF7,29,-6.154,S2M
9,AF7,30,-6.643,S2M
9,AF7,31,-7.619,S2M
9,AF7,32,-7.619,S2M
9,AF7,33,-6.154,S2M
9,AF7,34,-4.690,S2M
9,AF7,35,-3.713,S2M
9,AF7,36,-3.713,S2M
9,AF7,37,-3.225,S2M
9,AF7,38,-2.736,S2M
9,AF7,39,-2.248,S2M
9,AF7,40,-2.248,S2M
9,AF7,41,-2.736,S2M
9,AF7,42,-2.248,S2M
9,AF7,43,-0.295,S2M
9,AF7,44,2.146,S2M
9,AF7,45,3.611,S2M
9,AF7,46,3.611,S2M
9,AF7,47,3.123,S2M
9,AF7,48,3.123,S2M
9,AF7,49,4.588,S2M
9,AF7,50,5.564,S2M
9,AF7,51,4.588,S2M
9,AF7,52,3.123,S2M
9,AF7,53,2.635,S2M
9,AF7,54,2.635,S2M
9,AF7,55,3.123,S2M
9,AF7,56,1.658,S2M
9,AF7,57,-0.783,S2M
9,AF7,58,-1.760,S2M
9,AF7,59,-1.272,S2M
9,AF7,60,0.193,S2M
9,AF7,61,-0.783,S2M
9,AF7,62,-3.713,S2M
9,AF7,63,-6.154,S2M
9,AF7,64,-6.643,S2M
9,AF7,65,-4.690,S2M
9,AF7,66,-3.713,S2M
9,AF7,67,-4.201,S2M
9,AF7,68,-5.178,S2M
9,AF7,69,-5.178,S2M
9,AF7,70,-2.736,S2M
9,AF7,71,0.193,S2M
9,AF7,72,1.658,S2M
9,AF7,73,2.146,S2M
9,AF7,74,1.170,S2M
9,AF7,75,-0.295,S2M
9,AF7,76,-0.783,S2M
9,AF7,77,-0.783,S2M
9,AF7,78,0.682,S2M
9,AF7,79,1.658,S2M
9,AF7,80,3.123,S2M
9,AF7,81,3.611,S2M
9,AF7,82,4.100,S2M
9,AF7,83,3.611,S2M
9,AF7,84,2.635,S2M
9,AF7,85,1.170,S2M
9,AF7,86,-0.295,S2M
9,AF7,87,-0.783,S2M
9,AF7,88,-0.783,S2M
9,AF7,89,-0.295,S2M
9,AF7,90,0.682,S2M
9,AF7,91,0.682,S2M
9,AF7,92,0.682,S2M
9,AF7,93,0.682,S2M
9,AF7,94,1.170,S2M
9,AF7,95,1.170,S2M
9,AF7,96,0.682,S2M
9,AF7,97,0.193,S2M
9,AF7,98,0.193,S2M
9,AF7,99,-0.295,S2M
9,AF7,100,-0.783,S2M
9,AF7,101,-1.760,S2M
9,AF7,102,-2.248,S2M
9,AF7,103,-1.272,S2M
9,AF7,104,0.682,S2M
9,AF7,105,2.146,S2M
9,AF7,106,1.658,S2M
9,AF7,107,0.193,S2M
9,AF7,108,-1.272,S2M
9,AF7,109,-1.760,S2M
9,AF7,110,-0.295,S2M
9,AF7,111,1.658,S2M
9,AF7,112,4.100,S2M
9,AF7,113,5.564,S2M
9,AF7,114,6.541,S2M
9,AF7,115,5.564,S2M
9,AF7,116,3.123,S2M
9,AF7,117,1.170,S2M
9,AF7,118,0.682,S2M
9,AF7,119,1.170,S2M
9,AF7,120,1.658,S2M
9,AF7,121,1.658,S2M
9,AF7,122,1.170,S2M
9,AF7,123,1.658,S2M
9,AF7,124,2.146,S2M
9,AF7,125,3.611,S2M
9,AF7,126,4.100,S2M
9,AF7,127,3.611,S2M
9,AF7,128,2.146,S2M
9,AF7,129,1.658,S2M
9,AF7,130,2.146,S2M
9,AF7,131,2.635,S2M
9,AF7,132,2.635,S2M
9,AF7,133,2.146,S2M
9,AF7,134,2.146,S2M
9,AF7,135,2.635,S2M
9,AF7,136,2.635,S2M
9,AF7,137,1.658,S2M
9,AF7,138,0.193,S2M
9,AF7,139,-0.295,S2M
9,AF7,140,0.682,S2M
9,AF7,141,2.146,S2M
9,AF7,142,3.611,S2M
9,AF7,143,4.588,S2M
9,AF7,144,5.564,S2M
9,AF7,145,5.564,S2M
9,AF7,146,5.564,S2M
9,AF7,147,5.564,S2M
9,AF7,148,5.076,S2M
9,AF7,149,5.076,S2M
9,AF7,150,4.588,S2M
9,AF7,151,3.611,S2M
9,AF7,152,3.611,S2M
9,AF7,153,4.588,S2M
9,AF7,154,6.541,S2M
9,AF7,155,9.471,S2M
9,AF7,156,10.935,S2M
9,AF7,157,9.959,S2M
9,AF7,158,7.029,S2M
9,AF7,159,4.588,S2M
9,AF7,160,5.076,S2M
9,AF7,161,7.029,S2M
9,AF7,162,8.982,S2M
9,AF7,163,8.494,S2M
9,AF7,164,7.029,S2M
9,AF7,165,6.053,S2M
9,AF7,166,7.029,S2M
9,AF7,167,8.006,S2M
9,AF7,168,7.517,S2M
9,AF7,169,5.076,S2M
9,AF7,170,1.658,S2M
9,AF7,171,-0.295,S2M
9,AF7,172,-1.760,S2M
9,AF7,173,-1.760,S2M
9,AF7,174,-2.248,S2M
9,AF7,175,-3.225,S2M
9,AF7,176,-3.713,S2M
9,AF7,177,-3.713,S2M
9,AF7,178,-3.225,S2M
9,AF7,179,-2.736,S2M
9,AF7,180,-2.736,S2M
9,AF7,181,-2.248,S2M
9,AF7,182,-0.783,S2M
9,AF7,183,0.682,S2M
9,AF7,184,1.658,S2M
9,AF7,185,1.658,S2M
9,AF7,186,1.170,S2M
9,AF7,187,0.682,S2M
9,AF7,188,0.682,S2M
9,AF7,189,0.193,S2M
9,AF7,190,0.193,S2M
9,AF7,191,-0.295,S2M
9,AF7,192,0.193,S2M
9,AF7,193,1.170,S2M
9,AF7,194,2.146,S2M
9,AF7,195,2.635,S2M
9,AF7,196,2.146,S2M
9,AF7,197,1.170,S2M
9,AF7,198,-0.295,S2M
9,AF7,199,0.193,S2M
9,AF7,200,1.658,S2M
9,AF7,201,3.611,S2M
9,AF7,202,5.076,S2M
9,AF7,203,5.076,S2M
9,AF7,204,5.076,S2M
9,AF7,205,5.076,S2M
9,AF7,206,5.076,S2M
9,AF7,207,3.611,S2M
9,AF7,208,1.170,S2M
9,AF7,209,-0.295,S2M
9,AF7,210,-0.295,S2M
9,AF7,211,2.146,S2M
9,AF7,212,4.588,S2M
9,AF7,213,4.588,S2M
9,AF7,214,1.658,S2M
9,AF7,215,-1.760,S2M
9,AF7,216,-4.690,S2M
9,AF7,217,-6.643,S2M
9,AF7,218,-7.619,S2M
9,AF7,219,-8.108,S2M
9,AF7,220,-7.131,S2M
9,AF7,221,-5.666,S2M
9,AF7,222,-3.713,S2M
9,AF7,223,-2.248,S2M
9,AF7,224,-1.272,S2M
9,AF7,225,-0.783,S2M
9,AF7,226,-0.295,S2M
9,AF7,227,0.193,S2M
9,AF7,228,0.193,S2M
9,AF7,229,-0.783,S2M
9,AF7,230,-2.736,S2M
9,AF7,231,-3.225,S2M
9,AF7,232,-2.736,S2M
9,AF7,233,-1.272,S2M
9,AF7,234,-0.783,S2M
9,AF7,235,-1.272,S2M
9,AF7,236,-2.248,S2M
9,AF7,237,-2.736,S2M
9,AF7,238,-2.248,S2M
9,AF7,239,-0.783,S2M
9,AF7,240,0.682,S2M
9,AF7,241,1.658,S2M
9,AF7,242,2.146,S2M
9,AF7,243,2.146,S2M
9,AF7,244,1.658,S2M
9,AF7,245,0.682,S2M
9,AF7,246,-0.295,S2M
9,AF7,247,-1.272,S2M
9,AF7,248,-2.248,S2M
9,AF7,249,-2.736,S2M
9,AF7,250,-3.225,S2M
9,AF7,251,-3.225,S2M
9,AF7,252,-2.248,S2M
9,AF7,253,-2.248,S2M
9,AF7,254,-2.248,S2M
9,AF7,255,-1.760,S2M
9,AF8,0,-5.300,S2M
9,AF8,1,-5.788,S2M
9,AF8,2,-4.812,S2M
9,AF8,3,-1.394,S2M
9,AF8,4,2.513,S2M
9,AF8,5,3.489,S2M
9,AF8,6,1.536,S2M
9,AF8,7,-1.394,S2M
9,AF8,8,-2.858,S2M
9,AF8,9,-2.370,S2M
9,AF8,10,-0.905,S2M
9,AF8,11,1.048,S2M
9,AF8,12,2.513,S2M
9,AF8,13,3.977,S2M
9,AF8,14,5.931,S2M
9,AF8,15,6.419,S2M
9,AF8,16,4.954,S2M
9,AF8,17,1.536,S2M
9,AF8,18,-1.394,S2M
9,AF8,19,-2.370,S2M
9,AF8,20,-2.370,S2M
9,AF8,21,-1.882,S2M
9,AF8,22,-1.394,S2M
9,AF8,23,-2.370,S2M
9,AF8,24,-3.835,S2M
9,AF8,25,-4.812,S2M
9,AF8,26,-4.812,S2M
9,AF8,27,-3.835,S2M
9,AF8,28,-1.882,S2M
9,AF8,29,-1.394,S2M
9,AF8,30,-3.347,S2M
9,AF8,31,-5.300,S2M
9,AF8,32,-5.300,S2M
9,AF8,33,-3.347,S2M
9,AF8,34,-0.417,S2M
9,AF8,35,0.559,S2M
9,AF8,36,-0.905,S2M
9,AF8,37,-3.347,S2M
9,AF8,38,-3.835,S2M
9,AF8,39,-1.882,S2M
9,AF8,40,0.559,S2M
9,AF8,41,2.024,S2M
9,AF8,42,2.024,S2M
9,AF8,43,1.536,S2M
9,AF8,44,2.513,S2M
9,AF8,45,3.977,S2M
9,AF8,46,4.466,S2M
9,AF8,47,3.977,S2M
9,AF8,48,3.977,S2M
9,AF8,49,5.442,S2M
9,AF8,50,7.395,S2M
9,AF8,51,8.372,S2M
9,AF8,52,7.884,S2M
9,AF8,53,6.419,S2M
9,AF8,54,5.931,S2M
9,AF8,55,5.931,S2M
9,AF8,56,4.954,S2M
9,AF8,57,3.977,S2M
9,AF8,58,2.513,S2M
9,AF8,59,1.536,S2M
9,AF8,60,1.536,S2M
9,AF8,61,0.071,S2M
9,AF8,62,-2.858,S2M
9,AF8,63,-4.812,S2M
9,AF8,64,-5.300,S2M
9,AF8,65,-3.835,S2M
9,AF8,66,-2.370,S2M
9,AF8,67,-2.858,S2M
9,AF8,68,-3.835,S2M
9,AF8,69,-4.323,S2M
9,AF8,70,-3.835,S2M
9,AF8,71,-2.370,S2M
9,AF8,72,-2.370,S2M
9,AF8,73,-2.370,S2M
9,AF8,74,-2.858,S2M
9,AF8,75,-2.370,S2M
9,AF8,76,-1.882,S2M
9,AF8,77,-1.882,S2M
9,AF8,78,-1.882,S2M
9,AF8,79,-1.394,S2M
9,AF8,80,1.048,S2M
9,AF8,81,3.001,S2M
9,AF8,82,3.977,S2M
9,AF8,83,3.489,S2M
9,AF8,84,1.536,S2M
9,AF8,85,0.071,S2M
9,AF8,86,-0.905,S2M
9,AF8,87,0.071,S2M
9,AF8,88,1.048,S2M
9,AF8,89,1.536,S2M
9,AF8,90,1.048,S2M
9,AF8,91,0.071,S2M
9,AF8,92,0.071,S2M
9,AF8,93,1.048,S2M
9,AF8,94,2.513,S2M
9,AF8,95,2.024,S2M
9,AF8,96,1.048,S2M
9,AF8,97,0.071,S2M
9,AF8,98,-0.905,S2M
9,AF8,99,-0.417,S2M
9,AF8,100,-0.417,S2M
9,AF8,101,-0.905,S2M
9,AF8,102,-0.905,S2M
9,AF8,103,-0.417,S2M
9,AF8,104,1.048,S2M
9,AF8,105,2.513,S2M
9,AF8,106,2.513,S2M
9,AF8,107,1.536,S2M
9,AF8,108,-0.417,S2M
9,AF8,109,-0.905,S2M
9,AF8,110,-1.394,S2M
9,AF8,111,-0.417,S2M
9,AF8,112,1.048,S2M
9,AF8,113,2.024,S2M
9,AF8,114,2.513,S2M
9,AF8,115,2.513,S2M
9,AF8,116,2.513,S2M
9,AF8,117,2.024,S2M
9,AF8,118,1.536,S2M
9,AF8,119,1.048,S2M
9,AF8,120,1.048,S2M
9,AF8,121,1.048,S2M
9,AF8,122,2.024,S2M
9,AF8,123,2.513,S2M
9,AF8,124,3.001,S2M
9,AF8,125,3.977,S2M
9,AF8,126,3.977,S2M
9,AF8,127,3.977,S2M
9,AF8,128,4.466,S2M
9,AF8,129,5.931,S2M
9,AF8,130,7.395,S2M
9,AF8,131,7.395,S2M
9,AF8,132,6.907,S2M
9,AF8,133,5.931,S2M
9,AF8,134,5.931,S2M
9,AF8,135,6.907,S2M
9,AF8,136,6.907,S2M
9,AF8,137,4.954,S2M
9,AF8,138,3.001,S2M
9,AF8,139,2.024,S2M
9,AF8,140,3.489,S2M
9,AF8,141,4.954,S2M
9,AF8,142,5.931,S2M
9,AF8,143,4.466,S2M
9,AF8,144,3.977,S2M
9,AF8,145,4.954,S2M
9,AF8,146,6.907,S2M
9,AF8,147,8.372,S2M
9,AF8,148,7.395,S2M
9,AF8,149,5.442,S2M
9,AF8,150,4.954,S2M
9,AF8,151,5.931,S2M
9,AF8,152,8.860,S2M
9,AF8,153,10.813,S2M
9,AF8,154,11.790,S2M
9,AF8,155,11.790,S2M
9,AF8,156,11.302,S2M
9,AF8,157,10.325,S2M
9,AF8,158,9.349,S2M
9,AF8,159,9.837,S2M
9,AF8,160,11.790,S2M
9,AF8,161,13.743,S2M
9,AF8,162,14.231,S2M
9,AF8,163,12.767,S2M
9,AF8,164,10.813,S2M
9,AF8,165,9.349,S2M
9,AF8,166,9.837,S2M
9,AF8,167,10.325,S2M
9,AF8,168,10.325,S2M
9,AF8,169,8.860,S2M
9,AF8,170,6.907,S2M
9,AF8,171,5.442,S2M
9,AF8,172,3.977,S2M
9,AF8,173,3.489,S2M
9,AF8,174,2.513,S2M
9,AF8,175,2.024,S2M
9,AF8,176,2.024,S2M
9,AF8,177,2.513,S2M
9,AF8,178,3.489,S2M
9,AF8,179,4.466,S2M
9,AF8,180,4.954,S2M
9,AF8,181,5.442,S2M
9,AF8,182,6.419,S2M
9,AF8,183,7.395,S2M
9,AF8,184,8.860,S2M
9,AF8,185,9.837,S2M
9,AF8,186,9.837,S2M
9,AF8,187,9.837,S2M
9,AF8,188,9.837,S2M
9,AF8,189,9.349,S2M
9,AF8,190,9.349,S2M
9,AF8,191,9.837,S2M
9,AF8,192,10.813,S2M
9,AF8,193,11.790,S2M
9,AF8,194,11.302,S2M
9,AF8,195,10.325,S2M
9,AF8,196,7.884,S2M
9,AF8,197,6.419,S2M
9,AF8,198,5.931,S2M
9,AF8,199,7.395,S2M
9,AF8,200,9.349,S2M
9,AF8,201,11.302,S2M
9,AF8,202,11.790,S2M
9,AF8,203,10.813,S2M
9,AF8,204,9.349,S2M
9,AF8,205,8.860,S2M
9,AF8,206,7.884,S2M
9,AF8,207,6.907,S2M
9,AF8,208,5.442,S2M
9,AF8,209,4.954,S2M
9,AF8,210,5.931,S2M
9,AF8,211,9.349,S2M
9,AF8,212,11.790,S2M
9,AF8,213,12.278,S2M
9,AF8,214,9.349,S2M
9,AF8,215,5.931,S2M
9,AF8,216,3.489,S2M
9,AF8,217,2.024,S2M
9,AF8,218,0.559,S2M
9,AF8,219,-0.905,S2M
9,AF8,220,-0.905,S2M
9,AF8,221,0.559,S2M
9,AF8,222,3.001,S2M
9,AF8,223,5.931,S2M
9,AF8,224,7.884,S2M
9,AF8,225,9.349,S2M
9,AF8,226,10.325,S2M
9,AF8,227,9.837,S2M
9,AF8,228,9.349,S2M
9,AF8,229,7.884,S2M
9,AF8,230,6.907,S2M
9,AF8,231,6.907,S2M
9,AF8,232,7.884,S2M
9,AF8,233,9.349,S2M
9,AF8,234,10.325,S2M
9,AF8,235,10.813,S2M
9,AF8,236,10.325,S2M
9,AF8,237,9.837,S2M
9,AF8,238,9.837,S2M
9,AF8,239,11.790,S2M
9,AF8,240,13.743,S2M
9,AF8,241,14.720,S2M
9,AF8,242,14.720,S2M
9,AF8,243,13.255,S2M
9,AF8,244,11.302,S2M
9,AF8,245,9.349,S2M
9,AF8,246,6.419,S2M
9,AF8,247,3.489,S2M
9,AF8,248,1.048,S2M
9,AF8,249,0.071,S2M
9,AF8,250,-0.417,S2M
9,AF8,251,0.071,S2M
9,AF8,252,0.559,S2M
9,AF8,253,0.559,S2M
9,AF8,254,1.048,S2M
9,AF8,255,2.024,S2M
9,F5,0,-4.171,S2M
9,F5,1,-3.682,S2M
9,F5,2,-2.706,S2M
9,F5,3,-1.729,S2M
9,F5,4,-1.241,S2M
9,F5,5,-1.241,S2M
9,F5,6,-1.729,S2M
9,F5,7,-2.218,S2M
9,F5,8,-2.218,S2M
9,F5,9,-0.264,S2M
9,F5,10,0.712,S2M
9,F5,11,1.689,S2M
9,F5,12,1.200,S2M
9,F5,13,1.200,S2M
9,F5,14,2.665,S2M
9,F5,15,3.153,S2M
9,F5,16,1.689,S2M
9,F5,17,-0.753,S2M
9,F5,18,-3.194,S2M
9,F5,19,-3.682,S2M
9,F5,20,-2.706,S2M
9,F5,21,-1.729,S2M
9,F5,22,-2.218,S2M
9,F5,23,-4.659,S2M
9,F5,24,-7.100,S2M
9,F5,25,-8.565,S2M
9,F5,26,-8.565,S2M
9,F5,27,-6.124,S2M
9,F5,28,-4.171,S2M
9,F5,29,-3.194,S2M
9,F5,30,-3.194,S2M
9,F5,31,-4.171,S2M
9,F5,32,-4.171,S2M
9,F5,33,-3.682,S2M
9,F5,34,-2.218,S2M
9,F5,35,-1.241,S2M
9,F5,36,-0.753,S2M
9,F5,37,-0.264,S2M
9,F5,38,0.224,S2M
9,F5,39,0.712,S2M
9,F5,40,1.689,S2M
9,F5,41,1.200,S2M
9,F5,42,1.200,S2M
9,F5,43,1.200,S2M
9,F5,44,2.177,S2M
9,F5,45,3.642,S2M
9,F5,46,4.130,S2M
9,F5,47,4.618,S2M
9,F5,48,5.107,S2M
9,F5,49,6.083,S2M
9,F5,50,6.083,S2M
9,F5,51,5.595,S2M
9,F5,52,4.130,S2M
9,F5,53,3.642,S2M
9,F5,54,4.130,S2M
9,F5,55,5.107,S2M
9,F5,56,4.618,S2M
9,F5,57,3.153,S2M
9,F5,58,2.177,S2M
9,F5,59,2.177,S2M
9,F5,60,2.665,S2M
9,F5,61,1.689,S2M
9,F5,62,-0.753,S2M
9,F5,63,-3.194,S2M
9,F5,64,-3.682,S2M
9,F5,65,-2.706,S2M
9,F5,66,-1.729,S2M
9,F5,67,-1.729,S2M
9,F5,68,-1.729,S2M
9,F5,69,-1.241,S2M
9,F5,70,1.689,S2M
9,F5,71,4.130,S2M
9,F5,72,5.595,S2M
9,F5,73,5.107,S2M
9,F5,74,2.665,S2M
9,F5,75,0.712,S2M
9,F5,76,0.224,S2M
9,F5,77,1.200,S2M
9,F5,78,2.665,S2M
9,F5,79,4.130,S2M
9,F5,80,4.618,S2M
9,F5,81,5.107,S2M
9,F5,82,5.107,S2M
9,F5,83,4.618,S2M
9,F5,84,3.153,S2M
9,F5,85,2.177,S2M
9,F5,86,1.200,S2M
9,F5,87,0.224,S2M
9,F5,88,0.224,S2M
9,F5,89,0.224,S2M
9,F5,90,0.224,S2M
9,F5,91,1.200,S2M
9,F5,92,1.200,S2M
9,F5,93,1.200,S2M
9,F5,94,0.712,S2M
9,F5,95,0.224,S2M
9,F5,96,0.712,S2M
9,F5,97,1.200,S2M
9,F5,98,1.200,S2M
9,F5,99,1.689,S2M
9,F5,100,1.200,S2M
9,F5,101,1.200,S2M
9,F5,102,1.200,S2M
9,F5,103,2.177,S2M
9,F5,104,3.642,S2M
9,F5,105,4.618,S2M
9,F5,106,4.618,S2M
9,F5,107,3.153,S2M
9,F5,108,1.689,S2M
9,F5,109,1.200,S2M
9,F5,110,2.177,S2M
9,F5,111,4.130,S2M
9,F5,112,6.083,S2M
9,F5,113,7.548,S2M
9,F5,114,7.548,S2M
9,F5,115,7.060,S2M
9,F5,116,5.595,S2M
9,F5,117,4.130,S2M
9,F5,118,2.177,S2M
9,F5,119,2.177,S2M
9,F5,120,2.177,S2M
9,F5,121,2.665,S2M
9,F5,122,2.665,S2M
9,F5,123,1.689,S2M
9,F5,124,1.689,S2M
9,F5,125,2.665,S2M
9,F5,126,3.153,S2M
9,F5,127,2.665,S2M
9,F5,128,1.200,S2M
9,F5,129,0.712,S2M
9,F5,130,1.200,S2M
9,F5,131,2.177,S2M
9,F5,132,3.153,S2M
9,F5,133,2.665,S2M
9,F5,134,3.153,S2M
9,F5,135,4.618,S2M
9,F5,136,5.595,S2M
9,F5,137,5.107,S2M
9,F5,138,4.130,S2M
9,F5,139,2.665,S2M
9,F5,140,4.130,S2M
9,F5,141,6.083,S2M
9,F5,142,8.036,S2M
9,F5,143,7.548,S2M
9,F5,144,6.571,S2M
9,F5,145,6.083,S2M
9,F5,146,7.060,S2M
9,F5,147,8.036,S2M
9,F5,148,7.060,S2M
9,F5,149,5.107,S2M
9,F5,150,3.153,S2M
9,F5,151,3.642,S2M
9,F5,152,5.107,S2M
9,F5,153,6.083,S2M
9,F5,154,7.060,S2M
9,F5,155,8.036,S2M
9,F5,156,9.013,S2M
9,F5,157,8.525,S2M
9,F5,158,6.571,S2M
9,F5,159,4.130,S2M
9,F5,160,3.642,S2M
9,F5,161,5.107,S2M
9,F5,162,7.548,S2M
9,F5,163,8.525,S2M
9,F5,164,7.548,S2M
9,F5,165,6.083,S2M
9,F5,166,6.571,S2M
9,F5,167,7.548,S2M
9,F5,168,7.548,S2M
9,F5,169,5.595,S2M
9,F5,170,2.665,S2M
9,F5,171,0.712,S2M
9,F5,172,0.712,S2M
9,F5,173,0.712,S2M
9,F5,174,1.200,S2M
9,F5,175,0.224,S2M
9,F5,176,0.224,S2M
9,F5,177,0.224,S2M
9,F5,178,0.712,S2M
9,F5,179,0.712,S2M
9,F5,180,1.200,S2M
9,F5,181,1.689,S2M
9,F5,182,3.153,S2M
9,F5,183,4.130,S2M
9,F5,184,4.130,S2M
9,F5,185,3.642,S2M
9,F5,186,3.642,S2M
9,F5,187,4.130,S2M
9,F5,188,4.130,S2M
9,F5,189,4.130,S2M
9,F5,190,3.153,S2M
9,F5,191,2.665,S2M
9,F5,192,4.130,S2M
9,F5,193,5.595,S2M
9,F5,194,6.571,S2M
9,F5,195,5.107,S2M
9,F5,196,3.642,S2M
9,F5,197,2.177,S2M
9,F5,198,2.177,S2M
9,F5,199,3.153,S2M
9,F5,200,3.642,S2M
9,F5,201,4.618,S2M
9,F5,202,5.595,S2M
9,F5,203,7.060,S2M
9,F5,204,8.036,S2M
9,F5,205,8.036,S2M
9,F5,206,6.571,S2M
9,F5,207,5.107,S2M
9,F5,208,3.153,S2M
9,F5,209,3.153,S2M
9,F5,210,4.130,S2M
9,F5,211,5.595,S2M
9,F5,212,6.083,S2M
9,F5,213,5.107,S2M
9,F5,214,3.153,S2M
9,F5,215,1.689,S2M
9,F5,216,0.712,S2M
9,F5,217,-0.264,S2M
9,F5,218,-0.753,S2M
9,F5,219,-1.241,S2M
9,F5,220,-1.241,S2M
9,F5,221,-0.264,S2M
9,F5,222,1.200,S2M
9,F5,223,2.665,S2M
9,F5,224,3.642,S2M
9,F5,225,3.642,S2M
9,F5,226,3.642,S2M
9,F5,227,4.130,S2M
9,F5,228,3.642,S2M
9,F5,229,1.689,S2M
9,F5,230,-0.264,S2M
9,F5,231,-0.753,S2M
9,F5,232,0.224,S2M
9,F5,233,2.177,S2M
9,F5,234,3.153,S2M
9,F5,235,2.665,S2M
9,F5,236,1.689,S2M
9,F5,237,0.712,S2M
9,F5,238,1.200,S2M
9,F5,239,2.665,S2M
9,F5,240,4.130,S2M
9,F5,241,5.107,S2M
9,F5,242,5.107,S2M
9,F5,243,4.618,S2M
9,F5,244,4.618,S2M
9,F5,245,4.618,S2M
9,F5,246,4.130,S2M
9,F5,247,4.130,S2M
9,F5,248,4.130,S2M
9,F5,249,3.642,S2M
9,F5,250,2.665,S2M
9,F5,251,1.200,S2M
9,F5,252,0.224,S2M
9,F5,253,0.712,S2M
9,F5,254,1.689,S2M
9,F5,255,3.153,S2M
9,F6,0,-2.940,S2M
9,F6,1,-3.428,S2M
9,F6,2,-1.963,S2M
9,F6,3,0.478,S2M
9,F6,4,3.896,S2M
9,F6,5,4.384,S2M
9,F6,6,1.943,S2M
9,F6,7,-0.987,S2M
9,F6,8,-2.940,S2M
9,F6,9,-1.963,S2M
9,F6,10,-0.010,S2M
9,F6,11,1.943,S2M
9,F6,12,3.896,S2M
9,F6,13,5.361,S2M
9,F6,14,6.337,S2M
9,F6,15,6.337,S2M
9,F6,16,4.873,S2M
9,F6,17,1.943,S2M
9,F6,18,-0.498,S2M
9,F6,19,-1.963,S2M
9,F6,20,-2.940,S2M
9,F6,21,-2.452,S2M
9,F6,22,-1.475,S2M
9,F6,23,-0.498,S2M
9,F6,24,-0.498,S2M
9,F6,25,-1.475,S2M
9,F6,26,-1.475,S2M
9,F6,27,-0.987,S2M
9,F6,28,-0.498,S2M
9,F6,29,-0.498,S2M
9,F6,30,-1.963,S2M
9,F6,31,-2.940,S2M
9,F6,32,-2.452,S2M
9,F6,33,-0.498,S2M
9,F6,34,1.455,S2M
9,F6,35,1.943,S2M
9,F6,36,-0.498,S2M
9,F6,37,-2.452,S2M
9,F6,38,-2.940,S2M
9,F6,39,-0.498,S2M
9,F6,40,2.431,S2M
9,F6,41,3.896,S2M
9,F6,42,3.408,S2M
9,F6,43,2.431,S2M
9,F6,44,3.408,S2M
9,F6,45,4.873,S2M
9,F6,46,4.873,S2M
9,F6,47,3.896,S2M
9,F6,48,3.408,S2M
9,F6,49,4.873,S2M
9,F6,50,7.802,S2M
9,F6,51,9.267,S2M
9,F6,52,8.779,S2M
9,F6,53,6.826,S2M
9,F6,54,5.361,S2M
9,F6,55,5.361,S2M
9,F6,56,5.849,S2M
9,F6,57,4.873,S2M
9,F6,58,3.896,S2M
9,F6,59,2.920,S2M
9,F6,60,1.943,S2M
9,F6,61,0.966,S2M
9,F6,62,-1.475,S2M
9,F6,63,-3.428,S2M
9,F6,64,-3.916,S2M
9,F6,65,-2.452,S2M
9,F6,66,-0.987,S2M
9,F6,67,-1.475,S2M
9,F6,68,-2.940,S2M
9,F6,69,-4.405,S2M
9,F6,70,-3.916,S2M
9,F6,71,-2.940,S2M
9,F6,72,-2.452,S2M
9,F6,73,-2.940,S2M
9,F6,74,-3.428,S2M
9,F6,75,-2.940,S2M
9,F6,76,-2.940,S2M
9,F6,77,-2.452,S2M
9,F6,78,-1.475,S2M
9,F6,79,-0.498,S2M
9,F6,80,1.455,S2M
9,F6,81,2.920,S2M
9,F6,82,2.920,S2M
9,F6,83,1.943,S2M
9,F6,84,-0.010,S2M
9,F6,85,-0.987,S2M
9,F6,86,-0.498,S2M
9,F6,87,0.966,S2M
9,F6,88,1.943,S2M
9,F6,89,2.431,S2M
9,F6,90,1.455,S2M
9,F6,91,0.478,S2M
9,F6,92,0.478,S2M
9,F6,93,0.966,S2M
9,F6,94,1.943,S2M
9,F6,95,2.431,S2M
9,F6,96,1.455,S2M
9,F6,97,-0.010,S2M
9,F6,98,-0.987,S2M
9,F6,99,-1.475,S2M
9,F6,100,-0.987,S2M
9,F6,101,-0.010,S2M
9,F6,102,-0.010,S2M
9,F6,103,0.478,S2M
9,F6,104,0.478,S2M
9,F6,105,-0.010,S2M
9,F6,106,-0.010,S2M
9,F6,107,-0.498,S2M
9,F6,108,-0.987,S2M
9,F6,109,-1.475,S2M
9,F6,110,-0.987,S2M
9,F6,111,-0.498,S2M
9,F6,112,0.478,S2M
9,F6,113,0.966,S2M
9,F6,114,0.966,S2M
9,F6,115,0.966,S2M
9,F6,116,0.966,S2M
9,F6,117,1.455,S2M
9,F6,118,0.966,S2M
9,F6,119,-0.010,S2M
9,F6,120,-0.498,S2M
9,F6,121,-0.498,S2M
9,F6,122,-0.010,S2M
9,F6,123,-0.010,S2M
9,F6,124,0.478,S2M
9,F6,125,0.966,S2M
9,F6,126,0.966,S2M
9,F6,127,1.455,S2M
9,F6,128,1.455,S2M
9,F6,129,1.943,S2M
9,F6,130,3.408,S2M
9,F6,131,4.384,S2M
9,F6,132,4.873,S2M
9,F6,133,4.384,S2M
9,F6,134,3.896,S2M
9,F6,135,3.896,S2M
9,F6,136,3.896,S2M
9,F6,137,2.920,S2M
9,F6,138,1.943,S2M
9,F6,139,1.455,S2M
9,F6,140,2.431,S2M
9,F6,141,3.896,S2M
9,F6,142,4.384,S2M
9,F6,143,3.896,S2M
9,F6,144,3.408,S2M
9,F6,145,4.384,S2M
9,F6,146,5.849,S2M
9,F6,147,6.826,S2M
9,F6,148,5.849,S2M
9,F6,149,3.896,S2M
9,F6,150,2.920,S2M
9,F6,151,3.896,S2M
9,F6,152,6.826,S2M
9,F6,153,8.779,S2M
9,F6,154,9.267,S2M
9,F6,155,8.779,S2M
9,F6,156,7.802,S2M
9,F6,157,6.337,S2M
9,F6,158,5.849,S2M
9,F6,159,6.826,S2M
9,F6,160,8.779,S2M
9,F6,161,10.732,S2M
9,F6,162,11.220,S2M
9,F6,163,9.755,S2M
9,F6,164,7.802,S2M
9,F6,165,5.849,S2M
9,F6,166,5.849,S2M
9,F6,167,6.826,S2M
9,F6,168,7.314,S2M
9,F6,169,6.826,S2M
9,F6,170,5.849,S2M
9,F6,171,4.384,S2M
9,F6,172,3.408,S2M
9,F6,173,2.431,S2M
9,F6,174,1.943,S2M
9,F6,175,1.455,S2M
9,F6,176,0.966,S2M
9,F6,177,0.966,S2M
9,F6,178,1.455,S2M
9,F6,179,2.920,S2M
9,F6,180,4.384,S2M
9,F6,181,5.361,S2M
9,F6,182,5.849,S2M
9,F6,183,6.337,S2M
9,F6,184,7.314,S2M
9,F6,185,8.291,S2M
9,F6,186,9.267,S2M
9,F6,187,9.267,S2M
9,F6,188,8.779,S2M
9,F6,189,8.291,S2M
9,F6,190,8.291,S2M
9,F6,191,9.267,S2M
9,F6,192,9.755,S2M
9,F6,193,10.244,S2M
9,F6,194,9.755,S2M
9,F6,195,7.802,S2M
9,F6,196,6.337,S2M
9,F6,197,4.873,S2M
9,F6,198,4.873,S2M
9,F6,199,5.849,S2M
9,F6,200,7.314,S2M
9,F6,201,8.291,S2M
9,F6,202,8.291,S2M
9,F6,203,7.802,S2M
9,F6,204,7.314,S2M
9,F6,205,6.826,S2M
9,F6,206,6.337,S2M
9,F6,207,5.361,S2M
9,F6,208,4.384,S2M
9,F6,209,3.408,S2M
9,F6,210,4.384,S2M
9,F6,211,6.337,S2M
9,F6,212,7.802,S2M
9,F6,213,8.291,S2M
9,F6,214,7.314,S2M
9,F6,215,5.849,S2M
9,F6,216,4.384,S2M
9,F6,217,2.920,S2M
9,F6,218,0.966,S2M
9,F6,219,-0.498,S2M
9,F6,220,-0.498,S2M
9,F6,221,0.966,S2M
9,F6,222,2.920,S2M
9,F6,223,5.361,S2M
9,F6,224,6.826,S2M
9,F6,225,7.802,S2M
9,F6,226,8.779,S2M
9,F6,227,8.779,S2M
9,F6,228,8.779,S2M
9,F6,229,8.779,S2M
9,F6,230,7.802,S2M
9,F6,231,7.802,S2M
9,F6,232,8.779,S2M
9,F6,233,10.244,S2M
9,F6,234,11.709,S2M
9,F6,235,11.709,S2M
9,F6,236,11.220,S2M
9,F6,237,10.244,S2M
9,F6,238,10.732,S2M
9,F6,239,12.197,S2M
9,F6,240,14.638,S2M
9,F6,241,16.103,S2M
9,F6,242,15.615,S2M
9,F6,243,13.662,S2M
9,F6,244,11.220,S2M
9,F6,245,8.291,S2M
9,F6,246,5.361,S2M
9,F6,247,2.431,S2M
9,F6,248,0.478,S2M
9,F6,249,0.478,S2M
9,F6,250,1.455,S2M
9,F6,251,2.431,S2M
9,F6,252,2.920,S2M
9,F6,253,2.920,S2M
9,F6,254,3.408,S2M
9,F6,255,4.873,S2M
9,FT7,0,-2.177,S2M
9,FT7,1,-1.689,S2M
9,FT7,2,-1.200,S2M
9,FT7,3,-1.689,S2M
9,FT7,4,-2.665,S2M
9,FT7,5,-4.130,S2M
9,FT7,6,-4.618,S2M
9,FT7,7,-3.642,S2M
9,FT7,8,-1.689,S2M
9,FT7,9,0.264,S2M
9,FT7,10,1.241,S2M
9,FT7,11,1.729,S2M
9,FT7,12,2.218,S2M
9,FT7,13,2.706,S2M
9,FT7,14,3.682,S2M
9,FT7,15,3.194,S2M
9,FT7,16,2.218,S2M
9,FT7,17,0.264,S2M
9,FT7,18,-2.665,S2M
9,FT7,19,-4.618,S2M
9,FT7,20,-5.595,S2M
9,FT7,21,-6.083,S2M
9,FT7,22,-5.595,S2M
9,FT7,23,-6.571,S2M
9,FT7,24,-8.036,S2M
9,FT7,25,-9.989,S2M
9,FT7,26,-10.966,S2M
9,FT7,27,-10.478,S2M
9,FT7,28,-8.036,S2M
9,FT7,29,-4.618,S2M
9,FT7,30,-2.177,S2M
9,FT7,31,-1.689,S2M
9,FT7,32,-2.665,S2M
9,FT7,33,-3.642,S2M
9,FT7,34,-3.642,S2M
9,FT7,35,-1.689,S2M
9,FT7,36,0.264,S2M
9,FT7,37,0.753,S2M
9,FT7,38,0.264,S2M
9,FT7,39,-1.200,S2M
9,FT7,40,-1.689,S2M
9,FT7,41,-0.712,S2M
9,FT7,42,0.264,S2M
9,FT7,43,0.264,S2M
9,FT7,44,-0.224,S2M
9,FT7,45,-0.712,S2M
9,FT7,46,-1.200,S2M
9,FT7,47,-0.224,S2M
9,FT7,48,0.264,S2M
9,FT7,49,0.753,S2M
9,FT7,50,0.264,S2M
9,FT7,51,-0.224,S2M
9,FT7,52,-0.712,S2M
9,FT7,53,-0.224,S2M
9,FT7,54,1.241,S2M
9,FT7,55,2.218,S2M
9,FT7,56,2.218,S2M
9,FT7,57,0.753,S2M
9,FT7,58,-1.200,S2M
9,FT7,59,-2.177,S2M
9,FT7,60,-3.153,S2M
9,FT7,61,-3.642,S2M
9,FT7,62,-4.130,S2M
9,FT7,63,-5.595,S2M
9,FT7,64,-7.060,S2M
9,FT7,65,-7.548,S2M
9,FT7,66,-6.571,S2M
9,FT7,67,-5.107,S2M
9,FT7,68,-3.642,S2M
9,FT7,69,-3.642,S2M
9,FT7,70,-3.642,S2M
9,FT7,71,-3.153,S2M
9,FT7,72,-2.665,S2M
9,FT7,73,-1.689,S2M
9,FT7,74,-0.712,S2M
9,FT7,75,-0.224,S2M
9,FT7,76,-0.712,S2M
9,FT7,77,-1.200,S2M
9,FT7,78,-1.200,S2M
9,FT7,79,-0.224,S2M
9,FT7,80,1.241,S2M
9,FT7,81,2.706,S2M
9,FT7,82,3.682,S2M
9,FT7,83,3.682,S2M
9,FT7,84,2.706,S2M
9,FT7,85,2.218,S2M
9,FT7,86,1.241,S2M
9,FT7,87,0.264,S2M
9,FT7,88,-0.712,S2M
9,FT7,89,-1.689,S2M
9,FT7,90,-2.177,S2M
9,FT7,91,-2.177,S2M
9,FT7,92,-1.689,S2M
9,FT7,93,-1.689,S2M
9,FT7,94,-2.665,S2M
9,FT7,95,-4.130,S2M
9,FT7,96,-5.107,S2M
9,FT7,97,-5.107,S2M
9,FT7,98,-3.642,S2M
9,FT7,99,-1.689,S2M
9,FT7,100,-0.712,S2M
9,FT7,101,-0.712,S2M
9,FT7,102,-1.200,S2M
9,FT7,103,-1.200,S2M
9,FT7,104,-0.224,S2M
9,FT7,105,1.729,S2M
9,FT7,106,3.194,S2M
9,FT7,107,3.194,S2M
9,FT7,108,2.218,S2M
9,FT7,109,0.264,S2M
9,FT7,110,-0.712,S2M
9,FT7,111,0.264,S2M
9,FT7,112,2.706,S2M
9,FT7,113,5.636,S2M
9,FT7,114,7.100,S2M
9,FT7,115,7.589,S2M
9,FT7,116,6.124,S2M
9,FT7,117,4.659,S2M
9,FT7,118,3.194,S2M
9,FT7,119,3.194,S2M
9,FT7,120,4.171,S2M
9,FT7,121,5.147,S2M
9,FT7,122,6.612,S2M
9,FT7,123,6.612,S2M
9,FT7,124,6.124,S2M
9,FT7,125,5.636,S2M
9,FT7,126,5.147,S2M
9,FT7,127,5.147,S2M
9,FT7,128,4.659,S2M
9,FT7,129,4.171,S2M
9,FT7,130,3.682,S2M
9,FT7,131,3.682,S2M
9,FT7,132,4.171,S2M
9,FT7,133,4.171,S2M
9,FT7,134,4.171,S2M
9,FT7,135,4.171,S2M
9,FT7,136,4.659,S2M
9,FT7,137,5.636,S2M
9,FT7,138,6.124,S2M
9,FT7,139,6.612,S2M
9,FT7,140,6.124,S2M
9,FT7,141,5.636,S2M
9,FT7,142,5.147,S2M
9,FT7,143,5.636,S2M
9,FT7,144,6.612,S2M
9,FT7,145,8.077,S2M
9,FT7,146,9.054,S2M
9,FT7,147,8.565,S2M
9,FT7,148,7.100,S2M
9,FT7,149,5.147,S2M
9,FT7,150,3.682,S2M
9,FT7,151,2.706,S2M
9,FT7,152,3.194,S2M
9,FT7,153,4.659,S2M
9,FT7,154,6.612,S2M
9,FT7,155,8.565,S2M
9,FT7,156,10.030,S2M
9,FT7,157,10.030,S2M
9,FT7,158,9.542,S2M
9,FT7,159,8.077,S2M
9,FT7,160,7.100,S2M
9,FT7,161,6.612,S2M
9,FT7,162,8.077,S2M
9,FT7,163,10.030,S2M
9,FT7,164,11.495,S2M
9,FT7,165,11.495,S2M
9,FT7,166,10.030,S2M
9,FT7,167,9.054,S2M
9,FT7,168,9.054,S2M
9,FT7,169,10.030,S2M
9,FT7,170,10.030,S2M
9,FT7,171,8.565,S2M
9,FT7,172,5.636,S2M
9,FT7,173,2.218,S2M
9,FT7,174,-0.224,S2M
9,FT7,175,-0.712,S2M
9,FT7,176,-0.224,S2M
9,FT7,177,-0.224,S2M
9,FT7,178,-0.224,S2M
9,FT7,179,-0.712,S2M
9,FT7,180,-1.200,S2M
9,FT7,181,-0.712,S2M
9,FT7,182,0.753,S2M
9,FT7,183,1.729,S2M
9,FT7,184,3.194,S2M
9,FT7,185,3.194,S2M
9,FT7,186,3.194,S2M
9,FT7,187,3.194,S2M
9,FT7,188,2.706,S2M
9,FT7,189,1.729,S2M
9,FT7,190,0.753,S2M
9,FT7,191,0.264,S2M
9,FT7,192,1.241,S2M
9,FT7,193,2.706,S2M
9,FT7,194,4.659,S2M
9,FT7,195,6.124,S2M
9,FT7,196,5.147,S2M
9,FT7,197,2.706,S2M
9,FT7,198,-0.224,S2M
9,FT7,199,-1.689,S2M
9,FT7,200,-1.200,S2M
9,FT7,201,0.753,S2M
9,FT7,202,2.706,S2M
9,FT7,203,4.171,S2M
9,FT7,204,4.171,S2M
9,FT7,205,4.171,S2M
9,FT7,206,4.171,S2M
9,FT7,207,3.682,S2M
9,FT7,208,3.682,S2M
9,FT7,209,3.194,S2M
9,FT7,210,2.706,S2M
9,FT7,211,2.706,S2M
9,FT7,212,3.682,S2M
9,FT7,213,4.171,S2M
9,FT7,214,3.682,S2M
9,FT7,215,1.729,S2M
9,FT7,216,-1.200,S2M
9,FT7,217,-3.642,S2M
9,FT7,218,-4.130,S2M
9,FT7,219,-3.153,S2M
9,FT7,220,-2.177,S2M
9,FT7,221,-1.200,S2M
9,FT7,222,-0.712,S2M
9,FT7,223,-1.200,S2M
9,FT7,224,-1.200,S2M
9,FT7,225,0.264,S2M
9,FT7,226,1.241,S2M
9,FT7,227,1.729,S2M
9,FT7,228,1.729,S2M
9,FT7,229,0.264,S2M
9,FT7,230,-1.200,S2M
9,FT7,231,-2.177,S2M
9,FT7,232,-1.689,S2M
9,FT7,233,-0.712,S2M
9,FT7,234,0.753,S2M
9,FT7,235,1.241,S2M
9,FT7,236,0.753,S2M
9,FT7,237,-0.224,S2M
9,FT7,238,-1.200,S2M
9,FT7,239,-1.200,S2M
9,FT7,240,-0.224,S2M
9,FT7,241,2.218,S2M
9,FT7,242,4.171,S2M
9,FT7,243,5.147,S2M
9,FT7,244,4.659,S2M
9,FT7,245,3.682,S2M
9,FT7,246,2.218,S2M
9,FT7,247,1.729,S2M
9,FT7,248,2.218,S2M
9,FT7,249,3.194,S2M
9,FT7,250,4.171,S2M
9,FT7,251,4.171,S2M
9,FT7,252,2.706,S2M
9,FT7,253,1.241,S2M
9,FT7,254,-0.224,S2M
9,FT7,255,0.264,S2M
9,FT8,0,-1.333,S2M
9,FT8,1,0.132,S2M
9,FT8,2,2.085,S2M
9,FT8,3,3.550,S2M
9,FT8,4,5.015,S2M
9,FT8,5,6.480,S2M
9,FT8,6,7.456,S2M
9,FT8,7,6.968,S2M
9,FT8,8,5.503,S2M
9,FT8,9,3.550,S2M
9,FT8,10,2.085,S2M
9,FT8,11,3.062,S2M
9,FT8,12,6.480,S2M
9,FT8,13,9.898,S2M
9,FT8,14,13.316,S2M
9,FT8,15,13.316,S2M
9,FT8,16,11.363,S2M
9,FT8,17,7.456,S2M
9,FT8,18,4.038,S2M
9,FT8,19,1.597,S2M
9,FT8,20,0.132,S2M
9,FT8,21,0.132,S2M
9,FT8,22,0.621,S2M
9,FT8,23,1.597,S2M
9,FT8,24,2.574,S2M
9,FT8,25,3.062,S2M
9,FT8,26,3.550,S2M
9,FT8,27,3.550,S2M
9,FT8,28,4.038,S2M
9,FT8,29,5.015,S2M
9,FT8,30,5.992,S2M
9,FT8,31,6.480,S2M
9,FT8,32,5.503,S2M
9,FT8,33,4.527,S2M
9,FT8,34,4.038,S2M
9,FT8,35,4.038,S2M
9,FT8,36,4.038,S2M
9,FT8,37,4.038,S2M
9,FT8,38,3.062,S2M
9,FT8,39,2.574,S2M
9,FT8,40,2.574,S2M
9,FT8,41,4.038,S2M
9,FT8,42,5.503,S2M
9,FT8,43,5.992,S2M
9,FT8,44,5.503,S2M
9,FT8,45,4.527,S2M
9,FT8,46,4.038,S2M
9,FT8,47,4.527,S2M
9,FT8,48,5.503,S2M
9,FT8,49,6.968,S2M
9,FT8,50,7.945,S2M
9,FT8,51,8.921,S2M
9,FT8,52,8.921,S2M
9,FT8,53,9.410,S2M
9,FT8,54,8.921,S2M
9,FT8,55,7.456,S2M
9,FT8,56,5.503,S2M
9,FT8,57,3.550,S2M
9,FT8,58,2.085,S2M
9,FT8,59,1.597,S2M
9,FT8,60,1.109,S2M
9,FT8,61,0.132,S2M
9,FT8,62,-1.821,S2M
9,FT8,63,-3.286,S2M
9,FT8,64,-3.774,S2M
9,FT8,65,-3.774,S2M
9,FT8,66,-2.797,S2M
9,FT8,67,-2.797,S2M
9,FT8,68,-2.797,S2M
9,FT8,69,-3.286,S2M
9,FT8,70,-4.262,S2M
9,FT8,71,-4.751,S2M
9,FT8,72,-5.239,S2M
9,FT8,73,-5.239,S2M
9,FT8,74,-4.262,S2M
9,FT8,75,-3.774,S2M
9,FT8,76,-2.797,S2M
9,FT8,77,-1.821,S2M
9,FT8,78,-1.333,S2M
9,FT8,79,-0.356,S2M
9,FT8,80,1.109,S2M
9,FT8,81,2.085,S2M
9,FT8,82,3.550,S2M
9,FT8,83,3.550,S2M
9,FT8,84,2.574,S2M
9,FT8,85,1.597,S2M
9,FT8,86,0.132,S2M
9,FT8,87,0.132,S2M
9,FT8,88,1.109,S2M
9,FT8,89,2.085,S2M
9,FT8,90,3.062,S2M
9,FT8,91,3.062,S2M
9,FT8,92,2.085,S2M
9,FT8,93,0.621,S2M
9,FT8,94,0.132,S2M
9,FT8,95,0.132,S2M
9,FT8,96,0.132,S2M
9,FT8,97,0.132,S2M
9,FT8,98,-0.844,S2M
9,FT8,99,-1.333,S2M
9,FT8,100,-0.844,S2M
9,FT8,101,0.132,S2M
9,FT8,102,1.597,S2M
9,FT8,103,2.574,S2M
9,FT8,104,2.574,S2M
9,FT8,105,1.597,S2M
9,FT8,106,0.621,S2M
9,FT8,107,-0.356,S2M
9,FT8,108,-0.844,S2M
9,FT8,109,-0.844,S2M
9,FT8,110,-0.844,S2M
9,FT8,111,0.132,S2M
9,FT8,112,1.109,S2M
9,FT8,113,2.574,S2M
9,FT8,114,3.550,S2M
9,FT8,115,4.038,S2M
9,FT8,116,3.550,S2M
9,FT8,117,3.062,S2M
9,FT8,118,2.085,S2M
9,FT8,119,1.597,S2M
9,FT8,120,1.597,S2M
9,FT8,121,1.597,S2M
9,FT8,122,2.085,S2M
9,FT8,123,1.597,S2M
9,FT8,124,2.574,S2M
9,FT8,125,3.062,S2M
9,FT8,126,3.062,S2M
9,FT8,127,4.038,S2M
9,FT8,128,4.038,S2M
9,FT8,129,4.527,S2M
9,FT8,130,5.503,S2M
9,FT8,131,6.480,S2M
9,FT8,132,7.456,S2M
9,FT8,133,7.456,S2M
9,FT8,134,6.968,S2M
9,FT8,135,5.992,S2M
9,FT8,136,4.527,S2M
9,FT8,137,3.550,S2M
9,FT8,138,2.574,S2M
9,FT8,139,2.574,S2M
9,FT8,140,3.062,S2M
9,FT8,141,3.062,S2M
9,FT8,142,3.550,S2M
9,FT8,143,4.038,S2M
9,FT8,144,5.015,S2M
9,FT8,145,5.015,S2M
9,FT8,146,5.503,S2M
9,FT8,147,5.992,S2M
9,FT8,148,6.480,S2M
9,FT8,149,5.503,S2M
9,FT8,150,5.015,S2M
9,FT8,151,4.038,S2M
9,FT8,152,5.015,S2M
9,FT8,153,6.968,S2M
9,FT8,154,9.410,S2M
9,FT8,155,10.874,S2M
9,FT8,156,10.874,S2M
9,FT8,157,9.410,S2M
9,FT8,158,7.945,S2M
9,FT8,159,7.945,S2M
9,FT8,160,9.410,S2M
9,FT8,161,11.363,S2M
9,FT8,162,12.828,S2M
9,FT8,163,13.804,S2M
9,FT8,164,12.339,S2M
9,FT8,165,10.874,S2M
9,FT8,166,9.898,S2M
9,FT8,167,10.386,S2M
9,FT8,168,10.386,S2M
9,FT8,169,10.386,S2M
9,FT8,170,9.898,S2M
9,FT8,171,7.945,S2M
9,FT8,172,6.968,S2M
9,FT8,173,5.503,S2M
9,FT8,174,5.015,S2M
9,FT8,175,4.038,S2M
9,FT8,176,3.062,S2M
9,FT8,177,2.085,S2M
9,FT8,178,1.597,S2M
9,FT8,179,2.085,S2M
9,FT8,180,3.550,S2M
9,FT8,181,5.992,S2M
9,FT8,182,8.433,S2M
9,FT8,183,10.386,S2M
9,FT8,184,10.874,S2M
9,FT8,185,10.874,S2M
9,FT8,186,10.874,S2M
9,FT8,187,10.874,S2M
9,FT8,188,10.386,S2M
9,FT8,189,9.898,S2M
9,FT8,190,9.410,S2M
9,FT8,191,8.921,S2M
9,FT8,192,9.898,S2M
9,FT8,193,10.386,S2M
9,FT8,194,11.363,S2M
9,FT8,195,10.874,S2M
9,FT8,196,9.898,S2M
9,FT8,197,8.433,S2M
9,FT8,198,6.968,S2M
9,FT8,199,5.992,S2M
9,FT8,200,5.992,S2M
9,FT8,201,7.456,S2M
9,FT8,202,8.921,S2M
9,FT8,203,10.386,S2M
9,FT8,204,10.874,S2M
9,FT8,205,10.874,S2M
9,FT8,206,10.386,S2M
9,FT8,207,8.921,S2M
9,FT8,208,7.945,S2M
9,FT8,209,6.480,S2M
9,FT8,210,5.992,S2M
9,FT8,211,6.480,S2M
9,FT8,212,7.945,S2M
9,FT8,213,10.874,S2M
9,FT8,214,12.339,S2M
9,FT8,215,12.339,S2M
9,FT8,216,9.898,S2M
9,FT8,217,6.480,S2M
9,FT8,218,3.550,S2M
9,FT8,219,2.085,S2M
9,FT8,220,2.574,S2M
9,FT8,221,4.038,S2M
9,FT8,222,5.015,S2M
9,FT8,223,6.480,S2M
9,FT8,224,7.456,S2M
9,FT8,225,8.921,S2M
9,FT8,226,10.386,S2M
9,FT8,227,10.874,S2M
9,FT8,228,10.386,S2M
9,FT8,229,9.410,S2M
9,FT8,230,8.433,S2M
9,FT8,231,7.945,S2M
9,FT8,232,8.433,S2M
9,FT8,233,9.410,S2M
9,FT8,234,9.898,S2M
9,FT8,235,11.363,S2M
9,FT8,236,11.851,S2M
9,FT8,237,12.828,S2M
9,FT8,238,12.828,S2M
9,FT8,239,13.316,S2M
9,FT8,240,13.804,S2M
9,FT8,241,15.269,S2M
9,FT8,242,16.734,S2M
9,FT8,243,17.710,S2M
9,FT8,244,17.222,S2M
9,FT8,245,14.781,S2M
9,FT8,246,10.386,S2M
9,FT8,247,6.480,S2M
9,FT8,248,3.062,S2M
9,FT8,249,1.597,S2M
9,FT8,250,2.085,S2M
9,FT8,251,3.550,S2M
9,FT8,252,5.503,S2M
9,FT8,253,6.968,S2M
9,FT8,254,7.945,S2M
9,FT8,255,8.433,S2M
9,FPZ,0,-7.446,S2M
9,FPZ,1,-6.958,S2M
9,FPZ,2,-5.981,S2M
9,FPZ,3,-5.005,S2M
9,FPZ,4,-3.540,S2M
9,FPZ,5,-2.563,S2M
9,FPZ,6,-1.099,S2M
9,FPZ,7,-0.122,S2M
9,FPZ,8,-0.122,S2M
9,FPZ,9,-0.610,S2M
9,FPZ,10,-0.610,S2M
9,FPZ,11,0.366,S2M
9,FPZ,12,2.319,S2M
9,FPZ,13,4.272,S2M
9,FPZ,14,5.249,S2M
9,FPZ,15,5.249,S2M
9,FPZ,16,4.761,S2M
9,FPZ,17,3.784,S2M
9,FPZ,18,2.319,S2M
9,FPZ,19,0.854,S2M
9,FPZ,20,-1.099,S2M
9,FPZ,21,-3.052,S2M
9,FPZ,22,-3.052,S2M
9,FPZ,23,-3.052,S2M
9,FPZ,24,-3.540,S2M
9,FPZ,25,-4.517,S2M
9,FPZ,26,-6.470,S2M
9,FPZ,27,-8.423,S2M
9,FPZ,28,-8.423,S2M
9,FPZ,29,-7.446,S2M
9,FPZ,30,-6.470,S2M
9,FPZ,31,-6.470,S2M
9,FPZ,32,-7.446,S2M
9,FPZ,33,-8.423,S2M
9,FPZ,34,-7.935,S2M
9,FPZ,35,-6.470,S2M
9,FPZ,36,-4.517,S2M
9,FPZ,37,-4.028,S2M
9,FPZ,38,-4.517,S2M
9,FPZ,39,-5.493,S2M
9,FPZ,40,-5.493,S2M
9,FPZ,41,-3.540,S2M
9,FPZ,42,-1.099,S2M
9,FPZ,43,1.343,S2M
9,FPZ,44,2.319,S2M
9,FPZ,45,2.319,S2M
9,FPZ,46,2.319,S2M
9,FPZ,47,2.319,S2M
9,FPZ,48,3.296,S2M
9,FPZ,49,4.272,S2M
9,FPZ,50,5.249,S2M
9,FPZ,51,6.226,S2M
9,FPZ,52,6.226,S2M
9,FPZ,53,6.714,S2M
9,FPZ,54,6.226,S2M
9,FPZ,55,5.249,S2M
9,FPZ,56,4.272,S2M
9,FPZ,57,2.808,S2M
9,FPZ,58,2.808,S2M
9,FPZ,59,1.831,S2M
9,FPZ,60,1.343,S2M
9,FPZ,61,0.854,S2M
9,FPZ,62,-0.122,S2M
9,FPZ,63,-1.587,S2M
9,FPZ,64,-3.052,S2M
9,FPZ,65,-3.540,S2M
9,FPZ,66,-3.540,S2M
9,FPZ,67,-3.052,S2M
9,FPZ,68,-3.052,S2M
9,FPZ,69,-2.563,S2M
9,FPZ,70,-2.075,S2M
9,FPZ,71,-0.610,S2M
9,FPZ,72,0.854,S2M
9,FPZ,73,2.319,S2M
9,FPZ,74,3.296,S2M
9,FPZ,75,2.808,S2M
9,FPZ,76,1.831,S2M
9,FPZ,77,0.854,S2M
9,FPZ,78,0.366,S2M
9,FPZ,79,0.854,S2M
9,FPZ,80,2.319,S2M
9,FPZ,81,3.296,S2M
9,FPZ,82,3.784,S2M
9,FPZ,83,3.784,S2M
9,FPZ,84,3.296,S2M
9,FPZ,85,2.319,S2M
9,FPZ,86,0.854,S2M
9,FPZ,87,-0.122,S2M
9,FPZ,88,-0.610,S2M
9,FPZ,89,-0.610,S2M
9,FPZ,90,-0.122,S2M
9,FPZ,91,0.366,S2M
9,FPZ,92,0.366,S2M
9,FPZ,93,0.366,S2M
9,FPZ,94,0.366,S2M
9,FPZ,95,1.343,S2M
9,FPZ,96,2.319,S2M
9,FPZ,97,2.808,S2M
9,FPZ,98,1.831,S2M
9,FPZ,99,0.366,S2M
9,FPZ,100,-1.099,S2M
9,FPZ,101,-2.563,S2M
9,FPZ,102,-2.075,S2M
9,FPZ,103,-1.099,S2M
9,FPZ,104,0.366,S2M
9,FPZ,105,1.343,S2M
9,FPZ,106,1.831,S2M
9,FPZ,107,1.343,S2M
9,FPZ,108,0.366,S2M
9,FPZ,109,-1.099,S2M
9,FPZ,110,-1.587,S2M
9,FPZ,111,-1.587,S2M
9,FPZ,112,0.366,S2M
9,FPZ,113,2.808,S2M
9,FPZ,114,4.272,S2M
9,FPZ,115,5.249,S2M
9,FPZ,116,4.272,S2M
9,FPZ,117,3.784,S2M
9,FPZ,118,2.808,S2M
9,FPZ,119,2.808,S2M
9,FPZ,120,2.808,S2M
9,FPZ,121,2.319,S2M
9,FPZ,122,2.319,S2M
9,FPZ,123,1.831,S2M
9,FPZ,124,2.808,S2M
9,FPZ,125,3.784,S2M
9,FPZ,126,5.249,S2M
9,FPZ,127,5.249,S2M
9,FPZ,128,4.761,S2M
9,FPZ,129,3.784,S2M
9,FPZ,130,3.784,S2M
9,FPZ,131,4.272,S2M
9,FPZ,132,5.249,S2M
9,FPZ,133,5.737,S2M
9,FPZ,134,6.226,S2M
9,FPZ,135,5.737,S2M
9,FPZ,136,5.737,S2M
9,FPZ,137,5.249,S2M
9,FPZ,138,4.761,S2M
9,FPZ,139,4.272,S2M
9,FPZ,140,4.272,S2M
9,FPZ,141,3.784,S2M
9,FPZ,142,4.272,S2M
9,FPZ,143,5.249,S2M
9,FPZ,144,6.226,S2M
9,FPZ,145,6.226,S2M
9,FPZ,146,6.226,S2M
9,FPZ,147,6.714,S2M
9,FPZ,148,7.202,S2M
9,FPZ,149,7.690,S2M
9,FPZ,150,7.690,S2M
9,FPZ,151,7.202,S2M
9,FPZ,152,6.714,S2M
9,FPZ,153,7.202,S2M
9,FPZ,154,9.155,S2M
9,FPZ,155,11.108,S2M
9,FPZ,156,13.062,S2M
9,FPZ,157,13.062,S2M
9,FPZ,158,12.085,S2M
9,FPZ,159,10.132,S2M
9,FPZ,160,9.155,S2M
9,FPZ,161,9.155,S2M
9,FPZ,162,10.620,S2M
9,FPZ,163,11.597,S2M
9,FPZ,164,12.085,S2M
9,FPZ,165,10.620,S2M
9,FPZ,166,9.644,S2M
9,FPZ,167,8.667,S2M
9,FPZ,168,8.179,S2M
9,FPZ,169,7.690,S2M
9,FPZ,170,6.714,S2M
9,FPZ,171,4.761,S2M
9,FPZ,172,2.319,S2M
9,FPZ,173,0.366,S2M
9,FPZ,174,-0.122,S2M
9,FPZ,175,-0.122,S2M
9,FPZ,176,0.854,S2M
9,FPZ,177,1.343,S2M
9,FPZ,178,1.831,S2M
9,FPZ,179,1.831,S2M
9,FPZ,180,2.319,S2M
9,FPZ,181,2.808,S2M
9,FPZ,182,3.784,S2M
9,FPZ,183,4.761,S2M
9,FPZ,184,6.226,S2M
9,FPZ,185,6.714,S2M
9,FPZ,186,7.202,S2M
9,FPZ,187,7.202,S2M
9,FPZ,188,7.202,S2M
9,FPZ,189,6.714,S2M
9,FPZ,190,6.226,S2M
9,FPZ,191,6.226,S2M
9,FPZ,192,7.202,S2M
9,FPZ,193,8.179,S2M
9,FPZ,194,8.667,S2M
9,FPZ,195,8.179,S2M
9,FPZ,196,7.202,S2M
9,FPZ,197,5.737,S2M
9,FPZ,198,4.272,S2M
9,FPZ,199,3.784,S2M
9,FPZ,200,4.272,S2M
9,FPZ,201,5.737,S2M
9,FPZ,202,7.202,S2M
9,FPZ,203,8.179,S2M
9,FPZ,204,8.179,S2M
9,FPZ,205,7.202,S2M
9,FPZ,206,6.226,S2M
9,FPZ,207,4.761,S2M
9,FPZ,208,3.784,S2M
9,FPZ,209,3.296,S2M
9,FPZ,210,2.319,S2M
9,FPZ,211,2.808,S2M
9,FPZ,212,3.784,S2M
9,FPZ,213,5.249,S2M
9,FPZ,214,5.249,S2M
9,FPZ,215,4.272,S2M
9,FPZ,216,1.343,S2M
9,FPZ,217,-2.075,S2M
9,FPZ,218,-5.005,S2M
9,FPZ,219,-5.981,S2M
9,FPZ,220,-5.981,S2M
9,FPZ,221,-4.517,S2M
9,FPZ,222,-3.052,S2M
9,FPZ,223,-1.099,S2M
9,FPZ,224,0.854,S2M
9,FPZ,225,2.319,S2M
9,FPZ,226,3.784,S2M
9,FPZ,227,4.761,S2M
9,FPZ,228,4.761,S2M
9,FPZ,229,3.784,S2M
9,FPZ,230,2.319,S2M
9,FPZ,231,0.854,S2M
9,FPZ,232,0.854,S2M
9,FPZ,233,1.343,S2M
9,FPZ,234,2.808,S2M
9,FPZ,235,3.784,S2M
9,FPZ,236,4.272,S2M
9,FPZ,237,4.272,S2M
9,FPZ,238,3.784,S2M
9,FPZ,239,3.784,S2M
9,FPZ,240,4.761,S2M
9,FPZ,241,5.737,S2M
9,FPZ,242,6.714,S2M
9,FPZ,243,6.714,S2M
9,FPZ,244,6.226,S2M
9,FPZ,245,5.249,S2M
9,FPZ,246,3.784,S2M
9,FPZ,247,1.831,S2M
9,FPZ,248,0.366,S2M
9,FPZ,249,-1.099,S2M
9,FPZ,250,-2.075,S2M
9,FPZ,251,-2.075,S2M
9,FPZ,252,-1.587,S2M
9,FPZ,253,-1.099,S2M
9,FPZ,254,-0.610,S2M
9,FPZ,255,-0.122,S2M
9,FC4,0,-2.991,S2M
9,FC4,1,-2.502,S2M
9,FC4,2,-2.014,S2M
9,FC4,3,-1.038,S2M
9,FC4,4,0.427,S2M
9,FC4,5,0.916,S2M
9,FC4,6,1.404,S2M
9,FC4,7,0.916,S2M
9,FC4,8,-0.549,S2M
9,FC4,9,-2.014,S2M
9,FC4,10,-2.502,S2M
9,FC4,11,-1.526,S2M
9,FC4,12,-0.061,S2M
9,FC4,13,1.892,S2M
9,FC4,14,2.869,S2M
9,FC4,15,2.869,S2M
9,FC4,16,2.380,S2M
9,FC4,17,1.892,S2M
9,FC4,18,0.916,S2M
9,FC4,19,-0.549,S2M
9,FC4,20,-1.526,S2M
9,FC4,21,-2.502,S2M
9,FC4,22,-2.991,S2M
9,FC4,23,-2.502,S2M
9,FC4,24,-1.526,S2M
9,FC4,25,-1.038,S2M
9,FC4,26,-0.549,S2M
9,FC4,27,-1.038,S2M
9,FC4,28,-1.526,S2M
9,FC4,29,-2.014,S2M
9,FC4,30,-2.502,S2M
9,FC4,31,-2.502,S2M
9,FC4,32,-2.502,S2M
9,FC4,33,-2.014,S2M
9,FC4,34,-2.014,S2M
9,FC4,35,-1.526,S2M
9,FC4,36,-1.526,S2M
9,FC4,37,-2.014,S2M
9,FC4,38,-2.502,S2M
9,FC4,39,-2.991,S2M
9,FC4,40,-2.991,S2M
9,FC4,41,-2.014,S2M
9,FC4,42,-1.038,S2M
9,FC4,43,-0.061,S2M
9,FC4,44,-0.549,S2M
9,FC4,45,-1.038,S2M
9,FC4,46,-1.526,S2M
9,FC4,47,-1.526,S2M
9,FC4,48,-0.549,S2M
9,FC4,49,0.427,S2M
9,FC4,50,0.916,S2M
9,FC4,51,1.892,S2M
9,FC4,52,1.404,S2M
9,FC4,53,1.404,S2M
9,FC4,54,0.916,S2M
9,FC4,55,0.427,S2M
9,FC4,56,-0.061,S2M
9,FC4,57,-1.038,S2M
9,FC4,58,-1.526,S2M
9,FC4,59,-1.526,S2M
9,FC4,60,-2.014,S2M
9,FC4,61,-2.991,S2M
9,FC4,62,-3.967,S2M
9,FC4,63,-4.456,S2M
9,FC4,64,-4.944,S2M
9,FC4,65,-4.456,S2M
9,FC4,66,-4.456,S2M
9,FC4,67,-4.944,S2M
9,FC4,68,-5.432,S2M
9,FC4,69,-5.920,S2M
9,FC4,70,-6.409,S2M
9,FC4,71,-6.409,S2M
9,FC4,72,-5.920,S2M
9,FC4,73,-5.920,S2M
9,FC4,74,-5.920,S2M
9,FC4,75,-5.920,S2M
9,FC4,76,-5.920,S2M
9,FC4,77,-5.920,S2M
9,FC4,78,-5.432,S2M
9,FC4,79,-4.456,S2M
9,FC4,80,-3.479,S2M
9,FC4,81,-2.502,S2M
9,FC4,82,-2.014,S2M
9,FC4,83,-2.014,S2M
9,FC4,84,-2.502,S2M
9,FC4,85,-2.502,S2M
9,FC4,86,-2.991,S2M
9,FC4,87,-2.502,S2M
9,FC4,88,-2.502,S2M
9,FC4,89,-2.014,S2M
9,FC4,90,-2.502,S2M
9,FC4,91,-2.502,S2M
9,FC4,92,-2.014,S2M
9,FC4,93,-2.014,S2M
9,FC4,94,-1.526,S2M
9,FC4,95,-0.549,S2M
9,FC4,96,-0.549,S2M
9,FC4,97,-1.038,S2M
9,FC4,98,-1.526,S2M
9,FC4,99,-2.502,S2M
9,FC4,100,-2.502,S2M
9,FC4,101,-2.014,S2M
9,FC4,102,-1.038,S2M
9,FC4,103,-0.549,S2M
9,FC4,104,-0.549,S2M
9,FC4,105,-1.526,S2M
9,FC4,106,-2.502,S2M
9,FC4,107,-2.991,S2M
9,FC4,108,-2.991,S2M
9,FC4,109,-2.014,S2M
9,FC4,110,-1.526,S2M
9,FC4,111,-1.038,S2M
9,FC4,112,-0.549,S2M
9,FC4,113,-0.549,S2M
9,FC4,114,-1.038,S2M
9,FC4,115,-1.526,S2M
9,FC4,116,-1.526,S2M
9,FC4,117,-2.014,S2M
9,FC4,118,-2.014,S2M
9,FC4,119,-2.502,S2M
9,FC4,120,-2.502,S2M
9,FC4,121,-2.502,S2M
9,FC4,122,-2.502,S2M
9,FC4,123,-2.502,S2M
9,FC4,124,-2.502,S2M
9,FC4,125,-2.014,S2M
9,FC4,126,-2.014,S2M
9,FC4,127,-2.014,S2M
9,FC4,128,-2.014,S2M
9,FC4,129,-2.014,S2M
9,FC4,130,-1.038,S2M
9,FC4,131,-0.061,S2M
9,FC4,132,0.916,S2M
9,FC4,133,0.916,S2M
9,FC4,134,0.916,S2M
9,FC4,135,0.916,S2M
9,FC4,136,0.427,S2M
9,FC4,137,-0.061,S2M
9,FC4,138,-0.549,S2M
9,FC4,139,-1.038,S2M
9,FC4,140,-1.038,S2M
9,FC4,141,-0.549,S2M
9,FC4,142,-0.061,S2M
9,FC4,143,0.916,S2M
9,FC4,144,1.404,S2M
9,FC4,145,1.892,S2M
9,FC4,146,1.892,S2M
9,FC4,147,2.380,S2M
9,FC4,148,2.380,S2M
9,FC4,149,2.869,S2M
9,FC4,150,2.380,S2M
9,FC4,151,2.380,S2M
9,FC4,152,2.380,S2M
9,FC4,153,2.869,S2M
9,FC4,154,3.357,S2M
9,FC4,155,4.333,S2M
9,FC4,156,4.333,S2M
9,FC4,157,3.845,S2M
9,FC4,158,3.357,S2M
9,FC4,159,2.869,S2M
9,FC4,160,2.869,S2M
9,FC4,161,3.845,S2M
9,FC4,162,3.845,S2M
9,FC4,163,3.845,S2M
9,FC4,164,3.357,S2M
9,FC4,165,2.869,S2M
9,FC4,166,2.380,S2M
9,FC4,167,1.892,S2M
9,FC4,168,1.892,S2M
9,FC4,169,1.892,S2M
9,FC4,170,1.892,S2M
9,FC4,171,0.916,S2M
9,FC4,172,0.916,S2M
9,FC4,173,0.427,S2M
9,FC4,174,0.427,S2M
9,FC4,175,0.427,S2M
9,FC4,176,0.427,S2M
9,FC4,177,0.427,S2M
9,FC4,178,0.427,S2M
9,FC4,179,0.916,S2M
9,FC4,180,2.380,S2M
9,FC4,181,3.845,S2M
9,FC4,182,4.333,S2M
9,FC4,183,4.333,S2M
9,FC4,184,3.845,S2M
9,FC4,185,2.869,S2M
9,FC4,186,2.869,S2M
9,FC4,187,2.869,S2M
9,FC4,188,3.845,S2M
9,FC4,189,4.333,S2M
9,FC4,190,5.310,S2M
9,FC4,191,5.798,S2M
9,FC4,192,5.798,S2M
9,FC4,193,5.310,S2M
9,FC4,194,4.822,S2M
9,FC4,195,4.333,S2M
9,FC4,196,2.869,S2M
9,FC4,197,2.380,S2M
9,FC4,198,1.892,S2M
9,FC4,199,1.892,S2M
9,FC4,200,2.380,S2M
9,FC4,201,2.869,S2M
9,FC4,202,2.869,S2M
9,FC4,203,2.869,S2M
9,FC4,204,2.380,S2M
9,FC4,205,1.892,S2M
9,FC4,206,1.892,S2M
9,FC4,207,1.404,S2M
9,FC4,208,1.404,S2M
9,FC4,209,0.427,S2M
9,FC4,210,-0.061,S2M
9,FC4,211,-0.061,S2M
9,FC4,212,0.427,S2M
9,FC4,213,0.916,S2M
9,FC4,214,1.892,S2M
9,FC4,215,2.380,S2M
9,FC4,216,1.892,S2M
9,FC4,217,0.916,S2M
9,FC4,218,-0.061,S2M
9,FC4,219,-1.038,S2M
9,FC4,220,-1.038,S2M
9,FC4,221,-0.549,S2M
9,FC4,222,0.427,S2M
9,FC4,223,0.916,S2M
9,FC4,224,1.892,S2M
9,FC4,225,2.380,S2M
9,FC4,226,2.869,S2M
9,FC4,227,2.869,S2M
9,FC4,228,2.869,S2M
9,FC4,229,3.357,S2M
9,FC4,230,3.357,S2M
9,FC4,231,2.869,S2M
9,FC4,232,3.357,S2M
9,FC4,233,3.845,S2M
9,FC4,234,4.822,S2M
9,FC4,235,5.310,S2M
9,FC4,236,5.798,S2M
9,FC4,237,5.798,S2M
9,FC4,238,4.822,S2M
9,FC4,239,4.822,S2M
9,FC4,240,4.822,S2M
9,FC4,241,5.798,S2M
9,FC4,242,6.287,S2M
9,FC4,243,6.287,S2M
9,FC4,244,5.798,S2M
9,FC4,245,3.845,S2M
9,FC4,246,1.892,S2M
9,FC4,247,-0.549,S2M
9,FC4,248,-1.526,S2M
9,FC4,249,-2.014,S2M
9,FC4,250,-2.014,S2M
9,FC4,251,-1.038,S2M
9,FC4,252,-0.061,S2M
9,FC4,253,0.916,S2M
9,FC4,254,1.404,S2M
9,FC4,255,1.404,S2M
9,FC3,0,-2.330,S2M
9,FC3,1,-1.841,S2M
9,FC3,2,-1.353,S2M
9,FC3,3,-1.841,S2M
9,FC3,4,-1.841,S2M
9,FC3,5,-1.841,S2M
9,FC3,6,-2.330,S2M
9,FC3,7,-1.841,S2M
9,FC3,8,-1.353,S2M
9,FC3,9,-0.865,S2M
9,FC3,10,-0.376,S2M
9,FC3,11,-0.376,S2M
9,FC3,12,-0.376,S2M
9,FC3,13,-0.376,S2M
9,FC3,14,0.112,S2M
9,FC3,15,0.600,S2M
9,FC3,16,0.112,S2M
9,FC3,17,-0.865,S2M
9,FC3,18,-2.330,S2M
9,FC3,19,-2.818,S2M
9,FC3,20,-2.330,S2M
9,FC3,21,-1.353,S2M
9,FC3,22,-1.353,S2M
9,FC3,23,-2.818,S2M
9,FC3,24,-4.771,S2M
9,FC3,25,-6.236,S2M
9,FC3,26,-6.236,S2M
9,FC3,27,-4.771,S2M
9,FC3,28,-3.794,S2M
9,FC3,29,-3.794,S2M
9,FC3,30,-3.794,S2M
9,FC3,31,-4.283,S2M
9,FC3,32,-3.794,S2M
9,FC3,33,-2.818,S2M
9,FC3,34,-1.841,S2M
9,FC3,35,-1.841,S2M
9,FC3,36,-1.841,S2M
9,FC3,37,-1.353,S2M
9,FC3,38,-0.865,S2M
9,FC3,39,0.112,S2M
9,FC3,40,0.600,S2M
9,FC3,41,0.112,S2M
9,FC3,42,-0.376,S2M
9,FC3,43,-0.865,S2M
9,FC3,44,-0.376,S2M
9,FC3,45,0.600,S2M
9,FC3,46,1.088,S2M
9,FC3,47,1.577,S2M
9,FC3,48,2.065,S2M
9,FC3,49,2.553,S2M
9,FC3,50,2.065,S2M
9,FC3,51,1.088,S2M
9,FC3,52,-0.376,S2M
9,FC3,53,-0.376,S2M
9,FC3,54,0.112,S2M
9,FC3,55,1.577,S2M
9,FC3,56,2.065,S2M
9,FC3,57,2.065,S2M
9,FC3,58,1.577,S2M
9,FC3,59,1.088,S2M
9,FC3,60,1.088,S2M
9,FC3,61,0.600,S2M
9,FC3,62,-0.376,S2M
9,FC3,63,-1.353,S2M
9,FC3,64,-1.841,S2M
9,FC3,65,-1.353,S2M
9,FC3,66,-0.376,S2M
9,FC3,67,-0.865,S2M
9,FC3,68,-1.353,S2M
9,FC3,69,-1.841,S2M
9,FC3,70,-0.865,S2M
9,FC3,71,1.577,S2M
9,FC3,72,3.530,S2M
9,FC3,73,4.506,S2M
9,FC3,74,3.042,S2M
9,FC3,75,1.577,S2M
9,FC3,76,0.600,S2M
9,FC3,77,1.088,S2M
9,FC3,78,2.065,S2M
9,FC3,79,2.553,S2M
9,FC3,80,3.042,S2M
9,FC3,81,3.530,S2M
9,FC3,82,4.018,S2M
9,FC3,83,3.530,S2M
9,FC3,84,2.553,S2M
9,FC3,85,1.088,S2M
9,FC3,86,-0.376,S2M
9,FC3,87,-0.376,S2M
9,FC3,88,-0.376,S2M
9,FC3,89,-0.376,S2M
9,FC3,90,0.112,S2M
9,FC3,91,0.112,S2M
9,FC3,92,0.112,S2M
9,FC3,93,0.600,S2M
9,FC3,94,0.112,S2M
9,FC3,95,0.112,S2M
9,FC3,96,0.600,S2M
9,FC3,97,0.600,S2M
9,FC3,98,0.600,S2M
9,FC3,99,0.112,S2M
9,FC3,100,-0.376,S2M
9,FC3,101,-1.353,S2M
9,FC3,102,-0.865,S2M
9,FC3,103,-0.376,S2M
9,FC3,104,0.600,S2M
9,FC3,105,1.088,S2M
9,FC3,106,0.600,S2M
9,FC3,107,-0.376,S2M
9,FC3,108,-1.841,S2M
9,FC3,109,-2.330,S2M
9,FC3,110,-2.330,S2M
9,FC3,111,-0.865,S2M
9,FC3,112,0.112,S2M
9,FC3,113,1.577,S2M
9,FC3,114,1.577,S2M
9,FC3,115,1.577,S2M
9,FC3,116,0.600,S2M
9,FC3,117,-0.376,S2M
9,FC3,118,-1.353,S2M
9,FC3,119,-1.841,S2M
9,FC3,120,-1.841,S2M
9,FC3,121,-1.841,S2M
9,FC3,122,-1.841,S2M
9,FC3,123,-1.841,S2M
9,FC3,124,-1.841,S2M
9,FC3,125,-1.841,S2M
9,FC3,126,-1.353,S2M
9,FC3,127,-1.841,S2M
9,FC3,128,-2.330,S2M
9,FC3,129,-2.330,S2M
9,FC3,130,-2.330,S2M
9,FC3,131,-1.841,S2M
9,FC3,132,-1.353,S2M
9,FC3,133,-0.865,S2M
9,FC3,134,0.112,S2M
9,FC3,135,1.088,S2M
9,FC3,136,2.065,S2M
9,FC3,137,2.553,S2M
9,FC3,138,1.577,S2M
9,FC3,139,1.088,S2M
9,FC3,140,1.088,S2M
9,FC3,141,2.065,S2M
9,FC3,142,3.530,S2M
9,FC3,143,4.018,S2M
9,FC3,144,4.018,S2M
9,FC3,145,3.042,S2M
9,FC3,146,3.042,S2M
9,FC3,147,3.530,S2M
9,FC3,148,3.042,S2M
9,FC3,149,2.065,S2M
9,FC3,150,1.088,S2M
9,FC3,151,1.088,S2M
9,FC3,152,2.065,S2M
9,FC3,153,3.042,S2M
9,FC3,154,4.018,S2M
9,FC3,155,4.506,S2M
9,FC3,156,4.995,S2M
9,FC3,157,4.995,S2M
9,FC3,158,4.506,S2M
9,FC3,159,3.042,S2M
9,FC3,160,2.553,S2M
9,FC3,161,2.553,S2M
9,FC3,162,3.530,S2M
9,FC3,163,4.995,S2M
9,FC3,164,4.995,S2M
9,FC3,165,4.506,S2M
9,FC3,166,4.506,S2M
9,FC3,167,4.506,S2M
9,FC3,168,4.506,S2M
9,FC3,169,4.018,S2M
9,FC3,170,2.065,S2M
9,FC3,171,0.112,S2M
9,FC3,172,-0.376,S2M
9,FC3,173,-0.865,S2M
9,FC3,174,-0.376,S2M
9,FC3,175,0.112,S2M
9,FC3,176,1.088,S2M
9,FC3,177,1.577,S2M
9,FC3,178,1.088,S2M
9,FC3,179,0.600,S2M
9,FC3,180,0.112,S2M
9,FC3,181,0.600,S2M
9,FC3,182,1.577,S2M
9,FC3,183,3.042,S2M
9,FC3,184,3.530,S2M
9,FC3,185,3.042,S2M
9,FC3,186,2.553,S2M
9,FC3,187,2.065,S2M
9,FC3,188,2.065,S2M
9,FC3,189,2.065,S2M
9,FC3,190,1.088,S2M
9,FC3,191,1.088,S2M
9,FC3,192,1.577,S2M
9,FC3,193,2.553,S2M
9,FC3,194,3.530,S2M
9,FC3,195,3.042,S2M
9,FC3,196,1.577,S2M
9,FC3,197,-0.376,S2M
9,FC3,198,-0.865,S2M
9,FC3,199,0.112,S2M
9,FC3,200,1.088,S2M
9,FC3,201,2.065,S2M
9,FC3,202,2.553,S2M
9,FC3,203,3.042,S2M
9,FC3,204,3.042,S2M
9,FC3,205,3.530,S2M
9,FC3,206,3.042,S2M
9,FC3,207,2.065,S2M
9,FC3,208,1.577,S2M
9,FC3,209,1.577,S2M
9,FC3,210,1.577,S2M
9,FC3,211,2.065,S2M
9,FC3,212,2.065,S2M
9,FC3,213,1.577,S2M
9,FC3,214,0.600,S2M
9,FC3,215,0.112,S2M
9,FC3,216,-0.376,S2M
9,FC3,217,-0.865,S2M
9,FC3,218,-0.865,S2M
9,FC3,219,-1.841,S2M
9,FC3,220,-1.841,S2M
9,FC3,221,-1.841,S2M
9,FC3,222,-0.865,S2M
9,FC3,223,0.112,S2M
9,FC3,224,1.088,S2M
9,FC3,225,1.577,S2M
9,FC3,226,2.553,S2M
9,FC3,227,3.042,S2M
9,FC3,228,2.065,S2M
9,FC3,229,1.088,S2M
9,FC3,230,-0.376,S2M
9,FC3,231,-0.865,S2M
9,FC3,232,-0.376,S2M
9,FC3,233,0.600,S2M
9,FC3,234,1.577,S2M
9,FC3,235,1.577,S2M
9,FC3,236,0.600,S2M
9,FC3,237,-0.865,S2M
9,FC3,238,-0.865,S2M
9,FC3,239,-0.376,S2M
9,FC3,240,1.088,S2M
9,FC3,241,2.065,S2M
9,FC3,242,2.553,S2M
9,FC3,243,2.553,S2M
9,FC3,244,2.065,S2M
9,FC3,245,1.577,S2M
9,FC3,246,1.577,S2M
9,FC3,247,2.065,S2M
9,FC3,248,2.553,S2M
9,FC3,249,2.065,S2M
9,FC3,250,1.577,S2M
9,FC3,251,1.088,S2M
9,FC3,252,0.600,S2M
9,FC3,253,0.600,S2M
9,FC3,254,1.577,S2M
9,FC3,255,2.065,S2M
9,C6,0,0.936,S2M
9,C6,1,1.912,S2M
9,C6,2,2.889,S2M
9,C6,3,4.354,S2M
9,C6,4,6.307,S2M
9,C6,5,7.284,S2M
9,C6,6,5.819,S2M
9,C6,7,3.377,S2M
9,C6,8,1.424,S2M
9,C6,9,0.936,S2M
9,C6,10,1.912,S2M
9,C6,11,3.866,S2M
9,C6,12,5.819,S2M
9,C6,13,6.795,S2M
9,C6,14,6.795,S2M
9,C6,15,6.307,S2M
9,C6,16,5.330,S2M
9,C6,17,2.889,S2M
9,C6,18,0.448,S2M
9,C6,19,-1.506,S2M
9,C6,20,-2.482,S2M
9,C6,21,-2.482,S2M
9,C6,22,-1.017,S2M
9,C6,23,0.936,S2M
9,C6,24,2.401,S2M
9,C6,25,2.889,S2M
9,C6,26,2.889,S2M
9,C6,27,2.401,S2M
9,C6,28,2.889,S2M
9,C6,29,3.866,S2M
9,C6,30,4.842,S2M
9,C6,31,4.842,S2M
9,C6,32,4.354,S2M
9,C6,33,2.889,S2M
9,C6,34,2.401,S2M
9,C6,35,1.424,S2M
9,C6,36,0.936,S2M
9,C6,37,-0.041,S2M
9,C6,38,-1.017,S2M
9,C6,39,-1.017,S2M
9,C6,40,-0.529,S2M
9,C6,41,-0.529,S2M
9,C6,42,-1.017,S2M
9,C6,43,-1.994,S2M
9,C6,44,-2.482,S2M
9,C6,45,-1.994,S2M
9,C6,46,-1.017,S2M
9,C6,47,-0.041,S2M
9,C6,48,0.448,S2M
9,C6,49,0.448,S2M
9,C6,50,0.448,S2M
9,C6,51,1.424,S2M
9,C6,52,2.401,S2M
9,C6,53,2.401,S2M
9,C6,54,1.912,S2M
9,C6,55,-0.041,S2M
9,C6,56,-1.017,S2M
9,C6,57,-1.994,S2M
9,C6,58,-2.970,S2M
9,C6,59,-3.947,S2M
9,C6,60,-4.924,S2M
9,C6,61,-5.900,S2M
9,C6,62,-6.388,S2M
9,C6,63,-6.388,S2M
9,C6,64,-6.877,S2M
9,C6,65,-6.877,S2M
9,C6,66,-6.877,S2M
9,C6,67,-7.365,S2M
9,C6,68,-6.877,S2M
9,C6,69,-6.877,S2M
9,C6,70,-6.877,S2M
9,C6,71,-7.365,S2M
9,C6,72,-7.853,S2M
9,C6,73,-8.341,S2M
9,C6,74,-8.830,S2M
9,C6,75,-8.830,S2M
9,C6,76,-7.853,S2M
9,C6,77,-5.900,S2M
9,C6,78,-3.947,S2M
9,C6,79,-2.482,S2M
9,C6,80,-1.506,S2M
9,C6,81,-2.482,S2M
9,C6,82,-2.970,S2M
9,C6,83,-3.459,S2M
9,C6,84,-3.947,S2M
9,C6,85,-3.459,S2M
9,C6,86,-3.459,S2M
9,C6,87,-3.459,S2M
9,C6,88,-3.459,S2M
9,C6,89,-3.459,S2M
9,C6,90,-2.970,S2M
9,C6,91,-2.970,S2M
9,C6,92,-1.994,S2M
9,C6,93,-1.506,S2M
9,C6,94,-1.017,S2M
9,C6,95,-1.994,S2M
9,C6,96,-2.970,S2M
9,C6,97,-3.947,S2M
9,C6,98,-3.459,S2M
9,C6,99,-2.482,S2M
9,C6,100,-1.017,S2M
9,C6,101,0.936,S2M
9,C6,102,1.424,S2M
9,C6,103,1.424,S2M
9,C6,104,0.448,S2M
9,C6,105,-1.017,S2M
9,C6,106,-1.994,S2M
9,C6,107,-2.482,S2M
9,C6,108,-1.017,S2M
9,C6,109,-0.041,S2M
9,C6,110,1.424,S2M
9,C6,111,1.424,S2M
9,C6,112,1.912,S2M
9,C6,113,1.912,S2M
9,C6,114,2.401,S2M
9,C6,115,1.912,S2M
9,C6,116,1.912,S2M
9,C6,117,1.424,S2M
9,C6,118,0.936,S2M
9,C6,119,0.448,S2M
9,C6,120,-0.041,S2M
9,C6,121,-0.529,S2M
9,C6,122,-1.017,S2M
9,C6,123,-1.017,S2M
9,C6,124,-0.529,S2M
9,C6,125,-0.529,S2M
9,C6,126,-0.041,S2M
9,C6,127,-0.041,S2M
9,C6,128,-0.041,S2M
9,C6,129,0.936,S2M
9,C6,130,1.912,S2M
9,C6,131,2.889,S2M
9,C6,132,3.866,S2M
9,C6,133,3.377,S2M
9,C6,134,2.401,S2M
9,C6,135,1.424,S2M
9,C6,136,0.448,S2M
9,C6,137,-0.041,S2M
9,C6,138,-0.041,S2M
9,C6,139,0.448,S2M
9,C6,140,0.448,S2M
9,C6,141,0.936,S2M
9,C6,142,1.424,S2M
9,C6,143,1.424,S2M
9,C6,144,1.912,S2M
9,C6,145,2.401,S2M
9,C6,146,2.889,S2M
9,C6,147,3.866,S2M
9,C6,148,3.866,S2M
9,C6,149,3.377,S2M
9,C6,150,2.889,S2M
9,C6,151,3.377,S2M
9,C6,152,4.354,S2M
9,C6,153,5.330,S2M
9,C6,154,6.307,S2M
9,C6,155,6.307,S2M
9,C6,156,5.819,S2M
9,C6,157,5.330,S2M
9,C6,158,5.819,S2M
9,C6,159,6.307,S2M
9,C6,160,6.795,S2M
9,C6,161,6.795,S2M
9,C6,162,6.307,S2M
9,C6,163,5.819,S2M
9,C6,164,5.819,S2M
9,C6,165,6.307,S2M
9,C6,166,6.795,S2M
9,C6,167,7.284,S2M
9,C6,168,6.795,S2M
9,C6,169,6.795,S2M
9,C6,170,6.307,S2M
9,C6,171,6.307,S2M
9,C6,172,6.795,S2M
9,C6,173,6.795,S2M
9,C6,174,6.307,S2M
9,C6,175,5.330,S2M
9,C6,176,4.354,S2M
9,C6,177,3.866,S2M
9,C6,178,3.866,S2M
9,C6,179,5.330,S2M
9,C6,180,6.795,S2M
9,C6,181,7.772,S2M
9,C6,182,8.260,S2M
9,C6,183,7.772,S2M
9,C6,184,7.284,S2M
9,C6,185,7.284,S2M
9,C6,186,7.284,S2M
9,C6,187,6.795,S2M
9,C6,188,6.795,S2M
9,C6,189,7.284,S2M
9,C6,190,7.284,S2M
9,C6,191,8.260,S2M
9,C6,192,8.260,S2M
9,C6,193,7.772,S2M
9,C6,194,7.284,S2M
9,C6,195,6.307,S2M
9,C6,196,5.819,S2M
9,C6,197,5.330,S2M
9,C6,198,4.842,S2M
9,C6,199,4.354,S2M
9,C6,200,4.354,S2M
9,C6,201,4.842,S2M
9,C6,202,5.819,S2M
9,C6,203,6.307,S2M
9,C6,204,7.284,S2M
9,C6,205,6.795,S2M
9,C6,206,6.795,S2M
9,C6,207,6.307,S2M
9,C6,208,4.842,S2M
9,C6,209,3.866,S2M
9,C6,210,2.401,S2M
9,C6,211,3.377,S2M
9,C6,212,4.842,S2M
9,C6,213,7.284,S2M
9,C6,214,7.772,S2M
9,C6,215,6.307,S2M
9,C6,216,4.354,S2M
9,C6,217,2.889,S2M
9,C6,218,2.889,S2M
9,C6,219,4.354,S2M
9,C6,220,5.330,S2M
9,C6,221,5.819,S2M
9,C6,222,5.330,S2M
9,C6,223,5.330,S2M
9,C6,224,5.819,S2M
9,C6,225,5.819,S2M
9,C6,226,5.819,S2M
9,C6,227,6.307,S2M
9,C6,228,6.307,S2M
9,C6,229,7.284,S2M
9,C6,230,7.772,S2M
9,C6,231,7.284,S2M
9,C6,232,6.795,S2M
9,C6,233,6.795,S2M
9,C6,234,7.284,S2M
9,C6,235,7.772,S2M
9,C6,236,8.748,S2M
9,C6,237,8.260,S2M
9,C6,238,7.284,S2M
9,C6,239,6.795,S2M
9,C6,240,7.284,S2M
9,C6,241,8.260,S2M
9,C6,242,9.237,S2M
9,C6,243,9.237,S2M
9,C6,244,7.772,S2M
9,C6,245,5.819,S2M
9,C6,246,3.866,S2M
9,C6,247,1.912,S2M
9,C6,248,0.448,S2M
9,C6,249,0.448,S2M
9,C6,250,2.401,S2M
9,C6,251,4.354,S2M
9,C6,252,6.795,S2M
9,C6,253,7.284,S2M
9,C6,254,6.307,S2M
9,C6,255,4.842,S2M
9,C5,0,2.645,S2M
9,C5,1,2.645,S2M
9,C5,2,1.668,S2M
9,C5,3,-0.285,S2M
9,C5,4,-1.750,S2M
9,C5,5,-2.238,S2M
9,C5,6,-1.261,S2M
9,C5,7,1.180,S2M
9,C5,8,2.645,S2M
9,C5,9,4.110,S2M
9,C5,10,4.598,S2M
9,C5,11,5.086,S2M
9,C5,12,6.063,S2M
9,C5,13,6.551,S2M
9,C5,14,6.551,S2M
9,C5,15,5.086,S2M
9,C5,16,3.133,S2M
9,C5,17,0.203,S2M
9,C5,18,-1.750,S2M
9,C5,19,-2.238,S2M
9,C5,20,-1.750,S2M
9,C5,21,-0.285,S2M
9,C5,22,0.203,S2M
9,C5,23,0.203,S2M
9,C5,24,-1.261,S2M
9,C5,25,-2.726,S2M
9,C5,26,-3.215,S2M
9,C5,27,-2.238,S2M
9,C5,28,0.203,S2M
9,C5,29,1.668,S2M
9,C5,30,2.645,S2M
9,C5,31,2.645,S2M
9,C5,32,2.645,S2M
9,C5,33,3.133,S2M
9,C5,34,4.110,S2M
9,C5,35,4.110,S2M
9,C5,36,4.110,S2M
9,C5,37,3.133,S2M
9,C5,38,3.133,S2M
9,C5,39,3.133,S2M
9,C5,40,3.133,S2M
9,C5,41,2.645,S2M
9,C5,42,1.180,S2M
9,C5,43,-0.285,S2M
9,C5,44,-0.285,S2M
9,C5,45,-0.285,S2M
9,C5,46,0.692,S2M
9,C5,47,1.668,S2M
9,C5,48,2.645,S2M
9,C5,49,2.645,S2M
9,C5,50,2.645,S2M
9,C5,51,1.668,S2M
9,C5,52,1.180,S2M
9,C5,53,1.668,S2M
9,C5,54,3.621,S2M
9,C5,55,4.598,S2M
9,C5,56,5.575,S2M
9,C5,57,5.086,S2M
9,C5,58,4.110,S2M
9,C5,59,3.621,S2M
9,C5,60,3.621,S2M
9,C5,61,3.133,S2M
9,C5,62,1.668,S2M
9,C5,63,0.692,S2M
9,C5,64,0.203,S2M
9,C5,65,1.180,S2M
9,C5,66,2.645,S2M
9,C5,67,3.133,S2M
9,C5,68,2.645,S2M
9,C5,69,1.668,S2M
9,C5,70,1.668,S2M
9,C5,71,2.157,S2M
9,C5,72,3.621,S2M
9,C5,73,3.621,S2M
9,C5,74,2.645,S2M
9,C5,75,2.157,S2M
9,C5,76,2.645,S2M
9,C5,77,3.621,S2M
9,C5,78,4.598,S2M
9,C5,79,5.086,S2M
9,C5,80,5.575,S2M
9,C5,81,5.575,S2M
9,C5,82,5.575,S2M
9,C5,83,5.086,S2M
9,C5,84,4.110,S2M
9,C5,85,2.645,S2M
9,C5,86,2.157,S2M
9,C5,87,2.157,S2M
9,C5,88,2.157,S2M
9,C5,89,2.157,S2M
9,C5,90,2.645,S2M
9,C5,91,2.645,S2M
9,C5,92,2.645,S2M
9,C5,93,1.668,S2M
9,C5,94,-0.285,S2M
9,C5,95,-1.750,S2M
9,C5,96,-1.750,S2M
9,C5,97,-1.261,S2M
9,C5,98,-0.773,S2M
9,C5,99,-0.285,S2M
9,C5,100,-0.773,S2M
9,C5,101,-0.773,S2M
9,C5,102,0.203,S2M
9,C5,103,1.668,S2M
9,C5,104,3.133,S2M
9,C5,105,3.621,S2M
9,C5,106,2.157,S2M
9,C5,107,-0.285,S2M
9,C5,108,-1.750,S2M
9,C5,109,-1.750,S2M
9,C5,110,-0.773,S2M
9,C5,111,1.180,S2M
9,C5,112,2.157,S2M
9,C5,113,2.645,S2M
9,C5,114,3.133,S2M
9,C5,115,4.110,S2M
9,C5,116,3.621,S2M
9,C5,117,3.133,S2M
9,C5,118,2.157,S2M
9,C5,119,1.668,S2M
9,C5,120,2.157,S2M
9,C5,121,2.645,S2M
9,C5,122,3.133,S2M
9,C5,123,3.133,S2M
9,C5,124,3.133,S2M
9,C5,125,3.133,S2M
9,C5,126,3.133,S2M
9,C5,127,3.133,S2M
9,C5,128,3.133,S2M
9,C5,129,3.133,S2M
9,C5,130,3.133,S2M
9,C5,131,3.133,S2M
9,C5,132,2.645,S2M
9,C5,133,2.645,S2M
9,C5,134,2.645,S2M
9,C5,135,4.110,S2M
9,C5,136,5.086,S2M
9,C5,137,5.086,S2M
9,C5,138,5.086,S2M
9,C5,139,4.110,S2M
9,C5,140,4.598,S2M
9,C5,141,5.086,S2M
9,C5,142,6.063,S2M
9,C5,143,6.551,S2M
9,C5,144,6.551,S2M
9,C5,145,6.551,S2M
9,C5,146,6.551,S2M
9,C5,147,6.063,S2M
9,C5,148,4.598,S2M
9,C5,149,3.133,S2M
9,C5,150,2.645,S2M
9,C5,151,3.621,S2M
9,C5,152,5.575,S2M
9,C5,153,7.528,S2M
9,C5,154,8.504,S2M
9,C5,155,8.504,S2M
9,C5,156,8.504,S2M
9,C5,157,8.016,S2M
9,C5,158,7.528,S2M
9,C5,159,7.039,S2M
9,C5,160,7.039,S2M
9,C5,161,7.528,S2M
9,C5,162,8.993,S2M
9,C5,163,9.481,S2M
9,C5,164,9.969,S2M
9,C5,165,9.481,S2M
9,C5,166,9.969,S2M
9,C5,167,9.969,S2M
9,C5,168,10.457,S2M
9,C5,169,10.457,S2M
9,C5,170,8.993,S2M
9,C5,171,7.528,S2M
9,C5,172,6.063,S2M
9,C5,173,4.598,S2M
9,C5,174,4.110,S2M
9,C5,175,4.110,S2M
9,C5,176,4.598,S2M
9,C5,177,5.575,S2M
9,C5,178,5.575,S2M
9,C5,179,4.598,S2M
9,C5,180,3.133,S2M
9,C5,181,2.645,S2M
9,C5,182,3.621,S2M
9,C5,183,5.086,S2M
9,C5,184,6.063,S2M
9,C5,185,5.575,S2M
9,C5,186,4.110,S2M
9,C5,187,3.133,S2M
9,C5,188,2.645,S2M
9,C5,189,3.133,S2M
9,C5,190,3.133,S2M
9,C5,191,3.621,S2M
9,C5,192,4.598,S2M
9,C5,193,6.551,S2M
9,C5,194,7.528,S2M
9,C5,195,7.039,S2M
9,C5,196,5.086,S2M
9,C5,197,2.645,S2M
9,C5,198,1.668,S2M
9,C5,199,2.157,S2M
9,C5,200,4.110,S2M
9,C5,201,5.086,S2M
9,C5,202,5.575,S2M
9,C5,203,5.575,S2M
9,C5,204,5.086,S2M
9,C5,205,5.575,S2M
9,C5,206,6.063,S2M
9,C5,207,5.575,S2M
9,C5,208,5.575,S2M
9,C5,209,5.575,S2M
9,C5,210,5.575,S2M
9,C5,211,5.575,S2M
9,C5,212,5.086,S2M
9,C5,213,4.110,S2M
9,C5,214,3.621,S2M
9,C5,215,4.110,S2M
9,C5,216,4.598,S2M
9,C5,217,4.598,S2M
9,C5,218,4.110,S2M
9,C5,219,3.133,S2M
9,C5,220,2.645,S2M
9,C5,221,3.133,S2M
9,C5,222,3.621,S2M
9,C5,223,3.621,S2M
9,C5,224,4.110,S2M
9,C5,225,4.598,S2M
9,C5,226,5.086,S2M
9,C5,227,5.575,S2M
9,C5,228,5.575,S2M
9,C5,229,4.598,S2M
9,C5,230,4.110,S2M
9,C5,231,3.621,S2M
9,C5,232,4.110,S2M
9,C5,233,4.598,S2M
9,C5,234,5.086,S2M
9,C5,235,4.598,S2M
9,C5,236,3.133,S2M
9,C5,237,1.668,S2M
9,C5,238,1.668,S2M
9,C5,239,3.133,S2M
9,C5,240,5.086,S2M
9,C5,241,6.063,S2M
9,C5,242,6.551,S2M
9,C5,243,5.575,S2M
9,C5,244,5.086,S2M
9,C5,245,5.086,S2M
9,C5,246,6.063,S2M
9,C5,247,8.016,S2M
9,C5,248,8.993,S2M
9,C5,249,8.993,S2M
9,C5,250,8.993,S2M
9,C5,251,7.528,S2M
9,C5,252,7.039,S2M
9,C5,253,6.551,S2M
9,C5,254,6.551,S2M
9,C5,255,7.528,S2M
9,F2,0,-4.425,S2M
9,F2,1,-4.913,S2M
9,F2,2,-4.425,S2M
9,F2,3,-2.472,S2M
9,F2,4,-0.519,S2M
9,F2,5,0.946,S2M
9,F2,6,0.458,S2M
9,F2,7,-1.495,S2M
9,F2,8,-2.472,S2M
9,F2,9,-2.472,S2M
9,F2,10,-1.495,S2M
9,F2,11,-0.519,S2M
9,F2,12,-0.031,S2M
9,F2,13,-0.031,S2M
9,F2,14,1.434,S2M
9,F2,15,2.899,S2M
9,F2,16,3.876,S2M
9,F2,17,2.899,S2M
9,F2,18,1.434,S2M
9,F2,19,-0.519,S2M
9,F2,20,-1.495,S2M
9,F2,21,-1.495,S2M
9,F2,22,-1.495,S2M
9,F2,23,-1.495,S2M
9,F2,24,-1.984,S2M
9,F2,25,-2.960,S2M
9,F2,26,-3.937,S2M
9,F2,27,-3.448,S2M
9,F2,28,-3.937,S2M
9,F2,29,-4.425,S2M
9,F2,30,-5.402,S2M
9,F2,31,-6.378,S2M
9,F2,32,-5.890,S2M
9,F2,33,-4.913,S2M
9,F2,34,-2.960,S2M
9,F2,35,-1.984,S2M
9,F2,36,-1.984,S2M
9,F2,37,-2.960,S2M
9,F2,38,-3.448,S2M
9,F2,39,-2.960,S2M
9,F2,40,-1.495,S2M
9,F2,41,-0.031,S2M
9,F2,42,0.946,S2M
9,F2,43,0.946,S2M
9,F2,44,0.946,S2M
9,F2,45,1.434,S2M
9,F2,46,1.923,S2M
9,F2,47,1.923,S2M
9,F2,48,1.434,S2M
9,F2,49,1.923,S2M
9,F2,50,2.899,S2M
9,F2,51,4.364,S2M
9,F2,52,4.364,S2M
9,F2,53,3.387,S2M
9,F2,54,1.923,S2M
9,F2,55,1.923,S2M
9,F2,56,1.923,S2M
9,F2,57,2.411,S2M
9,F2,58,2.411,S2M
9,F2,59,1.434,S2M
9,F2,60,0.946,S2M
9,F2,61,0.458,S2M
9,F2,62,-0.031,S2M
9,F2,63,-0.519,S2M
9,F2,64,-1.495,S2M
9,F2,65,-1.007,S2M
9,F2,66,-0.519,S2M
9,F2,67,-0.519,S2M
9,F2,68,-1.007,S2M
9,F2,69,-1.984,S2M
9,F2,70,-1.984,S2M
9,F2,71,-1.007,S2M
9,F2,72,0.458,S2M
9,F2,73,0.946,S2M
9,F2,74,0.458,S2M
9,F2,75,-1.007,S2M
9,F2,76,-1.984,S2M
9,F2,77,-1.984,S2M
9,F2,78,-1.007,S2M
9,F2,79,-0.031,S2M
9,F2,80,0.458,S2M
9,F2,81,1.434,S2M
9,F2,82,1.434,S2M
9,F2,83,1.434,S2M
9,F2,84,0.946,S2M
9,F2,85,-0.031,S2M
9,F2,86,-0.519,S2M
9,F2,87,-0.031,S2M
9,F2,88,0.458,S2M
9,F2,89,0.946,S2M
9,F2,90,0.458,S2M
9,F2,91,-0.519,S2M
9,F2,92,-1.007,S2M
9,F2,93,-0.031,S2M
9,F2,94,1.434,S2M
9,F2,95,2.411,S2M
9,F2,96,2.411,S2M
9,F2,97,0.946,S2M
9,F2,98,-0.519,S2M
9,F2,99,-1.984,S2M
9,F2,100,-2.472,S2M
9,F2,101,-1.984,S2M
9,F2,102,-1.007,S2M
9,F2,103,-0.519,S2M
9,F2,104,-0.519,S2M
9,F2,105,-0.519,S2M
9,F2,106,-1.007,S2M
9,F2,107,-1.495,S2M
9,F2,108,-1.984,S2M
9,F2,109,-2.472,S2M
9,F2,110,-2.472,S2M
9,F2,111,-1.984,S2M
9,F2,112,-1.007,S2M
9,F2,113,-1.007,S2M
9,F2,114,-1.007,S2M
9,F2,115,-1.495,S2M
9,F2,116,-1.984,S2M
9,F2,117,-1.984,S2M
9,F2,118,-1.984,S2M
9,F2,119,-1.984,S2M
9,F2,120,-2.472,S2M
9,F2,121,-2.960,S2M
9,F2,122,-2.960,S2M
9,F2,123,-2.960,S2M
9,F2,124,-1.984,S2M
9,F2,125,-1.495,S2M
9,F2,126,-1.495,S2M
9,F2,127,-1.495,S2M
9,F2,128,-1.495,S2M
9,F2,129,-1.495,S2M
9,F2,130,-1.007,S2M
9,F2,131,-0.519,S2M
9,F2,132,-0.519,S2M
9,F2,133,-0.519,S2M
9,F2,134,0.458,S2M
9,F2,135,0.946,S2M
9,F2,136,0.946,S2M
9,F2,137,0.458,S2M
9,F2,138,-1.007,S2M
9,F2,139,-1.984,S2M
9,F2,140,-1.984,S2M
9,F2,141,-1.007,S2M
9,F2,142,0.458,S2M
9,F2,143,0.946,S2M
9,F2,144,0.458,S2M
9,F2,145,0.458,S2M
9,F2,146,0.458,S2M
9,F2,147,1.434,S2M
9,F2,148,1.923,S2M
9,F2,149,1.923,S2M
9,F2,150,0.946,S2M
9,F2,151,0.946,S2M
9,F2,152,1.434,S2M
9,F2,153,2.411,S2M
9,F2,154,3.876,S2M
9,F2,155,3.876,S2M
9,F2,156,3.876,S2M
9,F2,157,2.899,S2M
9,F2,158,2.411,S2M
9,F2,159,1.923,S2M
9,F2,160,1.923,S2M
9,F2,161,2.411,S2M
9,F2,162,2.899,S2M
9,F2,163,2.899,S2M
9,F2,164,1.923,S2M
9,F2,165,0.946,S2M
9,F2,166,0.458,S2M
9,F2,167,0.458,S2M
9,F2,168,0.458,S2M
9,F2,169,-0.031,S2M
9,F2,170,-1.007,S2M
9,F2,171,-1.984,S2M
9,F2,172,-2.960,S2M
9,F2,173,-2.960,S2M
9,F2,174,-2.960,S2M
9,F2,175,-3.448,S2M
9,F2,176,-2.960,S2M
9,F2,177,-2.960,S2M
9,F2,178,-1.984,S2M
9,F2,179,-1.007,S2M
9,F2,180,0.458,S2M
9,F2,181,1.434,S2M
9,F2,182,1.923,S2M
9,F2,183,1.923,S2M
9,F2,184,1.434,S2M
9,F2,185,1.434,S2M
9,F2,186,1.434,S2M
9,F2,187,1.923,S2M
9,F2,188,1.923,S2M
9,F2,189,2.411,S2M
9,F2,190,2.411,S2M
9,F2,191,2.899,S2M
9,F2,192,3.387,S2M
9,F2,193,3.387,S2M
9,F2,194,3.387,S2M
9,F2,195,2.899,S2M
9,F2,196,1.434,S2M
9,F2,197,-0.031,S2M
9,F2,198,-0.519,S2M
9,F2,199,-0.031,S2M
9,F2,200,0.458,S2M
9,F2,201,1.434,S2M
9,F2,202,1.434,S2M
9,F2,203,1.434,S2M
9,F2,204,1.434,S2M
9,F2,205,0.946,S2M
9,F2,206,0.458,S2M
9,F2,207,-0.519,S2M
9,F2,208,-1.495,S2M
9,F2,209,-2.472,S2M
9,F2,210,-1.984,S2M
9,F2,211,-1.007,S2M
9,F2,212,-0.519,S2M
9,F2,213,-0.519,S2M
9,F2,214,-1.007,S2M
9,F2,215,-1.495,S2M
9,F2,216,-1.984,S2M
9,F2,217,-2.472,S2M
9,F2,218,-3.937,S2M
9,F2,219,-5.402,S2M
9,F2,220,-5.890,S2M
9,F2,221,-5.402,S2M
9,F2,222,-3.448,S2M
9,F2,223,-1.495,S2M
9,F2,224,-0.519,S2M
9,F2,225,-0.031,S2M
9,F2,226,-0.031,S2M
9,F2,227,0.458,S2M
9,F2,228,0.946,S2M
9,F2,229,0.458,S2M
9,F2,230,-0.519,S2M
9,F2,231,-1.007,S2M
9,F2,232,-0.519,S2M
9,F2,233,0.946,S2M
9,F2,234,1.923,S2M
9,F2,235,1.923,S2M
9,F2,236,0.946,S2M
9,F2,237,-0.031,S2M
9,F2,238,-0.031,S2M
9,F2,239,0.946,S2M
9,F2,240,2.411,S2M
9,F2,241,3.387,S2M
9,F2,242,2.899,S2M
9,F2,243,1.923,S2M
9,F2,244,0.946,S2M
9,F2,245,-0.031,S2M
9,F2,246,-1.495,S2M
9,F2,247,-2.472,S2M
9,F2,248,-3.448,S2M
9,F2,249,-3.937,S2M
9,F2,250,-3.937,S2M
9,F2,251,-3.448,S2M
9,F2,252,-3.448,S2M
9,F2,253,-2.960,S2M
9,F2,254,-2.472,S2M
9,F2,255,-1.495,S2M
9,F1,0,-5.147,S2M
9,F1,1,-4.659,S2M
9,F1,2,-4.171,S2M
9,F1,3,-3.194,S2M
9,F1,4,-2.706,S2M
9,F1,5,-2.218,S2M
9,F1,6,-1.729,S2M
9,F1,7,-1.729,S2M
9,F1,8,-1.729,S2M
9,F1,9,-2.218,S2M
9,F1,10,-2.218,S2M
9,F1,11,-2.218,S2M
9,F1,12,-1.729,S2M
9,F1,13,-0.753,S2M
9,F1,14,-0.264,S2M
9,F1,15,0.224,S2M
9,F1,16,1.200,S2M
9,F1,17,1.200,S2M
9,F1,18,0.712,S2M
9,F1,19,-0.264,S2M
9,F1,20,-1.241,S2M
9,F1,21,-2.218,S2M
9,F1,22,-2.218,S2M
9,F1,23,-2.706,S2M
9,F1,24,-3.682,S2M
9,F1,25,-5.147,S2M
9,F1,26,-6.124,S2M
9,F1,27,-6.612,S2M
9,F1,28,-6.124,S2M
9,F1,29,-6.124,S2M
9,F1,30,-5.636,S2M
9,F1,31,-6.124,S2M
9,F1,32,-6.612,S2M
9,F1,33,-6.612,S2M
9,F1,34,-6.124,S2M
9,F1,35,-4.171,S2M
9,F1,36,-2.706,S2M
9,F1,37,-2.218,S2M
9,F1,38,-2.218,S2M
9,F1,39,-2.706,S2M
9,F1,40,-2.706,S2M
9,F1,41,-1.241,S2M
9,F1,42,-0.753,S2M
9,F1,43,0.224,S2M
9,F1,44,0.224,S2M
9,F1,45,0.224,S2M
9,F1,46,0.712,S2M
9,F1,47,1.200,S2M
9,F1,48,1.689,S2M
9,F1,49,1.689,S2M
9,F1,50,2.177,S2M
9,F1,51,2.665,S2M
9,F1,52,2.665,S2M
9,F1,53,2.177,S2M
9,F1,54,2.177,S2M
9,F1,55,1.689,S2M
9,F1,56,1.200,S2M
9,F1,57,1.200,S2M
9,F1,58,1.200,S2M
9,F1,59,1.200,S2M
9,F1,60,1.200,S2M
9,F1,61,0.712,S2M
9,F1,62,-0.753,S2M
9,F1,63,-1.241,S2M
9,F1,64,-2.218,S2M
9,F1,65,-2.706,S2M
9,F1,66,-2.218,S2M
9,F1,67,-2.706,S2M
9,F1,68,-2.706,S2M
9,F1,69,-2.706,S2M
9,F1,70,-2.706,S2M
9,F1,71,-1.729,S2M
9,F1,72,0.224,S2M
9,F1,73,1.689,S2M
9,F1,74,2.177,S2M
9,F1,75,1.689,S2M
9,F1,76,0.224,S2M
9,F1,77,-1.241,S2M
9,F1,78,-1.729,S2M
9,F1,79,-0.753,S2M
9,F1,80,0.712,S2M
9,F1,81,1.689,S2M
9,F1,82,2.177,S2M
9,F1,83,2.177,S2M
9,F1,84,1.200,S2M
9,F1,85,0.712,S2M
9,F1,86,-0.264,S2M
9,F1,87,-0.753,S2M
9,F1,88,-0.753,S2M
9,F1,89,-0.753,S2M
9,F1,90,-0.264,S2M
9,F1,91,-0.264,S2M
9,F1,92,-0.753,S2M
9,F1,93,-0.753,S2M
9,F1,94,-0.753,S2M
9,F1,95,0.224,S2M
9,F1,96,0.712,S2M
9,F1,97,1.200,S2M
9,F1,98,1.200,S2M
9,F1,99,-0.264,S2M
9,F1,100,-1.729,S2M
9,F1,101,-2.706,S2M
9,F1,102,-2.218,S2M
9,F1,103,-1.241,S2M
9,F1,104,-0.753,S2M
9,F1,105,0.224,S2M
9,F1,106,-0.264,S2M
9,F1,107,-1.241,S2M
9,F1,108,-2.218,S2M
9,F1,109,-3.194,S2M
9,F1,110,-3.194,S2M
9,F1,111,-2.706,S2M
9,F1,112,-1.729,S2M
9,F1,113,-0.753,S2M
9,F1,114,-0.264,S2M
9,F1,115,-0.264,S2M
9,F1,116,-0.753,S2M
9,F1,117,-1.729,S2M
9,F1,118,-2.706,S2M
9,F1,119,-3.194,S2M
9,F1,120,-2.706,S2M
9,F1,121,-2.706,S2M
9,F1,122,-2.706,S2M
9,F1,123,-2.706,S2M
9,F1,124,-2.706,S2M
9,F1,125,-2.706,S2M
9,F1,126,-2.218,S2M
9,F1,127,-1.729,S2M
9,F1,128,-1.729,S2M
9,F1,129,-2.218,S2M
9,F1,130,-2.706,S2M
9,F1,131,-2.218,S2M
9,F1,132,-1.729,S2M
9,F1,133,-1.241,S2M
9,F1,134,-0.264,S2M
9,F1,135,0.224,S2M
9,F1,136,0.712,S2M
9,F1,137,0.712,S2M
9,F1,138,0.224,S2M
9,F1,139,-0.753,S2M
9,F1,140,-1.241,S2M
9,F1,141,-0.753,S2M
9,F1,142,0.224,S2M
9,F1,143,1.689,S2M
9,F1,144,2.177,S2M
9,F1,145,2.665,S2M
9,F1,146,1.689,S2M
9,F1,147,1.689,S2M
9,F1,148,1.200,S2M
9,F1,149,1.689,S2M
9,F1,150,1.689,S2M
9,F1,151,1.689,S2M
9,F1,152,1.200,S2M
9,F1,153,1.200,S2M
9,F1,154,2.665,S2M
9,F1,155,3.642,S2M
9,F1,156,5.107,S2M
9,F1,157,5.107,S2M
9,F1,158,4.130,S2M
9,F1,159,2.665,S2M
9,F1,160,1.200,S2M
9,F1,161,1.200,S2M
9,F1,162,1.689,S2M
9,F1,163,2.177,S2M
9,F1,164,2.665,S2M
9,F1,165,2.665,S2M
9,F1,166,2.177,S2M
9,F1,167,1.689,S2M
9,F1,168,1.689,S2M
9,F1,169,1.200,S2M
9,F1,170,0.712,S2M
9,F1,171,-0.753,S2M
9,F1,172,-2.218,S2M
9,F1,173,-3.194,S2M
9,F1,174,-2.706,S2M
9,F1,175,-2.218,S2M
9,F1,176,-1.241,S2M
9,F1,177,-0.753,S2M
9,F1,178,-0.753,S2M
9,F1,179,-0.753,S2M
9,F1,180,-0.753,S2M
9,F1,181,0.224,S2M
9,F1,182,0.712,S2M
9,F1,183,1.689,S2M
9,F1,184,2.177,S2M
9,F1,185,2.665,S2M
9,F1,186,2.665,S2M
9,F1,187,2.665,S2M
9,F1,188,2.665,S2M
9,F1,189,2.177,S2M
9,F1,190,1.200,S2M
9,F1,191,1.200,S2M
9,F1,192,1.200,S2M
9,F1,193,2.177,S2M
9,F1,194,2.665,S2M
9,F1,195,2.665,S2M
9,F1,196,2.177,S2M
9,F1,197,0.712,S2M
9,F1,198,-0.264,S2M
9,F1,199,-0.753,S2M
9,F1,200,-0.264,S2M
9,F1,201,1.200,S2M
9,F1,202,2.177,S2M
9,F1,203,2.665,S2M
9,F1,204,2.665,S2M
9,F1,205,2.177,S2M
9,F1,206,1.689,S2M
9,F1,207,0.712,S2M
9,F1,208,-0.264,S2M
9,F1,209,-1.241,S2M
9,F1,210,-1.241,S2M
9,F1,211,-1.241,S2M
9,F1,212,-0.753,S2M
9,F1,213,-0.264,S2M
9,F1,214,-0.264,S2M
9,F1,215,-1.241,S2M
9,F1,216,-2.218,S2M
9,F1,217,-4.171,S2M
9,F1,218,-4.659,S2M
9,F1,219,-5.147,S2M
9,F1,220,-5.636,S2M
9,F1,221,-5.147,S2M
9,F1,222,-4.659,S2M
9,F1,223,-3.194,S2M
9,F1,224,-1.729,S2M
9,F1,225,-0.264,S2M
9,F1,226,0.712,S2M
9,F1,227,0.712,S2M
9,F1,228,0.224,S2M
9,F1,229,-0.753,S2M
9,F1,230,-1.729,S2M
9,F1,231,-2.218,S2M
9,F1,232,-2.706,S2M
9,F1,233,-1.729,S2M
9,F1,234,-0.753,S2M
9,F1,235,0.224,S2M
9,F1,236,0.224,S2M
9,F1,237,-0.264,S2M
9,F1,238,-1.241,S2M
9,F1,239,-2.218,S2M
9,F1,240,-1.729,S2M
9,F1,241,-0.753,S2M
9,F1,242,0.712,S2M
9,F1,243,1.200,S2M
9,F1,244,0.712,S2M
9,F1,245,-0.264,S2M
9,F1,246,-0.753,S2M
9,F1,247,-1.241,S2M
9,F1,248,-1.241,S2M
9,F1,249,-1.241,S2M
9,F1,250,-1.729,S2M
9,F1,251,-2.218,S2M
9,F1,252,-2.706,S2M
9,F1,253,-2.218,S2M
9,F1,254,-1.729,S2M
9,F1,255,-0.753,S2M
9,TP8,0,2.594,S2M
9,TP8,1,5.524,S2M
9,TP8,2,7.477,S2M
9,TP8,3,7.965,S2M
9,TP8,4,8.453,S2M
9,TP8,5,9.430,S2M
9,TP8,6,9.918,S2M
9,TP8,7,9.430,S2M
9,TP8,8,7.477,S2M
9,TP8,9,5.035,S2M
9,TP8,10,3.082,S2M
9,TP8,11,4.059,S2M
9,TP8,12,6.500,S2M
9,TP8,13,9.918,S2M
9,TP8,14,11.871,S2M
9,TP8,15,12.360,S2M
9,TP8,16,9.918,S2M
9,TP8,17,6.500,S2M
9,TP8,18,3.082,S2M
9,TP8,19,0.153,S2M
9,TP8,20,-1.801,S2M
9,TP8,21,-2.289,S2M
9,TP8,22,-1.312,S2M
9,TP8,23,1.129,S2M
9,TP8,24,3.571,S2M
9,TP8,25,5.524,S2M
9,TP8,26,6.012,S2M
9,TP8,27,6.012,S2M
9,TP8,28,6.012,S2M
9,TP8,29,6.989,S2M
9,TP8,30,8.942,S2M
9,TP8,31,10.406,S2M
9,TP8,32,10.406,S2M
9,TP8,33,8.942,S2M
9,TP8,34,6.989,S2M
9,TP8,35,5.035,S2M
9,TP8,36,4.059,S2M
9,TP8,37,4.059,S2M
9,TP8,38,3.571,S2M
9,TP8,39,2.594,S2M
9,TP8,40,1.129,S2M
9,TP8,41,0.153,S2M
9,TP8,42,-0.336,S2M
9,TP8,43,-1.801,S2M
9,TP8,44,-2.777,S2M
9,TP8,45,-4.242,S2M
9,TP8,46,-3.754,S2M
9,TP8,47,-2.777,S2M
9,TP8,48,-0.824,S2M
9,TP8,49,0.641,S2M
9,TP8,50,1.129,S2M
9,TP8,51,0.641,S2M
9,TP8,52,0.641,S2M
9,TP8,53,1.617,S2M
9,TP8,54,3.082,S2M
9,TP8,55,3.571,S2M
9,TP8,56,2.594,S2M
9,TP8,57,-0.336,S2M
9,TP8,58,-2.777,S2M
9,TP8,59,-4.242,S2M
9,TP8,60,-4.242,S2M
9,TP8,61,-3.754,S2M
9,TP8,62,-3.754,S2M
9,TP8,63,-4.730,S2M
9,TP8,64,-6.195,S2M
9,TP8,65,-6.683,S2M
9,TP8,66,-6.195,S2M
9,TP8,67,-4.730,S2M
9,TP8,68,-3.754,S2M
9,TP8,69,-4.242,S2M
9,TP8,70,-4.730,S2M
9,TP8,71,-5.707,S2M
9,TP8,72,-6.683,S2M
9,TP8,73,-7.660,S2M
9,TP8,74,-7.660,S2M
9,TP8,75,-7.172,S2M
9,TP8,76,-6.195,S2M
9,TP8,77,-4.242,S2M
9,TP8,78,-1.801,S2M
9,TP8,79,-0.336,S2M
9,TP8,80,0.153,S2M
9,TP8,81,-0.336,S2M
9,TP8,82,-1.312,S2M
9,TP8,83,-1.801,S2M
9,TP8,84,-2.777,S2M
9,TP8,85,-3.265,S2M
9,TP8,86,-3.265,S2M
9,TP8,87,-3.754,S2M
9,TP8,88,-3.265,S2M
9,TP8,89,-2.777,S2M
9,TP8,90,-2.289,S2M
9,TP8,91,-1.801,S2M
9,TP8,92,-1.801,S2M
9,TP8,93,-1.801,S2M
9,TP8,94,-1.801,S2M
9,TP8,95,-2.777,S2M
9,TP8,96,-3.754,S2M
9,TP8,97,-4.242,S2M
9,TP8,98,-4.730,S2M
9,TP8,99,-3.265,S2M
9,TP8,100,-0.824,S2M
9,TP8,101,1.129,S2M
9,TP8,102,3.082,S2M
9,TP8,103,3.082,S2M
9,TP8,104,1.617,S2M
9,TP8,105,-0.336,S2M
9,TP8,106,-1.312,S2M
9,TP8,107,-1.801,S2M
9,TP8,108,-0.824,S2M
9,TP8,109,0.641,S2M
9,TP8,110,2.106,S2M
9,TP8,111,3.082,S2M
9,TP8,112,3.571,S2M
9,TP8,113,4.059,S2M
9,TP8,114,4.059,S2M
9,TP8,115,4.059,S2M
9,TP8,116,4.059,S2M
9,TP8,117,3.571,S2M
9,TP8,118,2.594,S2M
9,TP8,119,1.617,S2M
9,TP8,120,0.153,S2M
9,TP8,121,-0.336,S2M
9,TP8,122,-1.312,S2M
9,TP8,123,-0.824,S2M
9,TP8,124,-0.336,S2M
9,TP8,125,0.641,S2M
9,TP8,126,1.617,S2M
9,TP8,127,2.106,S2M
9,TP8,128,2.106,S2M
9,TP8,129,1.617,S2M
9,TP8,130,2.106,S2M
9,TP8,131,3.082,S2M
9,TP8,132,4.547,S2M
9,TP8,133,5.524,S2M
9,TP8,134,5.524,S2M
9,TP8,135,4.059,S2M
9,TP8,136,2.106,S2M
9,TP8,137,0.153,S2M
9,TP8,138,-0.824,S2M
9,TP8,139,-0.336,S2M
9,TP8,140,1.129,S2M
9,TP8,141,2.106,S2M
9,TP8,142,2.594,S2M
9,TP8,143,2.106,S2M
9,TP8,144,1.617,S2M
9,TP8,145,2.106,S2M
9,TP8,146,3.082,S2M
9,TP8,147,4.547,S2M
9,TP8,148,5.035,S2M
9,TP8,149,4.547,S2M
9,TP8,150,3.571,S2M
9,TP8,151,2.594,S2M
9,TP8,152,3.571,S2M
9,TP8,153,5.524,S2M
9,TP8,154,7.965,S2M
9,TP8,155,9.430,S2M
9,TP8,156,9.430,S2M
9,TP8,157,8.453,S2M
9,TP8,158,7.477,S2M
9,TP8,159,7.965,S2M
9,TP8,160,8.942,S2M
9,TP8,161,10.406,S2M
9,TP8,162,10.895,S2M
9,TP8,163,10.895,S2M
9,TP8,164,10.406,S2M
9,TP8,165,10.406,S2M
9,TP8,166,10.895,S2M
9,TP8,167,11.383,S2M
9,TP8,168,11.383,S2M
9,TP8,169,10.406,S2M
9,TP8,170,8.942,S2M
9,TP8,171,7.965,S2M
9,TP8,172,7.965,S2M
9,TP8,173,8.453,S2M
9,TP8,174,8.453,S2M
9,TP8,175,7.965,S2M
9,TP8,176,6.989,S2M
9,TP8,177,5.035,S2M
9,TP8,178,4.059,S2M
9,TP8,179,4.547,S2M
9,TP8,180,5.524,S2M
9,TP8,181,7.477,S2M
9,TP8,182,8.942,S2M
9,TP8,183,9.918,S2M
9,TP8,184,10.895,S2M
9,TP8,185,10.895,S2M
9,TP8,186,10.406,S2M
9,TP8,187,9.918,S2M
9,TP8,188,8.453,S2M
9,TP8,189,7.965,S2M
9,TP8,190,7.477,S2M
9,TP8,191,8.453,S2M
9,TP8,192,9.430,S2M
9,TP8,193,9.918,S2M
9,TP8,194,10.406,S2M
9,TP8,195,9.430,S2M
9,TP8,196,7.965,S2M
9,TP8,197,6.500,S2M
9,TP8,198,5.035,S2M
9,TP8,199,4.059,S2M
9,TP8,200,4.547,S2M
9,TP8,201,6.012,S2M
9,TP8,202,8.453,S2M
9,TP8,203,10.406,S2M
9,TP8,204,12.360,S2M
9,TP8,205,12.360,S2M
9,TP8,206,11.383,S2M
9,TP8,207,9.918,S2M
9,TP8,208,7.965,S2M
9,TP8,209,5.524,S2M
9,TP8,210,3.571,S2M
9,TP8,211,2.594,S2M
9,TP8,212,3.571,S2M
9,TP8,213,6.500,S2M
9,TP8,214,8.942,S2M
9,TP8,215,9.918,S2M
9,TP8,216,8.942,S2M
9,TP8,217,5.524,S2M
9,TP8,218,3.571,S2M
9,TP8,219,2.594,S2M
9,TP8,220,4.059,S2M
9,TP8,221,6.500,S2M
9,TP8,222,7.477,S2M
9,TP8,223,6.989,S2M
9,TP8,224,6.012,S2M
9,TP8,225,5.035,S2M
9,TP8,226,5.524,S2M
9,TP8,227,6.989,S2M
9,TP8,228,7.477,S2M
9,TP8,229,7.477,S2M
9,TP8,230,6.500,S2M
9,TP8,231,5.524,S2M
9,TP8,232,5.524,S2M
9,TP8,233,6.012,S2M
9,TP8,234,6.989,S2M
9,TP8,235,7.477,S2M
9,TP8,236,8.453,S2M
9,TP8,237,8.453,S2M
9,TP8,238,9.430,S2M
9,TP8,239,9.430,S2M
9,TP8,240,9.918,S2M
9,TP8,241,9.430,S2M
9,TP8,242,9.918,S2M
9,TP8,243,9.918,S2M
9,TP8,244,9.918,S2M
9,TP8,245,9.430,S2M
9,TP8,246,7.477,S2M
9,TP8,247,5.524,S2M
9,TP8,248,3.571,S2M
9,TP8,249,2.594,S2M
9,TP8,250,3.571,S2M
9,TP8,251,6.012,S2M
9,TP8,252,8.453,S2M
9,TP8,253,9.918,S2M
9,TP8,254,10.406,S2M
9,TP8,255,8.942,S2M
9,TP7,0,5.198,S2M
9,TP7,1,6.663,S2M
9,TP7,2,6.663,S2M
9,TP7,3,5.198,S2M
9,TP7,4,2.268,S2M
9,TP7,5,-0.173,S2M
9,TP7,6,-0.661,S2M
9,TP7,7,0.804,S2M
9,TP7,8,2.757,S2M
9,TP7,9,5.198,S2M
9,TP7,10,6.175,S2M
9,TP7,11,6.175,S2M
9,TP7,12,7.151,S2M
9,TP7,13,8.128,S2M
9,TP7,14,10.081,S2M
9,TP7,15,11.058,S2M
9,TP7,16,9.593,S2M
9,TP7,17,6.175,S2M
9,TP7,18,1.780,S2M
9,TP7,19,-1.638,S2M
9,TP7,20,-2.614,S2M
9,TP7,21,-1.638,S2M
9,TP7,22,0.804,S2M
9,TP7,23,2.757,S2M
9,TP7,24,3.245,S2M
9,TP7,25,2.268,S2M
9,TP7,26,0.315,S2M
9,TP7,27,-0.661,S2M
9,TP7,28,-0.173,S2M
9,TP7,29,2.268,S2M
9,TP7,30,5.686,S2M
9,TP7,31,7.640,S2M
9,TP7,32,9.104,S2M
9,TP7,33,8.616,S2M
9,TP7,34,7.640,S2M
9,TP7,35,7.151,S2M
9,TP7,36,7.640,S2M
9,TP7,37,7.640,S2M
9,TP7,38,7.151,S2M
9,TP7,39,5.686,S2M
9,TP7,40,4.710,S2M
9,TP7,41,4.222,S2M
9,TP7,42,3.245,S2M
9,TP7,43,2.268,S2M
9,TP7,44,1.292,S2M
9,TP7,45,0.315,S2M
9,TP7,46,0.315,S2M
9,TP7,47,1.780,S2M
9,TP7,48,3.733,S2M
9,TP7,49,5.686,S2M
9,TP7,50,6.663,S2M
9,TP7,51,6.175,S2M
9,TP7,52,5.686,S2M
9,TP7,53,5.686,S2M
9,TP7,54,6.663,S2M
9,TP7,55,8.128,S2M
9,TP7,56,9.104,S2M
9,TP7,57,9.104,S2M
9,TP7,58,7.640,S2M
9,TP7,59,5.686,S2M
9,TP7,60,4.710,S2M
9,TP7,61,3.733,S2M
9,TP7,62,3.245,S2M
9,TP7,63,2.757,S2M
9,TP7,64,2.757,S2M
9,TP7,65,2.268,S2M
9,TP7,66,2.757,S2M
9,TP7,67,3.733,S2M
9,TP7,68,4.222,S2M
9,TP7,69,3.733,S2M
9,TP7,70,2.268,S2M
9,TP7,71,0.804,S2M
9,TP7,72,0.315,S2M
9,TP7,73,0.315,S2M
9,TP7,74,1.292,S2M
9,TP7,75,1.780,S2M
9,TP7,76,1.292,S2M
9,TP7,77,1.292,S2M
9,TP7,78,1.780,S2M
9,TP7,79,2.757,S2M
9,TP7,80,4.222,S2M
9,TP7,81,5.686,S2M
9,TP7,82,5.686,S2M
9,TP7,83,4.710,S2M
9,TP7,84,3.733,S2M
9,TP7,85,2.757,S2M
9,TP7,86,2.268,S2M
9,TP7,87,1.780,S2M
9,TP7,88,1.292,S2M
9,TP7,89,1.292,S2M
9,TP7,90,0.804,S2M
9,TP7,91,1.292,S2M
9,TP7,92,1.292,S2M
9,TP7,93,0.804,S2M
9,TP7,94,-0.661,S2M
9,TP7,95,-2.614,S2M
9,TP7,96,-4.079,S2M
9,TP7,97,-4.079,S2M
9,TP7,98,-3.103,S2M
9,TP7,99,-2.126,S2M
9,TP7,100,-1.149,S2M
9,TP7,101,-1.149,S2M
9,TP7,102,-1.149,S2M
9,TP7,103,-0.173,S2M
9,TP7,104,0.804,S2M
9,TP7,105,2.757,S2M
9,TP7,106,3.245,S2M
9,TP7,107,2.268,S2M
9,TP7,108,-0.173,S2M
9,TP7,109,-2.126,S2M
9,TP7,110,-2.614,S2M
9,TP7,111,-2.126,S2M
9,TP7,112,0.315,S2M
9,TP7,113,1.780,S2M
9,TP7,114,2.757,S2M
9,TP7,115,2.757,S2M
9,TP7,116,2.268,S2M
9,TP7,117,2.268,S2M
9,TP7,118,2.757,S2M
9,TP7,119,3.245,S2M
9,TP7,120,3.733,S2M
9,TP7,121,3.733,S2M
9,TP7,122,4.222,S2M
9,TP7,123,4.222,S2M
9,TP7,124,5.198,S2M
9,TP7,125,5.686,S2M
9,TP7,126,5.686,S2M
9,TP7,127,5.198,S2M
9,TP7,128,4.710,S2M
9,TP7,129,4.222,S2M
9,TP7,130,4.222,S2M
9,TP7,131,4.710,S2M
9,TP7,132,4.710,S2M
9,TP7,133,3.733,S2M
9,TP7,134,2.757,S2M
9,TP7,135,1.780,S2M
9,TP7,136,1.780,S2M
9,TP7,137,2.268,S2M
9,TP7,138,2.757,S2M
9,TP7,139,2.757,S2M
9,TP7,140,2.757,S2M
9,TP7,141,2.268,S2M
9,TP7,142,2.757,S2M
9,TP7,143,4.222,S2M
9,TP7,144,5.198,S2M
9,TP7,145,6.175,S2M
9,TP7,146,6.175,S2M
9,TP7,147,5.198,S2M
9,TP7,148,3.733,S2M
9,TP7,149,2.268,S2M
9,TP7,150,1.292,S2M
9,TP7,151,1.292,S2M
9,TP7,152,2.757,S2M
9,TP7,153,4.222,S2M
9,TP7,154,6.663,S2M
9,TP7,155,8.128,S2M
9,TP7,156,9.104,S2M
9,TP7,157,9.104,S2M
9,TP7,158,8.128,S2M
9,TP7,159,7.640,S2M
9,TP7,160,7.151,S2M
9,TP7,161,7.640,S2M
9,TP7,162,9.104,S2M
9,TP7,163,10.569,S2M
9,TP7,164,11.546,S2M
9,TP7,165,12.034,S2M
9,TP7,166,11.546,S2M
9,TP7,167,11.058,S2M
9,TP7,168,10.569,S2M
9,TP7,169,10.081,S2M
9,TP7,170,9.593,S2M
9,TP7,171,9.104,S2M
9,TP7,172,7.640,S2M
9,TP7,173,5.686,S2M
9,TP7,174,3.733,S2M
9,TP7,175,2.757,S2M
9,TP7,176,2.757,S2M
9,TP7,177,2.757,S2M
9,TP7,178,2.757,S2M
9,TP7,179,2.268,S2M
9,TP7,180,1.292,S2M
9,TP7,181,0.804,S2M
9,TP7,182,0.804,S2M
9,TP7,183,1.780,S2M
9,TP7,184,3.245,S2M
9,TP7,185,4.710,S2M
9,TP7,186,5.686,S2M
9,TP7,187,5.198,S2M
9,TP7,188,3.733,S2M
9,TP7,189,2.268,S2M
9,TP7,190,1.780,S2M
9,TP7,191,2.268,S2M
9,TP7,192,4.710,S2M
9,TP7,193,6.663,S2M
9,TP7,194,8.128,S2M
9,TP7,195,7.640,S2M
9,TP7,196,5.686,S2M
9,TP7,197,3.733,S2M
9,TP7,198,1.780,S2M
9,TP7,199,1.292,S2M
9,TP7,200,2.757,S2M
9,TP7,201,4.222,S2M
9,TP7,202,5.198,S2M
9,TP7,203,6.175,S2M
9,TP7,204,6.175,S2M
9,TP7,205,5.686,S2M
9,TP7,206,6.175,S2M
9,TP7,207,6.663,S2M
9,TP7,208,6.663,S2M
9,TP7,209,6.663,S2M
9,TP7,210,6.175,S2M
9,TP7,211,5.686,S2M
9,TP7,212,4.710,S2M
9,TP7,213,3.245,S2M
9,TP7,214,2.757,S2M
9,TP7,215,2.757,S2M
9,TP7,216,2.757,S2M
9,TP7,217,3.245,S2M
9,TP7,218,3.245,S2M
9,TP7,219,3.245,S2M
9,TP7,220,2.757,S2M
9,TP7,221,2.268,S2M
9,TP7,222,1.780,S2M
9,TP7,223,1.780,S2M
9,TP7,224,2.757,S2M
9,TP7,225,2.757,S2M
9,TP7,226,3.245,S2M
9,TP7,227,3.245,S2M
9,TP7,228,3.733,S2M
9,TP7,229,4.710,S2M
9,TP7,230,5.686,S2M
9,TP7,231,6.175,S2M
9,TP7,232,6.175,S2M
9,TP7,233,6.175,S2M
9,TP7,234,6.175,S2M
9,TP7,235,5.686,S2M
9,TP7,236,5.198,S2M
9,TP7,237,4.222,S2M
9,TP7,238,4.222,S2M
9,TP7,239,4.710,S2M
9,TP7,240,5.686,S2M
9,TP7,241,7.151,S2M
9,TP7,242,8.616,S2M
9,TP7,243,8.616,S2M
9,TP7,244,7.640,S2M
9,TP7,245,6.663,S2M
9,TP7,246,6.663,S2M
9,TP7,247,8.128,S2M
9,TP7,248,10.569,S2M
9,TP7,249,13.011,S2M
9,TP7,250,14.476,S2M
9,TP7,251,13.987,S2M
9,TP7,252,12.522,S2M
9,TP7,253,11.058,S2M
9,TP7,254,10.569,S2M
9,TP7,255,11.058,S2M
9,AFZ,0,-5.961,S2M
9,AFZ,1,-5.473,S2M
9,AFZ,2,-4.985,S2M
9,AFZ,3,-3.520,S2M
9,AFZ,4,-2.543,S2M
9,AFZ,5,-2.055,S2M
9,AFZ,6,-1.078,S2M
9,AFZ,7,-0.590,S2M
9,AFZ,8,-0.590,S2M
9,AFZ,9,-1.078,S2M
9,AFZ,10,-1.078,S2M
9,AFZ,11,-0.590,S2M
9,AFZ,12,0.387,S2M
9,AFZ,13,1.851,S2M
9,AFZ,14,2.340,S2M
9,AFZ,15,3.316,S2M
9,AFZ,16,3.805,S2M
9,AFZ,17,3.316,S2M
9,AFZ,18,2.340,S2M
9,AFZ,19,0.875,S2M
9,AFZ,20,-1.078,S2M
9,AFZ,21,-2.055,S2M
9,AFZ,22,-2.055,S2M
9,AFZ,23,-2.055,S2M
9,AFZ,24,-2.055,S2M
9,AFZ,25,-3.520,S2M
9,AFZ,26,-4.985,S2M
9,AFZ,27,-5.961,S2M
9,AFZ,28,-6.449,S2M
9,AFZ,29,-5.961,S2M
9,AFZ,30,-5.473,S2M
9,AFZ,31,-5.961,S2M
9,AFZ,32,-6.938,S2M
9,AFZ,33,-6.938,S2M
9,AFZ,34,-5.961,S2M
9,AFZ,35,-4.496,S2M
9,AFZ,36,-3.031,S2M
9,AFZ,37,-2.543,S2M
9,AFZ,38,-3.031,S2M
9,AFZ,39,-3.031,S2M
9,AFZ,40,-3.031,S2M
9,AFZ,41,-1.567,S2M
9,AFZ,42,0.387,S2M
9,AFZ,43,1.363,S2M
9,AFZ,44,2.340,S2M
9,AFZ,45,2.340,S2M
9,AFZ,46,2.828,S2M
9,AFZ,47,2.828,S2M
9,AFZ,48,3.316,S2M
9,AFZ,49,3.805,S2M
9,AFZ,50,4.293,S2M
9,AFZ,51,4.781,S2M
9,AFZ,52,5.269,S2M
9,AFZ,53,5.269,S2M
9,AFZ,54,4.781,S2M
9,AFZ,55,4.293,S2M
9,AFZ,56,3.316,S2M
9,AFZ,57,2.828,S2M
9,AFZ,58,2.340,S2M
9,AFZ,59,2.340,S2M
9,AFZ,60,2.340,S2M
9,AFZ,61,1.851,S2M
9,AFZ,62,0.875,S2M
9,AFZ,63,-0.590,S2M
9,AFZ,64,-1.567,S2M
9,AFZ,65,-1.567,S2M
9,AFZ,66,-1.567,S2M
9,AFZ,67,-1.567,S2M
9,AFZ,68,-2.055,S2M
9,AFZ,69,-2.543,S2M
9,AFZ,70,-2.055,S2M
9,AFZ,71,-1.078,S2M
9,AFZ,72,0.875,S2M
9,AFZ,73,1.851,S2M
9,AFZ,74,2.828,S2M
9,AFZ,75,1.851,S2M
9,AFZ,76,0.387,S2M
9,AFZ,77,-0.590,S2M
9,AFZ,78,-1.078,S2M
9,AFZ,79,-0.102,S2M
9,AFZ,80,1.363,S2M
9,AFZ,81,2.828,S2M
9,AFZ,82,2.828,S2M
9,AFZ,83,2.828,S2M
9,AFZ,84,1.851,S2M
9,AFZ,85,0.387,S2M
9,AFZ,86,-1.078,S2M
9,AFZ,87,-1.567,S2M
9,AFZ,88,-1.567,S2M
9,AFZ,89,-1.078,S2M
9,AFZ,90,-0.590,S2M
9,AFZ,91,-0.590,S2M
9,AFZ,92,-0.590,S2M
9,AFZ,93,-1.078,S2M
9,AFZ,94,-1.078,S2M
9,AFZ,95,-0.102,S2M
9,AFZ,96,0.875,S2M
9,AFZ,97,0.875,S2M
9,AFZ,98,0.387,S2M
9,AFZ,99,-1.078,S2M
9,AFZ,100,-2.543,S2M
9,AFZ,101,-3.520,S2M
9,AFZ,102,-3.031,S2M
9,AFZ,103,-2.055,S2M
9,AFZ,104,-1.078,S2M
9,AFZ,105,-0.590,S2M
9,AFZ,106,-0.590,S2M
9,AFZ,107,-1.078,S2M
9,AFZ,108,-2.543,S2M
9,AFZ,109,-3.031,S2M
9,AFZ,110,-3.520,S2M
9,AFZ,111,-3.031,S2M
9,AFZ,112,-2.055,S2M
9,AFZ,113,-1.078,S2M
9,AFZ,114,-0.102,S2M
9,AFZ,115,-0.102,S2M
9,AFZ,116,-0.590,S2M
9,AFZ,117,-1.567,S2M
9,AFZ,118,-2.055,S2M
9,AFZ,119,-2.543,S2M
9,AFZ,120,-2.055,S2M
9,AFZ,121,-2.543,S2M
9,AFZ,122,-2.543,S2M
9,AFZ,123,-3.031,S2M
9,AFZ,124,-2.543,S2M
9,AFZ,125,-2.055,S2M
9,AFZ,126,-1.567,S2M
9,AFZ,127,-1.078,S2M
9,AFZ,128,-0.590,S2M
9,AFZ,129,-1.078,S2M
9,AFZ,130,-1.078,S2M
9,AFZ,131,-1.078,S2M
9,AFZ,132,-0.590,S2M
9,AFZ,133,-0.102,S2M
9,AFZ,134,0.875,S2M
9,AFZ,135,0.875,S2M
9,AFZ,136,1.363,S2M
9,AFZ,137,0.875,S2M
9,AFZ,138,-0.102,S2M
9,AFZ,139,-1.078,S2M
9,AFZ,140,-1.567,S2M
9,AFZ,141,-1.078,S2M
9,AFZ,142,-0.102,S2M
9,AFZ,143,1.363,S2M
9,AFZ,144,2.340,S2M
9,AFZ,145,1.851,S2M
9,AFZ,146,1.851,S2M
9,AFZ,147,1.851,S2M
9,AFZ,148,1.851,S2M
9,AFZ,149,2.340,S2M
9,AFZ,150,2.340,S2M
9,AFZ,151,1.851,S2M
9,AFZ,152,1.851,S2M
9,AFZ,153,2.340,S2M
9,AFZ,154,3.316,S2M
9,AFZ,155,5.269,S2M
9,AFZ,156,6.246,S2M
9,AFZ,157,6.246,S2M
9,AFZ,158,5.269,S2M
9,AFZ,159,3.805,S2M
9,AFZ,160,2.828,S2M
9,AFZ,161,2.828,S2M
9,AFZ,162,3.316,S2M
9,AFZ,163,3.805,S2M
9,AFZ,164,3.805,S2M
9,AFZ,165,3.316,S2M
9,AFZ,166,2.340,S2M
9,AFZ,167,1.851,S2M
9,AFZ,168,1.851,S2M
9,AFZ,169,1.363,S2M
9,AFZ,170,0.387,S2M
9,AFZ,171,-1.078,S2M
9,AFZ,172,-2.543,S2M
9,AFZ,173,-4.008,S2M
9,AFZ,174,-4.008,S2M
9,AFZ,175,-3.520,S2M
9,AFZ,176,-3.031,S2M
9,AFZ,177,-2.543,S2M
9,AFZ,178,-2.055,S2M
9,AFZ,179,-2.055,S2M
9,AFZ,180,-1.567,S2M
9,AFZ,181,-0.590,S2M
9,AFZ,182,0.387,S2M
9,AFZ,183,1.363,S2M
9,AFZ,184,1.851,S2M
9,AFZ,185,2.340,S2M
9,AFZ,186,2.828,S2M
9,AFZ,187,2.340,S2M
9,AFZ,188,2.340,S2M
9,AFZ,189,1.851,S2M
9,AFZ,190,1.363,S2M
9,AFZ,191,0.875,S2M
9,AFZ,192,1.363,S2M
9,AFZ,193,2.340,S2M
9,AFZ,194,2.340,S2M
9,AFZ,195,2.828,S2M
9,AFZ,196,1.851,S2M
9,AFZ,197,0.875,S2M
9,AFZ,198,-0.102,S2M
9,AFZ,199,-1.078,S2M
9,AFZ,200,-0.590,S2M
9,AFZ,201,0.387,S2M
9,AFZ,202,1.851,S2M
9,AFZ,203,2.340,S2M
9,AFZ,204,2.828,S2M
9,AFZ,205,2.340,S2M
9,AFZ,206,1.363,S2M
9,AFZ,207,-0.102,S2M
9,AFZ,208,-1.078,S2M
9,AFZ,209,-1.567,S2M
9,AFZ,210,-2.055,S2M
9,AFZ,211,-2.055,S2M
9,AFZ,212,-1.567,S2M
9,AFZ,213,-0.590,S2M
9,AFZ,214,-0.102,S2M
9,AFZ,215,-1.078,S2M
9,AFZ,216,-3.031,S2M
9,AFZ,217,-4.985,S2M
9,AFZ,218,-6.449,S2M
9,AFZ,219,-7.426,S2M
9,AFZ,220,-7.426,S2M
9,AFZ,221,-6.449,S2M
9,AFZ,222,-5.473,S2M
9,AFZ,223,-4.008,S2M
9,AFZ,224,-2.055,S2M
9,AFZ,225,-1.078,S2M
9,AFZ,226,0.387,S2M
9,AFZ,227,0.875,S2M
9,AFZ,228,0.387,S2M
9,AFZ,229,-0.102,S2M
9,AFZ,230,-1.078,S2M
9,AFZ,231,-1.567,S2M
9,AFZ,232,-1.567,S2M
9,AFZ,233,-1.078,S2M
9,AFZ,234,-0.102,S2M
9,AFZ,235,0.387,S2M
9,AFZ,236,0.387,S2M
9,AFZ,237,-0.102,S2M
9,AFZ,238,-0.590,S2M
9,AFZ,239,-0.590,S2M
9,AFZ,240,-0.102,S2M
9,AFZ,241,0.875,S2M
9,AFZ,242,1.851,S2M
9,AFZ,243,1.851,S2M
9,AFZ,244,1.851,S2M
9,AFZ,245,0.387,S2M
9,AFZ,246,-0.590,S2M
9,AFZ,247,-1.567,S2M
9,AFZ,248,-2.543,S2M
9,AFZ,249,-3.520,S2M
9,AFZ,250,-4.008,S2M
9,AFZ,251,-4.008,S2M
9,AFZ,252,-4.008,S2M
9,AFZ,253,-3.520,S2M
9,AFZ,254,-2.543,S2M
9,AFZ,255,-1.567,S2M
9,CP3,0,4.822,S2M
9,CP3,1,4.822,S2M
9,CP3,2,4.333,S2M
9,CP3,3,2.380,S2M
9,CP3,4,0.427,S2M
9,CP3,5,-1.038,S2M
9,CP3,6,-1.038,S2M
9,CP3,7,0.916,S2M
9,CP3,8,2.869,S2M
9,CP3,9,4.333,S2M
9,CP3,10,4.822,S2M
9,CP3,11,4.333,S2M
9,CP3,12,4.333,S2M
9,CP3,13,4.333,S2M
9,CP3,14,4.822,S2M
9,CP3,15,4.333,S2M
9,CP3,16,2.869,S2M
9,CP3,17,0.427,S2M
9,CP3,18,-2.014,S2M
9,CP3,19,-2.991,S2M
9,CP3,20,-2.502,S2M
9,CP3,21,-0.549,S2M
9,CP3,22,1.404,S2M
9,CP3,23,2.380,S2M
9,CP3,24,2.380,S2M
9,CP3,25,1.404,S2M
9,CP3,26,0.427,S2M
9,CP3,27,-0.549,S2M
9,CP3,28,-0.061,S2M
9,CP3,29,0.916,S2M
9,CP3,30,2.869,S2M
9,CP3,31,3.845,S2M
9,CP3,32,4.822,S2M
9,CP3,33,4.822,S2M
9,CP3,34,4.822,S2M
9,CP3,35,4.333,S2M
9,CP3,36,4.333,S2M
9,CP3,37,4.333,S2M
9,CP3,38,4.333,S2M
9,CP3,39,4.333,S2M
9,CP3,40,3.845,S2M
9,CP3,41,2.380,S2M
9,CP3,42,0.916,S2M
9,CP3,43,-0.549,S2M
9,CP3,44,-1.038,S2M
9,CP3,45,-1.038,S2M
9,CP3,46,-0.061,S2M
9,CP3,47,0.916,S2M
9,CP3,48,1.404,S2M
9,CP3,49,1.404,S2M
9,CP3,50,1.404,S2M
9,CP3,51,0.427,S2M
9,CP3,52,0.427,S2M
9,CP3,53,0.427,S2M
9,CP3,54,1.892,S2M
9,CP3,55,3.357,S2M
9,CP3,56,4.822,S2M
9,CP3,57,5.798,S2M
9,CP3,58,5.310,S2M
9,CP3,59,4.333,S2M
9,CP3,60,4.333,S2M
9,CP3,61,3.845,S2M
9,CP3,62,3.845,S2M
9,CP3,63,3.357,S2M
9,CP3,64,2.380,S2M
9,CP3,65,2.380,S2M
9,CP3,66,2.869,S2M
9,CP3,67,3.357,S2M
9,CP3,68,3.845,S2M
9,CP3,69,3.845,S2M
9,CP3,70,3.357,S2M
9,CP3,71,2.869,S2M
9,CP3,72,2.869,S2M
9,CP3,73,2.869,S2M
9,CP3,74,3.845,S2M
9,CP3,75,3.357,S2M
9,CP3,76,3.357,S2M
9,CP3,77,3.357,S2M
9,CP3,78,3.845,S2M
9,CP3,79,4.333,S2M
9,CP3,80,4.822,S2M
9,CP3,81,4.333,S2M
9,CP3,82,4.333,S2M
9,CP3,83,3.357,S2M
9,CP3,84,3.357,S2M
9,CP3,85,3.845,S2M
9,CP3,86,4.333,S2M
9,CP3,87,4.333,S2M
9,CP3,88,4.333,S2M
9,CP3,89,3.845,S2M
9,CP3,90,4.333,S2M
9,CP3,91,4.333,S2M
9,CP3,92,4.333,S2M
9,CP3,93,3.845,S2M
9,CP3,94,2.380,S2M
9,CP3,95,1.404,S2M
9,CP3,96,0.427,S2M
9,CP3,97,-0.061,S2M
9,CP3,98,0.427,S2M
9,CP3,99,0.916,S2M
9,CP3,100,0.916,S2M
9,CP3,101,1.404,S2M
9,CP3,102,1.404,S2M
9,CP3,103,2.380,S2M
9,CP3,104,3.357,S2M
9,CP3,105,3.357,S2M
9,CP3,106,2.380,S2M
9,CP3,107,1.404,S2M
9,CP3,108,-0.061,S2M
9,CP3,109,-1.038,S2M
9,CP3,110,-0.549,S2M
9,CP3,111,0.427,S2M
9,CP3,112,1.404,S2M
9,CP3,113,1.892,S2M
9,CP3,114,2.380,S2M
9,CP3,115,2.380,S2M
9,CP3,116,2.869,S2M
9,CP3,117,2.869,S2M
9,CP3,118,3.357,S2M
9,CP3,119,2.869,S2M
9,CP3,120,2.869,S2M
9,CP3,121,2.380,S2M
9,CP3,122,2.380,S2M
9,CP3,123,2.869,S2M
9,CP3,124,3.357,S2M
9,CP3,125,3.845,S2M
9,CP3,126,3.845,S2M
9,CP3,127,3.845,S2M
9,CP3,128,3.357,S2M
9,CP3,129,2.869,S2M
9,CP3,130,2.869,S2M
9,CP3,131,2.869,S2M
9,CP3,132,2.869,S2M
9,CP3,133,2.869,S2M
9,CP3,134,2.869,S2M
9,CP3,135,2.869,S2M
9,CP3,136,2.869,S2M
9,CP3,137,3.357,S2M
9,CP3,138,3.845,S2M
9,CP3,139,3.845,S2M
9,CP3,140,3.845,S2M
9,CP3,141,4.333,S2M
9,CP3,142,4.333,S2M
9,CP3,143,4.333,S2M
9,CP3,144,4.822,S2M
9,CP3,145,5.310,S2M
9,CP3,146,5.310,S2M
9,CP3,147,4.822,S2M
9,CP3,148,3.845,S2M
9,CP3,149,3.357,S2M
9,CP3,150,2.869,S2M
9,CP3,151,3.357,S2M
9,CP3,152,4.333,S2M
9,CP3,153,5.310,S2M
9,CP3,154,5.798,S2M
9,CP3,155,6.287,S2M
9,CP3,156,6.287,S2M
9,CP3,157,6.287,S2M
9,CP3,158,5.798,S2M
9,CP3,159,6.287,S2M
9,CP3,160,5.798,S2M
9,CP3,161,5.798,S2M
9,CP3,162,6.287,S2M
9,CP3,163,6.775,S2M
9,CP3,164,7.263,S2M
9,CP3,165,7.263,S2M
9,CP3,166,7.751,S2M
9,CP3,167,7.751,S2M
9,CP3,168,7.751,S2M
9,CP3,169,8.240,S2M
9,CP3,170,8.240,S2M
9,CP3,171,7.751,S2M
9,CP3,172,6.775,S2M
9,CP3,173,5.310,S2M
9,CP3,174,4.333,S2M
9,CP3,175,3.845,S2M
9,CP3,176,4.333,S2M
9,CP3,177,5.310,S2M
9,CP3,178,5.798,S2M
9,CP3,179,5.798,S2M
9,CP3,180,4.822,S2M
9,CP3,181,2.869,S2M
9,CP3,182,2.380,S2M
9,CP3,183,2.380,S2M
9,CP3,184,3.357,S2M
9,CP3,185,4.333,S2M
9,CP3,186,4.822,S2M
9,CP3,187,3.845,S2M
9,CP3,188,2.869,S2M
9,CP3,189,2.380,S2M
9,CP3,190,2.380,S2M
9,CP3,191,2.869,S2M
9,CP3,192,3.357,S2M
9,CP3,193,3.845,S2M
9,CP3,194,3.845,S2M
9,CP3,195,3.357,S2M
9,CP3,196,2.869,S2M
9,CP3,197,2.380,S2M
9,CP3,198,1.892,S2M
9,CP3,199,2.380,S2M
9,CP3,200,2.380,S2M
9,CP3,201,2.869,S2M
9,CP3,202,2.869,S2M
9,CP3,203,2.869,S2M
9,CP3,204,2.869,S2M
9,CP3,205,3.357,S2M
9,CP3,206,3.845,S2M
9,CP3,207,4.333,S2M
9,CP3,208,4.822,S2M
9,CP3,209,5.310,S2M
9,CP3,210,4.333,S2M
9,CP3,211,3.357,S2M
9,CP3,212,2.380,S2M
9,CP3,213,1.404,S2M
9,CP3,214,1.404,S2M
9,CP3,215,2.380,S2M
9,CP3,216,3.357,S2M
9,CP3,217,4.333,S2M
9,CP3,218,4.333,S2M
9,CP3,219,3.845,S2M
9,CP3,220,3.357,S2M
9,CP3,221,2.380,S2M
9,CP3,222,1.892,S2M
9,CP3,223,1.892,S2M
9,CP3,224,1.892,S2M
9,CP3,225,1.892,S2M
9,CP3,226,2.380,S2M
9,CP3,227,2.380,S2M
9,CP3,228,2.869,S2M
9,CP3,229,2.869,S2M
9,CP3,230,2.869,S2M
9,CP3,231,2.869,S2M
9,CP3,232,2.869,S2M
9,CP3,233,2.380,S2M
9,CP3,234,2.380,S2M
9,CP3,235,2.380,S2M
9,CP3,236,1.892,S2M
9,CP3,237,1.892,S2M
9,CP3,238,1.892,S2M
9,CP3,239,2.869,S2M
9,CP3,240,3.357,S2M
9,CP3,241,3.845,S2M
9,CP3,242,3.845,S2M
9,CP3,243,2.869,S2M
9,CP3,244,2.380,S2M
9,CP3,245,2.380,S2M
9,CP3,246,3.357,S2M
9,CP3,247,5.310,S2M
9,CP3,248,6.775,S2M
9,CP3,249,8.240,S2M
9,CP3,250,7.751,S2M
9,CP3,251,7.263,S2M
9,CP3,252,5.798,S2M
9,CP3,253,4.822,S2M
9,CP3,254,4.333,S2M
9,CP3,255,4.822,S2M
9,CP4,0,0.804,S2M
9,CP4,1,2.268,S2M
9,CP4,2,2.757,S2M
9,CP4,3,3.245,S2M
9,CP4,4,3.733,S2M
9,CP4,5,4.222,S2M
9,CP4,6,4.222,S2M
9,CP4,7,3.733,S2M
9,CP4,8,2.268,S2M
9,CP4,9,1.292,S2M
9,CP4,10,0.804,S2M
9,CP4,11,1.292,S2M
9,CP4,12,2.757,S2M
9,CP4,13,4.222,S2M
9,CP4,14,5.198,S2M
9,CP4,15,5.198,S2M
9,CP4,16,3.733,S2M
9,CP4,17,2.268,S2M
9,CP4,18,0.315,S2M
9,CP4,19,-1.149,S2M
9,CP4,20,-2.614,S2M
9,CP4,21,-2.614,S2M
9,CP4,22,-1.638,S2M
9,CP4,23,-0.173,S2M
9,CP4,24,2.268,S2M
9,CP4,25,3.245,S2M
9,CP4,26,4.222,S2M
9,CP4,27,3.733,S2M
9,CP4,28,3.733,S2M
9,CP4,29,4.222,S2M
9,CP4,30,5.198,S2M
9,CP4,31,6.663,S2M
9,CP4,32,6.663,S2M
9,CP4,33,5.686,S2M
9,CP4,34,4.710,S2M
9,CP4,35,3.245,S2M
9,CP4,36,2.268,S2M
9,CP4,37,1.780,S2M
9,CP4,38,1.292,S2M
9,CP4,39,0.804,S2M
9,CP4,40,-0.173,S2M
9,CP4,41,-1.149,S2M
9,CP4,42,-2.126,S2M
9,CP4,43,-3.591,S2M
9,CP4,44,-3.591,S2M
9,CP4,45,-3.591,S2M
9,CP4,46,-3.103,S2M
9,CP4,47,-2.126,S2M
9,CP4,48,-2.126,S2M
9,CP4,49,-2.614,S2M
9,CP4,50,-2.614,S2M
9,CP4,51,-2.614,S2M
9,CP4,52,-2.126,S2M
9,CP4,53,-1.149,S2M
9,CP4,54,-0.173,S2M
9,CP4,55,-0.173,S2M
9,CP4,56,-1.149,S2M
9,CP4,57,-2.126,S2M
9,CP4,58,-3.591,S2M
9,CP4,59,-4.079,S2M
9,CP4,60,-4.079,S2M
9,CP4,61,-4.567,S2M
9,CP4,62,-4.567,S2M
9,CP4,63,-4.079,S2M
9,CP4,64,-4.567,S2M
9,CP4,65,-4.567,S2M
9,CP4,66,-4.567,S2M
9,CP4,67,-5.056,S2M
9,CP4,68,-5.056,S2M
9,CP4,69,-4.567,S2M
9,CP4,70,-4.567,S2M
9,CP4,71,-4.567,S2M
9,CP4,72,-5.544,S2M
9,CP4,73,-7.009,S2M
9,CP4,74,-7.497,S2M
9,CP4,75,-7.497,S2M
9,CP4,76,-6.521,S2M
9,CP4,77,-4.567,S2M
9,CP4,78,-3.103,S2M
9,CP4,79,-2.126,S2M
9,CP4,80,-2.126,S2M
9,CP4,81,-3.103,S2M
9,CP4,82,-4.079,S2M
9,CP4,83,-4.567,S2M
9,CP4,84,-4.567,S2M
9,CP4,85,-4.079,S2M
9,CP4,86,-3.591,S2M
9,CP4,87,-3.591,S2M
9,CP4,88,-3.591,S2M
9,CP4,89,-4.567,S2M
9,CP4,90,-4.567,S2M
9,CP4,91,-4.079,S2M
9,CP4,92,-3.103,S2M
9,CP4,93,-2.126,S2M
9,CP4,94,-2.126,S2M
9,CP4,95,-2.614,S2M
9,CP4,96,-4.079,S2M
9,CP4,97,-4.567,S2M
9,CP4,98,-4.079,S2M
9,CP4,99,-2.614,S2M
9,CP4,100,-0.173,S2M
9,CP4,101,1.292,S2M
9,CP4,102,1.780,S2M
9,CP4,103,1.292,S2M
9,CP4,104,-0.173,S2M
9,CP4,105,-1.149,S2M
9,CP4,106,-1.638,S2M
9,CP4,107,-1.149,S2M
9,CP4,108,0.315,S2M
9,CP4,109,1.292,S2M
9,CP4,110,2.757,S2M
9,CP4,111,3.245,S2M
9,CP4,112,2.757,S2M
9,CP4,113,2.268,S2M
9,CP4,114,1.780,S2M
9,CP4,115,1.780,S2M
9,CP4,116,2.268,S2M
9,CP4,117,2.268,S2M
9,CP4,118,2.268,S2M
9,CP4,119,1.292,S2M
9,CP4,120,0.315,S2M
9,CP4,121,-0.173,S2M
9,CP4,122,-0.661,S2M
9,CP4,123,-0.173,S2M
9,CP4,124,0.315,S2M
9,CP4,125,1.292,S2M
9,CP4,126,1.780,S2M
9,CP4,127,1.780,S2M
9,CP4,128,1.292,S2M
9,CP4,129,0.804,S2M
9,CP4,130,1.292,S2M
9,CP4,131,2.268,S2M
9,CP4,132,3.245,S2M
9,CP4,133,3.733,S2M
9,CP4,134,3.245,S2M
9,CP4,135,1.780,S2M
9,CP4,136,0.315,S2M
9,CP4,137,-0.661,S2M
9,CP4,138,-1.149,S2M
9,CP4,139,-0.173,S2M
9,CP4,140,0.315,S2M
9,CP4,141,0.804,S2M
9,CP4,142,0.804,S2M
9,CP4,143,0.804,S2M
9,CP4,144,0.804,S2M
9,CP4,145,0.804,S2M
9,CP4,146,1.292,S2M
9,CP4,147,1.780,S2M
9,CP4,148,2.268,S2M
9,CP4,149,2.757,S2M
9,CP4,150,2.268,S2M
9,CP4,151,2.268,S2M
9,CP4,152,2.268,S2M
9,CP4,153,2.757,S2M
9,CP4,154,3.245,S2M
9,CP4,155,3.733,S2M
9,CP4,156,4.222,S2M
9,CP4,157,4.710,S2M
9,CP4,158,4.222,S2M
9,CP4,159,4.222,S2M
9,CP4,160,4.222,S2M
9,CP4,161,4.222,S2M
9,CP4,162,3.733,S2M
9,CP4,163,3.733,S2M
9,CP4,164,4.222,S2M
9,CP4,165,5.198,S2M
9,CP4,166,6.175,S2M
9,CP4,167,6.663,S2M
9,CP4,168,6.175,S2M
9,CP4,169,6.175,S2M
9,CP4,170,5.686,S2M
9,CP4,171,5.686,S2M
9,CP4,172,6.175,S2M
9,CP4,173,6.175,S2M
9,CP4,174,6.175,S2M
9,CP4,175,6.175,S2M
9,CP4,176,5.198,S2M
9,CP4,177,4.710,S2M
9,CP4,178,4.222,S2M
9,CP4,179,4.222,S2M
9,CP4,180,4.710,S2M
9,CP4,181,5.198,S2M
9,CP4,182,5.686,S2M
9,CP4,183,5.686,S2M
9,CP4,184,5.198,S2M
9,CP4,185,4.710,S2M
9,CP4,186,4.710,S2M
9,CP4,187,4.710,S2M
9,CP4,188,4.710,S2M
9,CP4,189,5.198,S2M
9,CP4,190,5.686,S2M
9,CP4,191,6.175,S2M
9,CP4,192,6.175,S2M
9,CP4,193,5.686,S2M
9,CP4,194,4.710,S2M
9,CP4,195,4.222,S2M
9,CP4,196,3.733,S2M
9,CP4,197,3.245,S2M
9,CP4,198,3.245,S2M
9,CP4,199,3.245,S2M
9,CP4,200,2.757,S2M
9,CP4,201,3.245,S2M
9,CP4,202,3.733,S2M
9,CP4,203,4.710,S2M
9,CP4,204,5.686,S2M
9,CP4,205,6.175,S2M
9,CP4,206,5.686,S2M
9,CP4,207,4.710,S2M
9,CP4,208,3.733,S2M
9,CP4,209,2.757,S2M
9,CP4,210,1.780,S2M
9,CP4,211,1.780,S2M
9,CP4,212,2.268,S2M
9,CP4,213,3.733,S2M
9,CP4,214,4.710,S2M
9,CP4,215,4.710,S2M
9,CP4,216,4.222,S2M
9,CP4,217,3.245,S2M
9,CP4,218,3.245,S2M
9,CP4,219,4.222,S2M
9,CP4,220,5.686,S2M
9,CP4,221,7.151,S2M
9,CP4,222,6.175,S2M
9,CP4,223,4.710,S2M
9,CP4,224,2.757,S2M
9,CP4,225,1.780,S2M
9,CP4,226,2.268,S2M
9,CP4,227,3.245,S2M
9,CP4,228,4.222,S2M
9,CP4,229,4.710,S2M
9,CP4,230,5.198,S2M
9,CP4,231,5.198,S2M
9,CP4,232,5.198,S2M
9,CP4,233,5.198,S2M
9,CP4,234,4.710,S2M
9,CP4,235,4.710,S2M
9,CP4,236,5.198,S2M
9,CP4,237,5.686,S2M
9,CP4,238,6.663,S2M
9,CP4,239,6.663,S2M
9,CP4,240,6.175,S2M
9,CP4,241,5.198,S2M
9,CP4,242,4.710,S2M
9,CP4,243,5.198,S2M
9,CP4,244,5.198,S2M
9,CP4,245,5.198,S2M
9,CP4,246,4.710,S2M
9,CP4,247,3.733,S2M
9,CP4,248,3.245,S2M
9,CP4,249,3.245,S2M
9,CP4,250,4.222,S2M
9,CP4,251,5.686,S2M
9,CP4,252,7.151,S2M
9,CP4,253,7.640,S2M
9,CP4,254,6.175,S2M
9,CP4,255,4.222,S2M
9,P5,0,8.616,S2M
9,P5,1,9.104,S2M
9,P5,2,7.151,S2M
9,P5,3,4.222,S2M
9,P5,4,1.780,S2M
9,P5,5,0.804,S2M
9,P5,6,1.292,S2M
9,P5,7,2.757,S2M
9,P5,8,4.710,S2M
9,P5,9,4.710,S2M
9,P5,10,4.710,S2M
9,P5,11,4.222,S2M
9,P5,12,5.686,S2M
9,P5,13,7.151,S2M
9,P5,14,8.616,S2M
9,P5,15,8.128,S2M
9,P5,16,5.198,S2M
9,P5,17,0.804,S2M
9,P5,18,-3.103,S2M
9,P5,19,-5.056,S2M
9,P5,20,-4.079,S2M
9,P5,21,-1.638,S2M
9,P5,22,1.780,S2M
9,P5,23,4.710,S2M
9,P5,24,6.175,S2M
9,P5,25,5.686,S2M
9,P5,26,4.222,S2M
9,P5,27,2.757,S2M
9,P5,28,3.245,S2M
9,P5,29,5.198,S2M
9,P5,30,7.640,S2M
9,P5,31,10.081,S2M
9,P5,32,11.058,S2M
9,P5,33,10.569,S2M
9,P5,34,9.593,S2M
9,P5,35,8.616,S2M
9,P5,36,8.128,S2M
9,P5,37,8.128,S2M
9,P5,38,7.640,S2M
9,P5,39,6.663,S2M
9,P5,40,4.222,S2M
9,P5,41,2.268,S2M
9,P5,42,-0.173,S2M
9,P5,43,-1.638,S2M
9,P5,44,-2.614,S2M
9,P5,45,-2.614,S2M
9,P5,46,-2.126,S2M
9,P5,47,-0.661,S2M
9,P5,48,0.315,S2M
9,P5,49,0.804,S2M
9,P5,50,1.292,S2M
9,P5,51,0.804,S2M
9,P5,52,0.804,S2M
9,P5,53,1.780,S2M
9,P5,54,3.245,S2M
9,P5,55,4.710,S2M
9,P5,56,6.175,S2M
9,P5,57,6.175,S2M
9,P5,58,5.686,S2M
9,P5,59,4.222,S2M
9,P5,60,3.245,S2M
9,P5,61,2.757,S2M
9,P5,62,2.757,S2M
9,P5,63,2.757,S2M
9,P5,64,2.268,S2M
9,P5,65,1.780,S2M
9,P5,66,1.780,S2M
9,P5,67,2.268,S2M
9,P5,68,2.268,S2M
9,P5,69,2.268,S2M
9,P5,70,1.292,S2M
9,P5,71,0.804,S2M
9,P5,72,-0.173,S2M
9,P5,73,-0.661,S2M
9,P5,74,-1.149,S2M
9,P5,75,-1.638,S2M
9,P5,76,-1.149,S2M
9,P5,77,-0.173,S2M
9,P5,78,1.292,S2M
9,P5,79,2.268,S2M
9,P5,80,2.757,S2M
9,P5,81,2.268,S2M
9,P5,82,1.780,S2M
9,P5,83,1.292,S2M
9,P5,84,1.292,S2M
9,P5,85,1.780,S2M
9,P5,86,1.780,S2M
9,P5,87,1.780,S2M
9,P5,88,1.292,S2M
9,P5,89,1.292,S2M
9,P5,90,1.780,S2M
9,P5,91,1.780,S2M
9,P5,92,1.292,S2M
9,P5,93,-0.173,S2M
9,P5,94,-2.126,S2M
9,P5,95,-3.591,S2M
9,P5,96,-4.567,S2M
9,P5,97,-4.079,S2M
9,P5,98,-2.614,S2M
9,P5,99,-1.638,S2M
9,P5,100,-1.149,S2M
9,P5,101,-0.661,S2M
9,P5,102,-0.661,S2M
9,P5,103,0.804,S2M
9,P5,104,1.780,S2M
9,P5,105,2.268,S2M
9,P5,106,1.780,S2M
9,P5,107,-0.173,S2M
9,P5,108,-2.126,S2M
9,P5,109,-3.103,S2M
9,P5,110,-2.614,S2M
9,P5,111,-1.149,S2M
9,P5,112,0.315,S2M
9,P5,113,1.292,S2M
9,P5,114,1.292,S2M
9,P5,115,1.292,S2M
9,P5,116,1.780,S2M
9,P5,117,2.268,S2M
9,P5,118,2.268,S2M
9,P5,119,1.780,S2M
9,P5,120,1.780,S2M
9,P5,121,1.780,S2M
9,P5,122,2.757,S2M
9,P5,123,4.222,S2M
9,P5,124,5.686,S2M
9,P5,125,6.663,S2M
9,P5,126,6.175,S2M
9,P5,127,5.198,S2M
9,P5,128,4.222,S2M
9,P5,129,4.222,S2M
9,P5,130,4.710,S2M
9,P5,131,5.686,S2M
9,P5,132,5.686,S2M
9,P5,133,5.686,S2M
9,P5,134,4.710,S2M
9,P5,135,3.733,S2M
9,P5,136,2.757,S2M
9,P5,137,2.268,S2M
9,P5,138,2.268,S2M
9,P5,139,2.757,S2M
9,P5,140,3.733,S2M
9,P5,141,4.710,S2M
9,P5,142,5.198,S2M
9,P5,143,5.198,S2M
9,P5,144,5.198,S2M
9,P5,145,5.198,S2M
9,P5,146,4.710,S2M
9,P5,147,4.222,S2M
9,P5,148,3.245,S2M
9,P5,149,2.757,S2M
9,P5,150,3.245,S2M
9,P5,151,3.733,S2M
9,P5,152,5.198,S2M
9,P5,153,6.175,S2M
9,P5,154,7.151,S2M
9,P5,155,7.640,S2M
9,P5,156,8.128,S2M
9,P5,157,8.616,S2M
9,P5,158,8.616,S2M
9,P5,159,8.128,S2M
9,P5,160,7.640,S2M
9,P5,161,7.151,S2M
9,P5,162,8.128,S2M
9,P5,163,9.104,S2M
9,P5,164,10.081,S2M
9,P5,165,10.569,S2M
9,P5,166,10.081,S2M
9,P5,167,9.593,S2M
9,P5,168,9.104,S2M
9,P5,169,9.593,S2M
9,P5,170,9.593,S2M
9,P5,171,9.104,S2M
9,P5,172,7.640,S2M
9,P5,173,6.175,S2M
9,P5,174,4.710,S2M
9,P5,175,4.222,S2M
9,P5,176,3.733,S2M
9,P5,177,4.222,S2M
9,P5,178,4.222,S2M
9,P5,179,3.733,S2M
9,P5,180,2.757,S2M
9,P5,181,1.292,S2M
9,P5,182,1.292,S2M
9,P5,183,1.780,S2M
9,P5,184,3.245,S2M
9,P5,185,4.222,S2M
9,P5,186,4.710,S2M
9,P5,187,4.710,S2M
9,P5,188,3.733,S2M
9,P5,189,3.245,S2M
9,P5,190,3.245,S2M
9,P5,191,3.733,S2M
9,P5,192,5.198,S2M
9,P5,193,5.198,S2M
9,P5,194,4.710,S2M
9,P5,195,3.733,S2M
9,P5,196,2.757,S2M
9,P5,197,2.268,S2M
9,P5,198,2.757,S2M
9,P5,199,3.245,S2M
9,P5,200,3.733,S2M
9,P5,201,3.733,S2M
9,P5,202,3.733,S2M
9,P5,203,3.733,S2M
9,P5,204,3.733,S2M
9,P5,205,4.222,S2M
9,P5,206,4.710,S2M
9,P5,207,5.198,S2M
9,P5,208,5.686,S2M
9,P5,209,6.175,S2M
9,P5,210,5.686,S2M
9,P5,211,3.733,S2M
9,P5,212,1.292,S2M
9,P5,213,-0.661,S2M
9,P5,214,-0.661,S2M
9,P5,215,0.804,S2M
9,P5,216,3.245,S2M
9,P5,217,4.710,S2M
9,P5,218,4.710,S2M
9,P5,219,4.222,S2M
9,P5,220,3.245,S2M
9,P5,221,2.757,S2M
9,P5,222,2.757,S2M
9,P5,223,2.268,S2M
9,P5,224,0.804,S2M
9,P5,225,-0.661,S2M
9,P5,226,-1.638,S2M
9,P5,227,-1.149,S2M
9,P5,228,0.804,S2M
9,P5,229,2.757,S2M
9,P5,230,4.222,S2M
9,P5,231,4.710,S2M
9,P5,232,5.198,S2M
9,P5,233,4.710,S2M
9,P5,234,4.222,S2M
9,P5,235,3.733,S2M
9,P5,236,3.733,S2M
9,P5,237,3.245,S2M
9,P5,238,3.733,S2M
9,P5,239,4.710,S2M
9,P5,240,5.198,S2M
9,P5,241,5.686,S2M
9,P5,242,4.710,S2M
9,P5,243,3.245,S2M
9,P5,244,2.757,S2M
9,P5,245,2.757,S2M
9,P5,246,4.222,S2M
9,P5,247,7.151,S2M
9,P5,248,10.081,S2M
9,P5,249,12.034,S2M
9,P5,250,13.011,S2M
9,P5,251,12.034,S2M
9,P5,252,11.058,S2M
9,P5,253,9.593,S2M
9,P5,254,9.104,S2M
9,P5,255,9.104,S2M
9,P6,0,3.377,S2M
9,P6,1,5.330,S2M
9,P6,2,6.307,S2M
9,P6,3,7.284,S2M
9,P6,4,7.772,S2M
9,P6,5,8.748,S2M
9,P6,6,9.237,S2M
9,P6,7,8.260,S2M
9,P6,8,5.819,S2M
9,P6,9,3.377,S2M
9,P6,10,2.401,S2M
9,P6,11,3.377,S2M
9,P6,12,5.819,S2M
9,P6,13,8.260,S2M
9,P6,14,9.237,S2M
9,P6,15,8.260,S2M
9,P6,16,6.307,S2M
9,P6,17,2.889,S2M
9,P6,18,-0.041,S2M
9,P6,19,-2.482,S2M
9,P6,20,-3.947,S2M
9,P6,21,-3.459,S2M
9,P6,22,-1.506,S2M
9,P6,23,1.424,S2M
9,P6,24,4.354,S2M
9,P6,25,6.307,S2M
9,P6,26,6.795,S2M
9,P6,27,6.795,S2M
9,P6,28,7.284,S2M
9,P6,29,8.748,S2M
9,P6,30,10.213,S2M
9,P6,31,11.678,S2M
9,P6,32,11.190,S2M
9,P6,33,9.725,S2M
9,P6,34,8.260,S2M
9,P6,35,6.307,S2M
9,P6,36,5.819,S2M
9,P6,37,4.842,S2M
9,P6,38,3.377,S2M
9,P6,39,1.424,S2M
9,P6,40,-0.529,S2M
9,P6,41,-1.506,S2M
9,P6,42,-2.482,S2M
9,P6,43,-4.435,S2M
9,P6,44,-5.412,S2M
9,P6,45,-5.412,S2M
9,P6,46,-4.435,S2M
9,P6,47,-2.970,S2M
9,P6,48,-1.506,S2M
9,P6,49,-1.017,S2M
9,P6,50,-1.506,S2M
9,P6,51,-1.506,S2M
9,P6,52,-1.017,S2M
9,P6,53,0.448,S2M
9,P6,54,2.401,S2M
9,P6,55,2.889,S2M
9,P6,56,1.424,S2M
9,P6,57,-0.529,S2M
9,P6,58,-1.994,S2M
9,P6,59,-2.970,S2M
9,P6,60,-2.970,S2M
9,P6,61,-3.459,S2M
9,P6,62,-3.947,S2M
9,P6,63,-4.435,S2M
9,P6,64,-4.924,S2M
9,P6,65,-4.435,S2M
9,P6,66,-3.947,S2M
9,P6,67,-3.947,S2M
9,P6,68,-3.459,S2M
9,P6,69,-3.459,S2M
9,P6,70,-3.947,S2M
9,P6,71,-4.435,S2M
9,P6,72,-6.388,S2M
9,P6,73,-7.853,S2M
9,P6,74,-8.830,S2M
9,P6,75,-7.853,S2M
9,P6,76,-5.900,S2M
9,P6,77,-2.970,S2M
9,P6,78,-1.506,S2M
9,P6,79,-1.017,S2M
9,P6,80,-1.506,S2M
9,P6,81,-2.482,S2M
9,P6,82,-2.970,S2M
9,P6,83,-3.947,S2M
9,P6,84,-3.947,S2M
9,P6,85,-3.947,S2M
9,P6,86,-4.435,S2M
9,P6,87,-4.435,S2M
9,P6,88,-4.435,S2M
9,P6,89,-4.435,S2M
9,P6,90,-3.947,S2M
9,P6,91,-3.459,S2M
9,P6,92,-2.482,S2M
9,P6,93,-1.994,S2M
9,P6,94,-2.970,S2M
9,P6,95,-4.435,S2M
9,P6,96,-6.388,S2M
9,P6,97,-6.877,S2M
9,P6,98,-5.412,S2M
9,P6,99,-2.970,S2M
9,P6,100,-0.529,S2M
9,P6,101,0.936,S2M
9,P6,102,1.424,S2M
9,P6,103,0.448,S2M
9,P6,104,-1.017,S2M
9,P6,105,-1.506,S2M
9,P6,106,-1.994,S2M
9,P6,107,-1.506,S2M
9,P6,108,-1.017,S2M
9,P6,109,0.448,S2M
9,P6,110,1.912,S2M
9,P6,111,2.401,S2M
9,P6,112,2.401,S2M
9,P6,113,1.912,S2M
9,P6,114,1.912,S2M
9,P6,115,1.912,S2M
9,P6,116,2.401,S2M
9,P6,117,2.401,S2M
9,P6,118,1.912,S2M
9,P6,119,0.448,S2M
9,P6,120,-0.529,S2M
9,P6,121,-1.506,S2M
9,P6,122,-1.506,S2M
9,P6,123,-1.017,S2M
9,P6,124,-0.041,S2M
9,P6,125,0.936,S2M
9,P6,126,1.424,S2M
9,P6,127,1.912,S2M
9,P6,128,1.424,S2M
9,P6,129,1.424,S2M
9,P6,130,1.912,S2M
9,P6,131,3.377,S2M
9,P6,132,4.354,S2M
9,P6,133,4.842,S2M
9,P6,134,3.866,S2M
9,P6,135,1.424,S2M
9,P6,136,-0.529,S2M
9,P6,137,-1.506,S2M
9,P6,138,-1.506,S2M
9,P6,139,-1.017,S2M
9,P6,140,0.448,S2M
9,P6,141,0.936,S2M
9,P6,142,0.936,S2M
9,P6,143,0.448,S2M
9,P6,144,0.936,S2M
9,P6,145,1.912,S2M
9,P6,146,2.889,S2M
9,P6,147,3.377,S2M
9,P6,148,3.866,S2M
9,P6,149,3.377,S2M
9,P6,150,2.401,S2M
9,P6,151,2.401,S2M
9,P6,152,2.889,S2M
9,P6,153,4.354,S2M
9,P6,154,5.819,S2M
9,P6,155,7.284,S2M
9,P6,156,7.284,S2M
9,P6,157,6.795,S2M
9,P6,158,6.795,S2M
9,P6,159,6.795,S2M
9,P6,160,7.284,S2M
9,P6,161,7.772,S2M
9,P6,162,8.260,S2M
9,P6,163,8.260,S2M
9,P6,164,7.772,S2M
9,P6,165,7.772,S2M
9,P6,166,8.260,S2M
9,P6,167,8.748,S2M
9,P6,168,8.748,S2M
9,P6,169,8.260,S2M
9,P6,170,7.284,S2M
9,P6,171,7.284,S2M
9,P6,172,7.284,S2M
9,P6,173,6.795,S2M
9,P6,174,6.307,S2M
9,P6,175,5.819,S2M
9,P6,176,4.842,S2M
9,P6,177,4.354,S2M
9,P6,178,3.866,S2M
9,P6,179,3.377,S2M
9,P6,180,3.377,S2M
9,P6,181,3.866,S2M
9,P6,182,4.842,S2M
9,P6,183,5.330,S2M
9,P6,184,5.819,S2M
9,P6,185,5.819,S2M
9,P6,186,5.819,S2M
9,P6,187,5.819,S2M
9,P6,188,5.330,S2M
9,P6,189,5.330,S2M
9,P6,190,5.330,S2M
9,P6,191,5.330,S2M
9,P6,192,5.819,S2M
9,P6,193,5.819,S2M
9,P6,194,5.819,S2M
9,P6,195,4.842,S2M
9,P6,196,3.377,S2M
9,P6,197,1.912,S2M
9,P6,198,0.936,S2M
9,P6,199,0.448,S2M
9,P6,200,0.936,S2M
9,P6,201,2.401,S2M
9,P6,202,4.354,S2M
9,P6,203,6.307,S2M
9,P6,204,7.772,S2M
9,P6,205,7.772,S2M
9,P6,206,7.284,S2M
9,P6,207,5.819,S2M
9,P6,208,3.377,S2M
9,P6,209,1.424,S2M
9,P6,210,-1.017,S2M
9,P6,211,-1.506,S2M
9,P6,212,-1.017,S2M
9,P6,213,0.936,S2M
9,P6,214,3.377,S2M
9,P6,215,4.842,S2M
9,P6,216,4.354,S2M
9,P6,217,2.401,S2M
9,P6,218,0.936,S2M
9,P6,219,1.424,S2M
9,P6,220,2.401,S2M
9,P6,221,3.866,S2M
9,P6,222,3.377,S2M
9,P6,223,1.424,S2M
9,P6,224,-0.529,S2M
9,P6,225,-1.994,S2M
9,P6,226,-1.506,S2M
9,P6,227,0.448,S2M
9,P6,228,2.401,S2M
9,P6,229,2.889,S2M
9,P6,230,2.889,S2M
9,P6,231,2.401,S2M
9,P6,232,1.912,S2M
9,P6,233,1.912,S2M
9,P6,234,1.912,S2M
9,P6,235,2.401,S2M
9,P6,236,3.377,S2M
9,P6,237,4.354,S2M
9,P6,238,5.330,S2M
9,P6,239,5.330,S2M
9,P6,240,4.354,S2M
9,P6,241,3.377,S2M
9,P6,242,1.912,S2M
9,P6,243,1.912,S2M
9,P6,244,2.401,S2M
9,P6,245,3.377,S2M
9,P6,246,3.377,S2M
9,P6,247,2.889,S2M
9,P6,248,2.401,S2M
9,P6,249,2.401,S2M
9,P6,250,3.866,S2M
9,P6,251,5.819,S2M
9,P6,252,7.772,S2M
9,P6,253,8.260,S2M
9,P6,254,7.284,S2M
9,P6,255,4.842,S2M
9,C1,0,0.844,S2M
9,C1,1,0.844,S2M
9,C1,2,0.844,S2M
9,C1,3,0.356,S2M
9,C1,4,-0.621,S2M
9,C1,5,-1.109,S2M
9,C1,6,-1.109,S2M
9,C1,7,-0.621,S2M
9,C1,8,0.356,S2M
9,C1,9,1.333,S2M
9,C1,10,1.333,S2M
9,C1,11,1.333,S2M
9,C1,12,0.844,S2M
9,C1,13,0.844,S2M
9,C1,14,1.333,S2M
9,C1,15,1.333,S2M
9,C1,16,1.333,S2M
9,C1,17,0.356,S2M
9,C1,18,-0.132,S2M
9,C1,19,-0.621,S2M
9,C1,20,-0.621,S2M
9,C1,21,-0.132,S2M
9,C1,22,0.356,S2M
9,C1,23,-0.132,S2M
9,C1,24,-0.132,S2M
9,C1,25,-1.109,S2M
9,C1,26,-1.597,S2M
9,C1,27,-1.597,S2M
9,C1,28,-1.597,S2M
9,C1,29,-1.109,S2M
9,C1,30,-1.109,S2M
9,C1,31,-0.621,S2M
9,C1,32,-0.621,S2M
9,C1,33,-0.132,S2M
9,C1,34,0.356,S2M
9,C1,35,0.356,S2M
9,C1,36,0.844,S2M
9,C1,37,0.844,S2M
9,C1,38,0.844,S2M
9,C1,39,0.844,S2M
9,C1,40,0.844,S2M
9,C1,41,0.844,S2M
9,C1,42,0.356,S2M
9,C1,43,-0.132,S2M
9,C1,44,-0.621,S2M
9,C1,45,0.356,S2M
9,C1,46,0.844,S2M
9,C1,47,1.333,S2M
9,C1,48,1.333,S2M
9,C1,49,0.844,S2M
9,C1,50,0.356,S2M
9,C1,51,0.356,S2M
9,C1,52,0.356,S2M
9,C1,53,0.356,S2M
9,C1,54,0.844,S2M
9,C1,55,1.333,S2M
9,C1,56,1.821,S2M
9,C1,57,2.309,S2M
9,C1,58,2.309,S2M
9,C1,59,1.333,S2M
9,C1,60,1.333,S2M
9,C1,61,1.333,S2M
9,C1,62,0.844,S2M
9,C1,63,0.844,S2M
9,C1,64,0.356,S2M
9,C1,65,0.356,S2M
9,C1,66,0.356,S2M
9,C1,67,0.356,S2M
9,C1,68,0.356,S2M
9,C1,69,0.356,S2M
9,C1,70,0.356,S2M
9,C1,71,0.356,S2M
9,C1,72,1.333,S2M
9,C1,73,1.821,S2M
9,C1,74,1.821,S2M
9,C1,75,1.821,S2M
9,C1,76,1.333,S2M
9,C1,77,0.844,S2M
9,C1,78,0.844,S2M
9,C1,79,1.333,S2M
9,C1,80,1.333,S2M
9,C1,81,1.333,S2M
9,C1,82,1.333,S2M
9,C1,83,1.333,S2M
9,C1,84,1.333,S2M
9,C1,85,1.333,S2M
9,C1,86,0.844,S2M
9,C1,87,0.844,S2M
9,C1,88,0.844,S2M
9,C1,89,0.356,S2M
9,C1,90,0.844,S2M
9,C1,91,0.844,S2M
9,C1,92,0.844,S2M
9,C1,93,0.844,S2M
9,C1,94,0.356,S2M
9,C1,95,-0.132,S2M
9,C1,96,-0.132,S2M
9,C1,97,-0.132,S2M
9,C1,98,-0.621,S2M
9,C1,99,-0.621,S2M
9,C1,100,-1.109,S2M
9,C1,101,-1.109,S2M
9,C1,102,-0.621,S2M
9,C1,103,-0.132,S2M
9,C1,104,0.356,S2M
9,C1,105,-0.132,S2M
9,C1,106,-0.132,S2M
9,C1,107,-1.109,S2M
9,C1,108,-1.597,S2M
9,C1,109,-1.597,S2M
9,C1,110,-1.597,S2M
9,C1,111,-1.109,S2M
9,C1,112,-0.621,S2M
9,C1,113,-0.621,S2M
9,C1,114,-0.621,S2M
9,C1,115,-0.132,S2M
9,C1,116,-0.621,S2M
9,C1,117,-0.621,S2M
9,C1,118,-0.621,S2M
9,C1,119,-0.621,S2M
9,C1,120,-0.621,S2M
9,C1,121,-0.621,S2M
9,C1,122,-0.621,S2M
9,C1,123,-1.109,S2M
9,C1,124,-0.621,S2M
9,C1,125,-0.132,S2M
9,C1,126,-0.132,S2M
9,C1,127,-0.132,S2M
9,C1,128,-0.621,S2M
9,C1,129,-0.621,S2M
9,C1,130,-1.109,S2M
9,C1,131,-1.109,S2M
9,C1,132,-0.621,S2M
9,C1,133,-0.132,S2M
9,C1,134,-0.132,S2M
9,C1,135,0.356,S2M
9,C1,136,0.844,S2M
9,C1,137,1.333,S2M
9,C1,138,1.333,S2M
9,C1,139,1.333,S2M
9,C1,140,1.333,S2M
9,C1,141,1.333,S2M
9,C1,142,1.821,S2M
9,C1,143,1.821,S2M
9,C1,144,1.821,S2M
9,C1,145,1.821,S2M
9,C1,146,1.821,S2M
9,C1,147,1.821,S2M
9,C1,148,1.333,S2M
9,C1,149,1.333,S2M
9,C1,150,0.844,S2M
9,C1,151,0.844,S2M
9,C1,152,0.844,S2M
9,C1,153,1.333,S2M
9,C1,154,2.309,S2M
9,C1,155,2.797,S2M
9,C1,156,2.797,S2M
9,C1,157,2.797,S2M
9,C1,158,1.821,S2M
9,C1,159,1.821,S2M
9,C1,160,1.333,S2M
9,C1,161,1.333,S2M
9,C1,162,1.821,S2M
9,C1,163,2.309,S2M
9,C1,164,2.797,S2M
9,C1,165,3.286,S2M
9,C1,166,3.286,S2M
9,C1,167,3.286,S2M
9,C1,168,3.286,S2M
9,C1,169,3.286,S2M
9,C1,170,2.797,S2M
9,C1,171,2.797,S2M
9,C1,172,2.309,S2M
9,C1,173,1.821,S2M
9,C1,174,1.333,S2M
9,C1,175,1.333,S2M
9,C1,176,2.309,S2M
9,C1,177,2.797,S2M
9,C1,178,2.797,S2M
9,C1,179,2.797,S2M
9,C1,180,2.309,S2M
9,C1,181,1.821,S2M
9,C1,182,1.821,S2M
9,C1,183,1.821,S2M
9,C1,184,2.797,S2M
9,C1,185,3.286,S2M
9,C1,186,3.286,S2M
9,C1,187,2.797,S2M
9,C1,188,2.797,S2M
9,C1,189,2.309,S2M
9,C1,190,1.821,S2M
9,C1,191,1.821,S2M
9,C1,192,1.821,S2M
9,C1,193,2.309,S2M
9,C1,194,2.797,S2M
9,C1,195,2.797,S2M
9,C1,196,2.797,S2M
9,C1,197,2.309,S2M
9,C1,198,1.333,S2M
9,C1,199,1.333,S2M
9,C1,200,1.333,S2M
9,C1,201,1.821,S2M
9,C1,202,2.309,S2M
9,C1,203,2.309,S2M
9,C1,204,2.309,S2M
9,C1,205,1.821,S2M
9,C1,206,2.309,S2M
9,C1,207,2.309,S2M
9,C1,208,2.309,S2M
9,C1,209,2.797,S2M
9,C1,210,2.797,S2M
9,C1,211,2.797,S2M
9,C1,212,2.309,S2M
9,C1,213,1.333,S2M
9,C1,214,0.844,S2M
9,C1,215,1.333,S2M
9,C1,216,1.821,S2M
9,C1,217,1.821,S2M
9,C1,218,2.309,S2M
9,C1,219,1.821,S2M
9,C1,220,1.333,S2M
9,C1,221,0.356,S2M
9,C1,222,0.844,S2M
9,C1,223,1.333,S2M
9,C1,224,1.333,S2M
9,C1,225,1.821,S2M
9,C1,226,2.309,S2M
9,C1,227,1.821,S2M
9,C1,228,1.821,S2M
9,C1,229,1.333,S2M
9,C1,230,0.844,S2M
9,C1,231,0.844,S2M
9,C1,232,0.844,S2M
9,C1,233,0.844,S2M
9,C1,234,1.333,S2M
9,C1,235,1.821,S2M
9,C1,236,1.333,S2M
9,C1,237,1.333,S2M
9,C1,238,0.356,S2M
9,C1,239,0.844,S2M
9,C1,240,1.333,S2M
9,C1,241,1.821,S2M
9,C1,242,2.309,S2M
9,C1,243,2.309,S2M
9,C1,244,1.821,S2M
9,C1,245,1.333,S2M
9,C1,246,1.821,S2M
9,C1,247,2.309,S2M
9,C1,248,3.286,S2M
9,C1,249,3.774,S2M
9,C1,250,3.286,S2M
9,C1,251,3.286,S2M
9,C1,252,2.309,S2M
9,C1,253,1.821,S2M
9,C1,254,1.333,S2M
9,C1,255,1.821,S2M
9,C2,0,-1.149,S2M
9,C2,1,-1.149,S2M
9,C2,2,-0.173,S2M
9,C2,3,0.315,S2M
9,C2,4,0.804,S2M
9,C2,5,1.292,S2M
9,C2,6,0.804,S2M
9,C2,7,0.315,S2M
9,C2,8,-0.173,S2M
9,C2,9,-0.661,S2M
9,C2,10,-0.661,S2M
9,C2,11,-0.173,S2M
9,C2,12,0.315,S2M
9,C2,13,0.804,S2M
9,C2,14,1.292,S2M
9,C2,15,1.780,S2M
9,C2,16,1.780,S2M
9,C2,17,1.780,S2M
9,C2,18,1.292,S2M
9,C2,19,0.804,S2M
9,C2,20,-0.173,S2M
9,C2,21,-0.173,S2M
9,C2,22,-0.173,S2M
9,C2,23,0.315,S2M
9,C2,24,0.804,S2M
9,C2,25,1.292,S2M
9,C2,26,1.292,S2M
9,C2,27,1.292,S2M
9,C2,28,1.292,S2M
9,C2,29,1.292,S2M
9,C2,30,1.292,S2M
9,C2,31,1.292,S2M
9,C2,32,1.292,S2M
9,C2,33,1.292,S2M
9,C2,34,0.804,S2M
9,C2,35,0.315,S2M
9,C2,36,-0.173,S2M
9,C2,37,-0.173,S2M
9,C2,38,-0.173,S2M
9,C2,39,-0.173,S2M
9,C2,40,0.315,S2M
9,C2,41,0.315,S2M
9,C2,42,0.315,S2M
9,C2,43,-0.173,S2M
9,C2,44,-0.173,S2M
9,C2,45,-0.173,S2M
9,C2,46,-0.173,S2M
9,C2,47,-0.173,S2M
9,C2,48,-0.173,S2M
9,C2,49,-0.173,S2M
9,C2,50,-0.173,S2M
9,C2,51,0.315,S2M
9,C2,52,0.315,S2M
9,C2,53,0.804,S2M
9,C2,54,0.315,S2M
9,C2,55,-0.173,S2M
9,C2,56,-0.661,S2M
9,C2,57,-1.149,S2M
9,C2,58,-1.149,S2M
9,C2,59,-1.149,S2M
9,C2,60,-1.149,S2M
9,C2,61,-1.638,S2M
9,C2,62,-1.638,S2M
9,C2,63,-1.638,S2M
9,C2,64,-1.638,S2M
9,C2,65,-1.638,S2M
9,C2,66,-2.126,S2M
9,C2,67,-2.126,S2M
9,C2,68,-2.126,S2M
9,C2,69,-2.126,S2M
9,C2,70,-2.126,S2M
9,C2,71,-2.126,S2M
9,C2,72,-2.614,S2M
9,C2,73,-2.614,S2M
9,C2,74,-3.103,S2M
9,C2,75,-3.103,S2M
9,C2,76,-3.103,S2M
9,C2,77,-2.614,S2M
9,C2,78,-2.126,S2M
9,C2,79,-1.638,S2M
9,C2,80,-1.149,S2M
9,C2,81,-1.638,S2M
9,C2,82,-2.126,S2M
9,C2,83,-2.126,S2M
9,C2,84,-2.126,S2M
9,C2,85,-1.638,S2M
9,C2,86,-1.638,S2M
9,C2,87,-1.638,S2M
9,C2,88,-1.638,S2M
9,C2,89,-2.126,S2M
9,C2,90,-2.126,S2M
9,C2,91,-2.126,S2M
9,C2,92,-1.149,S2M
9,C2,93,-1.149,S2M
9,C2,94,-1.149,S2M
9,C2,95,-1.149,S2M
9,C2,96,-1.149,S2M
9,C2,97,-1.638,S2M
9,C2,98,-1.638,S2M
9,C2,99,-1.638,S2M
9,C2,100,-1.149,S2M
9,C2,101,-0.661,S2M
9,C2,102,-0.173,S2M
9,C2,103,-0.173,S2M
9,C2,104,-0.173,S2M
9,C2,105,-1.149,S2M
9,C2,106,-1.149,S2M
9,C2,107,-1.149,S2M
9,C2,108,-0.661,S2M
9,C2,109,-0.173,S2M
9,C2,110,0.315,S2M
9,C2,111,0.315,S2M
9,C2,112,0.315,S2M
9,C2,113,0.315,S2M
9,C2,114,-0.173,S2M
9,C2,115,-0.173,S2M
9,C2,116,-0.173,S2M
9,C2,117,-0.173,S2M
9,C2,118,-0.661,S2M
9,C2,119,-0.173,S2M
9,C2,120,-0.661,S2M
9,C2,121,-0.661,S2M
9,C2,122,-1.149,S2M
9,C2,123,-1.149,S2M
9,C2,124,-1.149,S2M
9,C2,125,-0.661,S2M
9,C2,126,-0.661,S2M
9,C2,127,-0.661,S2M
9,C2,128,-0.661,S2M
9,C2,129,-0.661,S2M
9,C2,130,-0.173,S2M
9,C2,131,-0.173,S2M
9,C2,132,0.315,S2M
9,C2,133,0.315,S2M
9,C2,134,0.315,S2M
9,C2,135,-0.173,S2M
9,C2,136,-0.173,S2M
9,C2,137,-0.661,S2M
9,C2,138,-0.661,S2M
9,C2,139,-0.661,S2M
9,C2,140,-0.173,S2M
9,C2,141,-0.173,S2M
9,C2,142,-0.173,S2M
9,C2,143,0.315,S2M
9,C2,144,0.315,S2M
9,C2,145,0.315,S2M
9,C2,146,0.315,S2M
9,C2,147,0.804,S2M
9,C2,148,0.804,S2M
9,C2,149,0.804,S2M
9,C2,150,0.804,S2M
9,C2,151,0.804,S2M
9,C2,152,0.804,S2M
9,C2,153,0.804,S2M
9,C2,154,0.804,S2M
9,C2,155,0.804,S2M
9,C2,156,0.804,S2M
9,C2,157,1.292,S2M
9,C2,158,1.292,S2M
9,C2,159,1.292,S2M
9,C2,160,1.292,S2M
9,C2,161,1.292,S2M
9,C2,162,1.292,S2M
9,C2,163,1.780,S2M
9,C2,164,1.780,S2M
9,C2,165,1.780,S2M
9,C2,166,1.780,S2M
9,C2,167,1.780,S2M
9,C2,168,1.292,S2M
9,C2,169,1.292,S2M
9,C2,170,1.292,S2M
9,C2,171,1.780,S2M
9,C2,172,1.780,S2M
9,C2,173,1.780,S2M
9,C2,174,2.268,S2M
9,C2,175,1.780,S2M
9,C2,176,1.780,S2M
9,C2,177,1.780,S2M
9,C2,178,1.780,S2M
9,C2,179,1.780,S2M
9,C2,180,2.757,S2M
9,C2,181,3.245,S2M
9,C2,182,3.245,S2M
9,C2,183,3.245,S2M
9,C2,184,2.757,S2M
9,C2,185,2.268,S2M
9,C2,186,2.268,S2M
9,C2,187,2.757,S2M
9,C2,188,2.757,S2M
9,C2,189,3.245,S2M
9,C2,190,3.245,S2M
9,C2,191,3.245,S2M
9,C2,192,3.733,S2M
9,C2,193,3.733,S2M
9,C2,194,3.245,S2M
9,C2,195,2.757,S2M
9,C2,196,2.268,S2M
9,C2,197,2.268,S2M
9,C2,198,2.268,S2M
9,C2,199,2.268,S2M
9,C2,200,2.757,S2M
9,C2,201,2.757,S2M
9,C2,202,2.268,S2M
9,C2,203,2.757,S2M
9,C2,204,3.245,S2M
9,C2,205,3.245,S2M
9,C2,206,3.245,S2M
9,C2,207,2.757,S2M
9,C2,208,2.268,S2M
9,C2,209,2.268,S2M
9,C2,210,1.780,S2M
9,C2,211,1.780,S2M
9,C2,212,2.268,S2M
9,C2,213,2.757,S2M
9,C2,214,2.757,S2M
9,C2,215,2.757,S2M
9,C2,216,2.757,S2M
9,C2,217,2.268,S2M
9,C2,218,2.268,S2M
9,C2,219,2.268,S2M
9,C2,220,2.757,S2M
9,C2,221,3.245,S2M
9,C2,222,3.245,S2M
9,C2,223,2.757,S2M
9,C2,224,2.757,S2M
9,C2,225,2.757,S2M
9,C2,226,3.245,S2M
9,C2,227,3.245,S2M
9,C2,228,3.245,S2M
9,C2,229,3.733,S2M
9,C2,230,3.733,S2M
9,C2,231,3.733,S2M
9,C2,232,4.222,S2M
9,C2,233,4.222,S2M
9,C2,234,4.222,S2M
9,C2,235,4.710,S2M
9,C2,236,4.222,S2M
9,C2,237,4.222,S2M
9,C2,238,4.222,S2M
9,C2,239,4.222,S2M
9,C2,240,4.222,S2M
9,C2,241,4.222,S2M
9,C2,242,4.710,S2M
9,C2,243,4.710,S2M
9,C2,244,4.710,S2M
9,C2,245,4.222,S2M
9,C2,246,3.733,S2M
9,C2,247,2.757,S2M
9,C2,248,2.268,S2M
9,C2,249,2.268,S2M
9,C2,250,2.757,S2M
9,C2,251,3.245,S2M
9,C2,252,3.733,S2M
9,C2,253,4.222,S2M
9,C2,254,3.733,S2M
9,C2,255,3.245,S2M
9,PO7,0,12.919,S2M
9,PO7,1,11.943,S2M
9,PO7,2,8.036,S2M
9,PO7,3,3.642,S2M
9,PO7,4,1.200,S2M
9,PO7,5,1.200,S2M
9,PO7,6,2.177,S2M
9,PO7,7,3.642,S2M
9,PO7,8,3.153,S2M
9,PO7,9,1.689,S2M
9,PO7,10,0.224,S2M
9,PO7,11,0.712,S2M
9,PO7,12,4.130,S2M
9,PO7,13,9.013,S2M
9,PO7,14,11.943,S2M
9,PO7,15,10.966,S2M
9,PO7,16,5.595,S2M
9,PO7,17,-1.241,S2M
9,PO7,18,-7.100,S2M
9,PO7,19,-9.054,S2M
9,PO7,20,-7.100,S2M
9,PO7,21,-2.218,S2M
9,PO7,22,3.153,S2M
9,PO7,23,7.548,S2M
9,PO7,24,10.478,S2M
9,PO7,25,10.478,S2M
9,PO7,26,8.525,S2M
9,PO7,27,6.571,S2M
9,PO7,28,6.083,S2M
9,PO7,29,8.525,S2M
9,PO7,30,12.431,S2M
9,PO7,31,16.337,S2M
9,PO7,32,18.290,S2M
9,PO7,33,16.825,S2M
9,PO7,34,14.384,S2M
9,PO7,35,12.431,S2M
9,PO7,36,11.454,S2M
9,PO7,37,10.478,S2M
9,PO7,38,9.013,S2M
9,PO7,39,6.083,S2M
9,PO7,40,2.177,S2M
9,PO7,41,-2.218,S2M
9,PO7,42,-5.636,S2M
9,PO7,43,-7.100,S2M
9,PO7,44,-7.589,S2M
9,PO7,45,-6.612,S2M
9,PO7,46,-5.147,S2M
9,PO7,47,-4.171,S2M
9,PO7,48,-3.194,S2M
9,PO7,49,-2.218,S2M
9,PO7,50,-1.729,S2M
9,PO7,51,-1.729,S2M
9,PO7,52,-0.753,S2M
9,PO7,53,-0.264,S2M
9,PO7,54,2.177,S2M
9,PO7,55,4.130,S2M
9,PO7,56,5.595,S2M
9,PO7,57,5.595,S2M
9,PO7,58,4.130,S2M
9,PO7,59,1.689,S2M
9,PO7,60,0.224,S2M
9,PO7,61,-0.753,S2M
9,PO7,62,-0.753,S2M
9,PO7,63,-0.264,S2M
9,PO7,64,-0.753,S2M
9,PO7,65,-1.241,S2M
9,PO7,66,-1.241,S2M
9,PO7,67,-1.241,S2M
9,PO7,68,-1.241,S2M
9,PO7,69,-2.218,S2M
9,PO7,70,-3.682,S2M
9,PO7,71,-5.147,S2M
9,PO7,72,-6.124,S2M
9,PO7,73,-7.100,S2M
9,PO7,74,-8.077,S2M
9,PO7,75,-8.565,S2M
9,PO7,76,-8.077,S2M
9,PO7,77,-6.124,S2M
9,PO7,78,-3.194,S2M
9,PO7,79,-1.241,S2M
9,PO7,80,-1.241,S2M
9,PO7,81,-2.218,S2M
9,PO7,82,-2.706,S2M
9,PO7,83,-2.706,S2M
9,PO7,84,-1.729,S2M
9,PO7,85,-1.241,S2M
9,PO7,86,-1.729,S2M
9,PO7,87,-2.218,S2M
9,PO7,88,-2.218,S2M
9,PO7,89,-1.729,S2M
9,PO7,90,-0.753,S2M
9,PO7,91,-0.753,S2M
9,PO7,92,-2.218,S2M
9,PO7,93,-5.147,S2M
9,PO7,94,-7.589,S2M
9,PO7,95,-9.542,S2M
9,PO7,96,-9.542,S2M
9,PO7,97,-8.077,S2M
9,PO7,98,-6.612,S2M
9,PO7,99,-5.147,S2M
9,PO7,100,-4.171,S2M
9,PO7,101,-3.682,S2M
9,PO7,102,-2.706,S2M
9,PO7,103,-1.241,S2M
9,PO7,104,0.224,S2M
9,PO7,105,1.200,S2M
9,PO7,106,0.712,S2M
9,PO7,107,-1.241,S2M
9,PO7,108,-3.682,S2M
9,PO7,109,-5.147,S2M
9,PO7,110,-4.171,S2M
9,PO7,111,-1.241,S2M
9,PO7,112,1.689,S2M
9,PO7,113,2.665,S2M
9,PO7,114,2.665,S2M
9,PO7,115,2.177,S2M
9,PO7,116,1.689,S2M
9,PO7,117,2.177,S2M
9,PO7,118,2.177,S2M
9,PO7,119,1.689,S2M
9,PO7,120,0.712,S2M
9,PO7,121,0.712,S2M
9,PO7,122,2.665,S2M
9,PO7,123,6.083,S2M
9,PO7,124,9.013,S2M
9,PO7,125,10.478,S2M
9,PO7,126,9.013,S2M
9,PO7,127,6.571,S2M
9,PO7,128,4.618,S2M
9,PO7,129,5.107,S2M
9,PO7,130,7.060,S2M
9,PO7,131,9.989,S2M
9,PO7,132,11.454,S2M
9,PO7,133,11.943,S2M
9,PO7,134,9.989,S2M
9,PO7,135,7.060,S2M
9,PO7,136,3.642,S2M
9,PO7,137,1.689,S2M
9,PO7,138,1.689,S2M
9,PO7,139,3.642,S2M
9,PO7,140,7.060,S2M
9,PO7,141,9.013,S2M
9,PO7,142,9.013,S2M
9,PO7,143,7.548,S2M
9,PO7,144,6.083,S2M
9,PO7,145,5.107,S2M
9,PO7,146,5.107,S2M
9,PO7,147,4.618,S2M
9,PO7,148,3.642,S2M
9,PO7,149,3.642,S2M
9,PO7,150,4.130,S2M
9,PO7,151,5.595,S2M
9,PO7,152,7.060,S2M
9,PO7,153,7.548,S2M
9,PO7,154,8.036,S2M
9,PO7,155,9.013,S2M
9,PO7,156,11.454,S2M
9,PO7,157,13.407,S2M
9,PO7,158,13.896,S2M
9,PO7,159,11.943,S2M
9,PO7,160,9.501,S2M
9,PO7,161,8.525,S2M
9,PO7,162,9.989,S2M
9,PO7,163,12.919,S2M
9,PO7,164,14.872,S2M
9,PO7,165,14.384,S2M
9,PO7,166,12.431,S2M
9,PO7,167,9.989,S2M
9,PO7,168,9.013,S2M
9,PO7,169,9.501,S2M
9,PO7,170,10.478,S2M
9,PO7,171,10.966,S2M
9,PO7,172,10.478,S2M
9,PO7,173,9.989,S2M
9,PO7,174,8.036,S2M
9,PO7,175,6.083,S2M
9,PO7,176,3.642,S2M
9,PO7,177,1.689,S2M
9,PO7,178,0.712,S2M
9,PO7,179,0.712,S2M
9,PO7,180,1.689,S2M
9,PO7,181,2.177,S2M
9,PO7,182,2.177,S2M
9,PO7,183,1.689,S2M
9,PO7,184,2.665,S2M
9,PO7,185,4.130,S2M
9,PO7,186,6.083,S2M
9,PO7,187,7.060,S2M
9,PO7,188,6.571,S2M
9,PO7,189,6.083,S2M
9,PO7,190,6.083,S2M
9,PO7,191,7.060,S2M
9,PO7,192,8.036,S2M
9,PO7,193,7.548,S2M
9,PO7,194,5.595,S2M
9,PO7,195,2.665,S2M
9,PO7,196,1.200,S2M
9,PO7,197,1.200,S2M
9,PO7,198,2.665,S2M
9,PO7,199,5.107,S2M
9,PO7,200,6.571,S2M
9,PO7,201,7.060,S2M
9,PO7,202,6.571,S2M
9,PO7,203,6.083,S2M
9,PO7,204,5.595,S2M
9,PO7,205,5.595,S2M
9,PO7,206,5.595,S2M
9,PO7,207,5.595,S2M
9,PO7,208,6.083,S2M
9,PO7,209,6.571,S2M
9,PO7,210,6.083,S2M
9,PO7,211,3.642,S2M
9,PO7,212,-0.264,S2M
9,PO7,213,-3.682,S2M
9,PO7,214,-5.147,S2M
9,PO7,215,-3.194,S2M
9,PO7,216,0.224,S2M
9,PO7,217,3.153,S2M
9,PO7,218,4.618,S2M
9,PO7,219,4.618,S2M
9,PO7,220,4.618,S2M
9,PO7,221,5.107,S2M
9,PO7,222,5.107,S2M
9,PO7,223,3.642,S2M
9,PO7,224,-0.753,S2M
9,PO7,225,-5.636,S2M
9,PO7,226,-8.077,S2M
9,PO7,227,-7.100,S2M
9,PO7,228,-3.194,S2M
9,PO7,229,1.689,S2M
9,PO7,230,4.618,S2M
9,PO7,231,6.083,S2M
9,PO7,232,6.571,S2M
9,PO7,233,6.083,S2M
9,PO7,234,6.571,S2M
9,PO7,235,6.083,S2M
9,PO7,236,6.571,S2M
9,PO7,237,6.083,S2M
9,PO7,238,6.083,S2M
9,PO7,239,5.107,S2M
9,PO7,240,4.618,S2M
9,PO7,241,3.642,S2M
9,PO7,242,3.153,S2M
9,PO7,243,3.153,S2M
9,PO7,244,3.153,S2M
9,PO7,245,3.642,S2M
9,PO7,246,4.618,S2M
9,PO7,247,7.060,S2M
9,PO7,248,10.966,S2M
9,PO7,249,14.872,S2M
9,PO7,250,16.825,S2M
9,PO7,251,16.337,S2M
9,PO7,252,14.384,S2M
9,PO7,253,11.943,S2M
9,PO7,254,10.966,S2M
9,PO7,255,11.943,S2M
9,PO8,0,5.361,S2M
9,PO8,1,7.314,S2M
9,PO8,2,7.802,S2M
9,PO8,3,8.779,S2M
9,PO8,4,10.244,S2M
9,PO8,5,11.709,S2M
9,PO8,6,11.709,S2M
9,PO8,7,9.267,S2M
9,PO8,8,5.361,S2M
9,PO8,9,2.431,S2M
9,PO8,10,1.943,S2M
9,PO8,11,3.408,S2M
9,PO8,12,6.826,S2M
9,PO8,13,8.779,S2M
9,PO8,14,9.267,S2M
9,PO8,15,8.291,S2M
9,PO8,16,5.849,S2M
9,PO8,17,2.431,S2M
9,PO8,18,-0.987,S2M
9,PO8,19,-4.405,S2M
9,PO8,20,-6.358,S2M
9,PO8,21,-4.893,S2M
9,PO8,22,-1.475,S2M
9,PO8,23,2.431,S2M
9,PO8,24,5.849,S2M
9,PO8,25,7.314,S2M
9,PO8,26,7.802,S2M
9,PO8,27,8.779,S2M
9,PO8,28,9.755,S2M
9,PO8,29,12.685,S2M
9,PO8,30,14.638,S2M
9,PO8,31,15.127,S2M
9,PO8,32,14.150,S2M
9,PO8,33,12.197,S2M
9,PO8,34,10.732,S2M
9,PO8,35,9.267,S2M
9,PO8,36,7.802,S2M
9,PO8,37,4.873,S2M
9,PO8,38,0.966,S2M
9,PO8,39,-2.452,S2M
9,PO8,40,-4.893,S2M
9,PO8,41,-5.870,S2M
9,PO8,42,-6.846,S2M
9,PO8,43,-8.311,S2M
9,PO8,44,-9.776,S2M
9,PO8,45,-10.752,S2M
9,PO8,46,-9.288,S2M
9,PO8,47,-6.358,S2M
9,PO8,48,-3.916,S2M
9,PO8,49,-2.940,S2M
9,PO8,50,-3.428,S2M
9,PO8,51,-3.916,S2M
9,PO8,52,-2.940,S2M
9,PO8,53,-0.987,S2M
9,PO8,54,1.455,S2M
9,PO8,55,1.943,S2M
9,PO8,56,0.478,S2M
9,PO8,57,-2.452,S2M
9,PO8,58,-4.405,S2M
9,PO8,59,-5.381,S2M
9,PO8,60,-5.870,S2M
9,PO8,61,-6.358,S2M
9,PO8,62,-7.823,S2M
9,PO8,63,-8.799,S2M
9,PO8,64,-9.288,S2M
9,PO8,65,-9.288,S2M
9,PO8,66,-8.311,S2M
9,PO8,67,-7.823,S2M
9,PO8,68,-7.823,S2M
9,PO8,69,-8.311,S2M
9,PO8,70,-9.288,S2M
9,PO8,71,-11.241,S2M
9,PO8,72,-14.170,S2M
9,PO8,73,-15.635,S2M
9,PO8,74,-14.659,S2M
9,PO8,75,-12.217,S2M
9,PO8,76,-8.799,S2M
9,PO8,77,-6.846,S2M
9,PO8,78,-6.846,S2M
9,PO8,79,-7.334,S2M
9,PO8,80,-7.823,S2M
9,PO8,81,-7.823,S2M
9,PO8,82,-7.334,S2M
9,PO8,83,-7.334,S2M
9,PO8,84,-8.311,S2M
9,PO8,85,-9.288,S2M
9,PO8,86,-10.264,S2M
9,PO8,87,-10.264,S2M
9,PO8,88,-10.264,S2M
9,PO8,89,-9.776,S2M
9,PO8,90,-8.799,S2M
9,PO8,91,-7.823,S2M
9,PO8,92,-7.334,S2M
9,PO8,93,-7.823,S2M
9,PO8,94,-9.776,S2M
9,PO8,95,-12.705,S2M
9,PO8,96,-14.659,S2M
9,PO8,97,-14.659,S2M
9,PO8,98,-11.729,S2M
9,PO8,99,-7.823,S2M
9,PO8,100,-5.870,S2M
9,PO8,101,-5.381,S2M
9,PO8,102,-6.358,S2M
9,PO8,103,-7.334,S2M
9,PO8,104,-7.334,S2M
9,PO8,105,-6.358,S2M
9,PO8,106,-5.870,S2M
9,PO8,107,-5.870,S2M
9,PO8,108,-6.358,S2M
9,PO8,109,-5.381,S2M
9,PO8,110,-4.405,S2M
9,PO8,111,-3.428,S2M
9,PO8,112,-2.452,S2M
9,PO8,113,-2.452,S2M
9,PO8,114,-1.963,S2M
9,PO8,115,-0.987,S2M
9,PO8,116,-0.498,S2M
9,PO8,117,-1.475,S2M
9,PO8,118,-3.916,S2M
9,PO8,119,-6.358,S2M
9,PO8,120,-7.823,S2M
9,PO8,121,-7.823,S2M
9,PO8,122,-5.870,S2M
9,PO8,123,-4.405,S2M
9,PO8,124,-2.940,S2M
9,PO8,125,-1.963,S2M
9,PO8,126,-1.475,S2M
9,PO8,127,-1.475,S2M
9,PO8,128,-0.987,S2M
9,PO8,129,-0.010,S2M
9,PO8,130,1.455,S2M
9,PO8,131,2.920,S2M
9,PO8,132,4.384,S2M
9,PO8,133,3.896,S2M
9,PO8,134,2.431,S2M
9,PO8,135,-0.498,S2M
9,PO8,136,-2.452,S2M
9,PO8,137,-3.428,S2M
9,PO8,138,-2.940,S2M
9,PO8,139,-1.475,S2M
9,PO8,140,-0.498,S2M
9,PO8,141,-0.987,S2M
9,PO8,142,-1.475,S2M
9,PO8,143,-1.963,S2M
9,PO8,144,-0.987,S2M
9,PO8,145,0.966,S2M
9,PO8,146,2.431,S2M
9,PO8,147,3.408,S2M
9,PO8,148,2.920,S2M
9,PO8,149,1.943,S2M
9,PO8,150,0.478,S2M
9,PO8,151,0.478,S2M
9,PO8,152,1.943,S2M
9,PO8,153,4.384,S2M
9,PO8,154,7.314,S2M
9,PO8,155,8.779,S2M
9,PO8,156,7.802,S2M
9,PO8,157,5.849,S2M
9,PO8,158,4.873,S2M
9,PO8,159,4.873,S2M
9,PO8,160,7.314,S2M
9,PO8,161,9.755,S2M
9,PO8,162,11.220,S2M
9,PO8,163,11.220,S2M
9,PO8,164,9.755,S2M
9,PO8,165,9.267,S2M
9,PO8,166,8.779,S2M
9,PO8,167,9.267,S2M
9,PO8,168,9.267,S2M
9,PO8,169,8.779,S2M
9,PO8,170,7.802,S2M
9,PO8,171,7.802,S2M
9,PO8,172,7.314,S2M
9,PO8,173,5.849,S2M
9,PO8,174,4.873,S2M
9,PO8,175,3.896,S2M
9,PO8,176,3.408,S2M
9,PO8,177,3.896,S2M
9,PO8,178,3.408,S2M
9,PO8,179,2.920,S2M
9,PO8,180,1.455,S2M
9,PO8,181,0.966,S2M
9,PO8,182,1.455,S2M
9,PO8,183,3.408,S2M
9,PO8,184,5.361,S2M
9,PO8,185,7.314,S2M
9,PO8,186,6.826,S2M
9,PO8,187,5.849,S2M
9,PO8,188,4.873,S2M
9,PO8,189,4.384,S2M
9,PO8,190,3.896,S2M
9,PO8,191,4.873,S2M
9,PO8,192,6.337,S2M
9,PO8,193,7.802,S2M
9,PO8,194,7.802,S2M
9,PO8,195,6.826,S2M
9,PO8,196,4.384,S2M
9,PO8,197,1.455,S2M
9,PO8,198,-0.987,S2M
9,PO8,199,-1.963,S2M
9,PO8,200,-0.010,S2M
9,PO8,201,3.408,S2M
9,PO8,202,7.802,S2M
9,PO8,203,11.220,S2M
9,PO8,204,12.685,S2M
9,PO8,205,12.197,S2M
9,PO8,206,10.244,S2M
9,PO8,207,6.826,S2M
9,PO8,208,2.920,S2M
9,PO8,209,-0.010,S2M
9,PO8,210,-3.428,S2M
9,PO8,211,-4.405,S2M
9,PO8,212,-3.428,S2M
9,PO8,213,-0.010,S2M
9,PO8,214,3.408,S2M
9,PO8,215,5.361,S2M
9,PO8,216,4.873,S2M
9,PO8,217,2.920,S2M
9,PO8,218,1.943,S2M
9,PO8,219,1.455,S2M
9,PO8,220,1.455,S2M
9,PO8,221,0.966,S2M
9,PO8,222,-0.987,S2M
9,PO8,223,-3.916,S2M
9,PO8,224,-5.870,S2M
9,PO8,225,-5.870,S2M
9,PO8,226,-3.428,S2M
9,PO8,227,-0.987,S2M
9,PO8,228,-0.010,S2M
9,PO8,229,-0.010,S2M
9,PO8,230,-0.987,S2M
9,PO8,231,-1.963,S2M
9,PO8,232,-1.963,S2M
9,PO8,233,-0.987,S2M
9,PO8,234,0.478,S2M
9,PO8,235,1.943,S2M
9,PO8,236,2.920,S2M
9,PO8,237,3.896,S2M
9,PO8,238,4.384,S2M
9,PO8,239,3.408,S2M
9,PO8,240,1.943,S2M
9,PO8,241,-0.498,S2M
9,PO8,242,-1.963,S2M
9,PO8,243,-2.452,S2M
9,PO8,244,-1.475,S2M
9,PO8,245,-0.010,S2M
9,PO8,246,1.455,S2M
9,PO8,247,2.431,S2M
9,PO8,248,3.408,S2M
9,PO8,249,3.896,S2M
9,PO8,250,5.849,S2M
9,PO8,251,7.802,S2M
9,PO8,252,9.267,S2M
9,PO8,253,9.755,S2M
9,PO8,254,7.802,S2M
9,PO8,255,3.896,S2M
9,FCZ,0,-3.235,S2M
9,FCZ,1,-3.235,S2M
9,FCZ,2,-2.747,S2M
9,FCZ,3,-2.258,S2M
9,FCZ,4,-1.282,S2M
9,FCZ,5,-1.282,S2M
9,FCZ,6,-1.282,S2M
9,FCZ,7,-1.282,S2M
9,FCZ,8,-1.770,S2M
9,FCZ,9,-2.258,S2M
9,FCZ,10,-2.258,S2M
9,FCZ,11,-1.770,S2M
9,FCZ,12,-1.282,S2M
9,FCZ,13,-1.282,S2M
9,FCZ,14,-0.305,S2M
9,FCZ,15,0.183,S2M
9,FCZ,16,1.160,S2M
9,FCZ,17,1.648,S2M
9,FCZ,18,2.136,S2M
9,FCZ,19,2.136,S2M
9,FCZ,20,1.160,S2M
9,FCZ,21,0.183,S2M
9,FCZ,22,-0.305,S2M
9,FCZ,23,-1.282,S2M
9,FCZ,24,-1.770,S2M
9,FCZ,25,-2.258,S2M
9,FCZ,26,-2.258,S2M
9,FCZ,27,-2.747,S2M
9,FCZ,28,-2.747,S2M
9,FCZ,29,-3.235,S2M
9,FCZ,30,-3.235,S2M
9,FCZ,31,-4.211,S2M
9,FCZ,32,-4.700,S2M
9,FCZ,33,-4.700,S2M
9,FCZ,34,-4.211,S2M
9,FCZ,35,-3.235,S2M
9,FCZ,36,-2.747,S2M
9,FCZ,37,-2.258,S2M
9,FCZ,38,-2.258,S2M
9,FCZ,39,-1.770,S2M
9,FCZ,40,-1.282,S2M
9,FCZ,41,-0.305,S2M
9,FCZ,42,0.183,S2M
9,FCZ,43,0.671,S2M
9,FCZ,44,0.183,S2M
9,FCZ,45,0.671,S2M
9,FCZ,46,0.671,S2M
9,FCZ,47,0.671,S2M
9,FCZ,48,0.671,S2M
9,FCZ,49,1.160,S2M
9,FCZ,50,1.160,S2M
9,FCZ,51,1.160,S2M
9,FCZ,52,1.160,S2M
9,FCZ,53,1.160,S2M
9,FCZ,54,1.160,S2M
9,FCZ,55,0.671,S2M
9,FCZ,56,0.671,S2M
9,FCZ,57,0.183,S2M
9,FCZ,58,-0.305,S2M
9,FCZ,59,0.183,S2M
9,FCZ,60,0.183,S2M
9,FCZ,61,0.671,S2M
9,FCZ,62,0.183,S2M
9,FCZ,63,-0.305,S2M
9,FCZ,64,-0.793,S2M
9,FCZ,65,-0.793,S2M
9,FCZ,66,-0.305,S2M
9,FCZ,67,-0.793,S2M
9,FCZ,68,-0.793,S2M
9,FCZ,69,-1.282,S2M
9,FCZ,70,-2.258,S2M
9,FCZ,71,-2.258,S2M
9,FCZ,72,-1.282,S2M
9,FCZ,73,-0.305,S2M
9,FCZ,74,0.671,S2M
9,FCZ,75,0.671,S2M
9,FCZ,76,-0.305,S2M
9,FCZ,77,-1.282,S2M
9,FCZ,78,-1.770,S2M
9,FCZ,79,-1.770,S2M
9,FCZ,80,-0.793,S2M
9,FCZ,81,-0.305,S2M
9,FCZ,82,0.183,S2M
9,FCZ,83,0.183,S2M
9,FCZ,84,-0.305,S2M
9,FCZ,85,-0.305,S2M
9,FCZ,86,-0.793,S2M
9,FCZ,87,-0.793,S2M
9,FCZ,88,-0.305,S2M
9,FCZ,89,-0.305,S2M
9,FCZ,90,-0.305,S2M
9,FCZ,91,-0.305,S2M
9,FCZ,92,-0.305,S2M
9,FCZ,93,-0.305,S2M
9,FCZ,94,-0.305,S2M
9,FCZ,95,0.183,S2M
9,FCZ,96,0.671,S2M
9,FCZ,97,1.160,S2M
9,FCZ,98,0.671,S2M
9,FCZ,99,-0.305,S2M
9,FCZ,100,-1.770,S2M
9,FCZ,101,-2.258,S2M
9,FCZ,102,-1.770,S2M
9,FCZ,103,-1.282,S2M
9,FCZ,104,-0.793,S2M
9,FCZ,105,-0.305,S2M
9,FCZ,106,-0.793,S2M
9,FCZ,107,-1.282,S2M
9,FCZ,108,-2.258,S2M
9,FCZ,109,-2.747,S2M
9,FCZ,110,-3.235,S2M
9,FCZ,111,-3.235,S2M
9,FCZ,112,-3.235,S2M
9,FCZ,113,-2.747,S2M
9,FCZ,114,-3.235,S2M
9,FCZ,115,-3.235,S2M
9,FCZ,116,-3.723,S2M
9,FCZ,117,-3.723,S2M
9,FCZ,118,-4.211,S2M
9,FCZ,119,-4.211,S2M
9,FCZ,120,-3.723,S2M
9,FCZ,121,-3.723,S2M
9,FCZ,122,-4.211,S2M
9,FCZ,123,-4.700,S2M
9,FCZ,124,-4.211,S2M
9,FCZ,125,-4.211,S2M
9,FCZ,126,-3.723,S2M
9,FCZ,127,-3.235,S2M
9,FCZ,128,-3.235,S2M
9,FCZ,129,-3.235,S2M
9,FCZ,130,-3.723,S2M
9,FCZ,131,-3.723,S2M
9,FCZ,132,-3.235,S2M
9,FCZ,133,-2.747,S2M
9,FCZ,134,-2.258,S2M
9,FCZ,135,-1.282,S2M
9,FCZ,136,-1.282,S2M
9,FCZ,137,-1.282,S2M
9,FCZ,138,-1.770,S2M
9,FCZ,139,-2.258,S2M
9,FCZ,140,-3.235,S2M
9,FCZ,141,-3.235,S2M
9,FCZ,142,-2.258,S2M
9,FCZ,143,-1.770,S2M
9,FCZ,144,-1.282,S2M
9,FCZ,145,-0.793,S2M
9,FCZ,146,-1.282,S2M
9,FCZ,147,-1.770,S2M
9,FCZ,148,-1.770,S2M
9,FCZ,149,-1.770,S2M
9,FCZ,150,-1.282,S2M
9,FCZ,151,-1.282,S2M
9,FCZ,152,-1.282,S2M
9,FCZ,153,-1.770,S2M
9,FCZ,154,-1.282,S2M
9,FCZ,155,-1.282,S2M
9,FCZ,156,-0.305,S2M
9,FCZ,157,-0.305,S2M
9,FCZ,158,-0.793,S2M
9,FCZ,159,-1.770,S2M
9,FCZ,160,-2.258,S2M
9,FCZ,161,-2.747,S2M
9,FCZ,162,-2.258,S2M
9,FCZ,163,-2.258,S2M
9,FCZ,164,-2.258,S2M
9,FCZ,165,-2.747,S2M
9,FCZ,166,-3.235,S2M
9,FCZ,167,-3.235,S2M
9,FCZ,168,-3.235,S2M
9,FCZ,169,-3.235,S2M
9,FCZ,170,-3.723,S2M
9,FCZ,171,-4.211,S2M
9,FCZ,172,-4.700,S2M
9,FCZ,173,-5.188,S2M
9,FCZ,174,-4.700,S2M
9,FCZ,175,-4.211,S2M
9,FCZ,176,-3.235,S2M
9,FCZ,177,-2.258,S2M
9,FCZ,178,-2.258,S2M
9,FCZ,179,-1.770,S2M
9,FCZ,180,-1.282,S2M
9,FCZ,181,-0.793,S2M
9,FCZ,182,0.183,S2M
9,FCZ,183,0.671,S2M
9,FCZ,184,0.671,S2M
9,FCZ,185,0.183,S2M
9,FCZ,186,0.183,S2M
9,FCZ,187,0.183,S2M
9,FCZ,188,0.183,S2M
9,FCZ,189,0.183,S2M
9,FCZ,190,0.183,S2M
9,FCZ,191,-0.305,S2M
9,FCZ,192,-0.305,S2M
9,FCZ,193,-0.305,S2M
9,FCZ,194,-0.305,S2M
9,FCZ,195,-0.305,S2M
9,FCZ,196,-0.305,S2M
9,FCZ,197,-0.793,S2M
9,FCZ,198,-1.770,S2M
9,FCZ,199,-2.258,S2M
9,FCZ,200,-2.747,S2M
9,FCZ,201,-2.258,S2M
9,FCZ,202,-1.770,S2M
9,FCZ,203,-1.770,S2M
9,FCZ,204,-1.770,S2M
9,FCZ,205,-2.258,S2M
9,FCZ,206,-2.258,S2M
9,FCZ,207,-2.747,S2M
9,FCZ,208,-3.235,S2M
9,FCZ,209,-3.723,S2M
9,FCZ,210,-3.723,S2M
9,FCZ,211,-3.723,S2M
9,FCZ,212,-3.235,S2M
9,FCZ,213,-3.235,S2M
9,FCZ,214,-2.747,S2M
9,FCZ,215,-2.747,S2M
9,FCZ,216,-3.235,S2M
9,FCZ,217,-3.723,S2M
9,FCZ,218,-3.723,S2M
9,FCZ,219,-4.211,S2M
9,FCZ,220,-4.700,S2M
9,FCZ,221,-4.700,S2M
9,FCZ,222,-4.700,S2M
9,FCZ,223,-3.723,S2M
9,FCZ,224,-2.747,S2M
9,FCZ,225,-1.770,S2M
9,FCZ,226,-1.282,S2M
9,FCZ,227,-1.770,S2M
9,FCZ,228,-1.770,S2M
9,FCZ,229,-2.258,S2M
9,FCZ,230,-2.747,S2M
9,FCZ,231,-2.747,S2M
9,FCZ,232,-2.747,S2M
9,FCZ,233,-2.258,S2M
9,FCZ,234,-1.770,S2M
9,FCZ,235,-1.282,S2M
9,FCZ,236,-1.770,S2M
9,FCZ,237,-2.258,S2M
9,FCZ,238,-3.235,S2M
9,FCZ,239,-3.235,S2M
9,FCZ,240,-3.235,S2M
9,FCZ,241,-2.747,S2M
9,FCZ,242,-1.770,S2M
9,FCZ,243,-1.282,S2M
9,FCZ,244,-1.770,S2M
9,FCZ,245,-2.747,S2M
9,FCZ,246,-3.235,S2M
9,FCZ,247,-3.723,S2M
9,FCZ,248,-4.211,S2M
9,FCZ,249,-4.211,S2M
9,FCZ,250,-4.211,S2M
9,FCZ,251,-4.211,S2M
9,FCZ,252,-4.700,S2M
9,FCZ,253,-4.211,S2M
9,FCZ,254,-3.235,S2M
9,FCZ,255,-2.258,S2M
9,POZ,0,5.534,S2M
9,POZ,1,6.022,S2M
9,POZ,2,6.022,S2M
9,POZ,3,5.534,S2M
9,POZ,4,5.046,S2M
9,POZ,5,5.046,S2M
9,POZ,6,5.534,S2M
9,POZ,7,6.022,S2M
9,POZ,8,5.534,S2M
9,POZ,9,4.557,S2M
9,POZ,10,3.092,S2M
9,POZ,11,2.604,S2M
9,POZ,12,4.069,S2M
9,POZ,13,6.022,S2M
9,POZ,14,7.975,S2M
9,POZ,15,7.975,S2M
9,POZ,16,5.534,S2M
9,POZ,17,1.628,S2M
9,POZ,18,-2.279,S2M
9,POZ,19,-5.208,S2M
9,POZ,20,-5.208,S2M
9,POZ,21,-3.255,S2M
9,POZ,22,0.163,S2M
9,POZ,23,3.092,S2M
9,POZ,24,5.534,S2M
9,POZ,25,6.510,S2M
9,POZ,26,6.510,S2M
9,POZ,27,6.022,S2M
9,POZ,28,6.022,S2M
9,POZ,29,7.487,S2M
9,POZ,30,9.440,S2M
9,POZ,31,11.882,S2M
9,POZ,32,13.346,S2M
9,POZ,33,12.370,S2M
9,POZ,34,11.393,S2M
9,POZ,35,9.440,S2M
9,POZ,36,8.952,S2M
9,POZ,37,7.975,S2M
9,POZ,38,7.487,S2M
9,POZ,39,6.510,S2M
9,POZ,40,4.069,S2M
9,POZ,41,1.628,S2M
9,POZ,42,-1.302,S2M
9,POZ,43,-2.279,S2M
9,POZ,44,-2.767,S2M
9,POZ,45,-2.767,S2M
9,POZ,46,-2.279,S2M
9,POZ,47,-1.302,S2M
9,POZ,48,-1.302,S2M
9,POZ,49,-1.302,S2M
9,POZ,50,-1.302,S2M
9,POZ,51,-1.302,S2M
9,POZ,52,-0.814,S2M
9,POZ,53,0.163,S2M
9,POZ,54,1.139,S2M
9,POZ,55,2.116,S2M
9,POZ,56,2.604,S2M
9,POZ,57,1.628,S2M
9,POZ,58,0.651,S2M
9,POZ,59,-0.814,S2M
9,POZ,60,-1.790,S2M
9,POZ,61,-1.790,S2M
9,POZ,62,-1.302,S2M
9,POZ,63,-1.302,S2M
9,POZ,64,-0.814,S2M
9,POZ,65,-0.814,S2M
9,POZ,66,-1.302,S2M
9,POZ,67,-1.302,S2M
9,POZ,68,-0.814,S2M
9,POZ,69,-0.326,S2M
9,POZ,70,-0.326,S2M
9,POZ,71,-1.302,S2M
9,POZ,72,-3.255,S2M
9,POZ,73,-4.720,S2M
9,POZ,74,-5.697,S2M
9,POZ,75,-5.697,S2M
9,POZ,76,-4.232,S2M
9,POZ,77,-2.279,S2M
9,POZ,78,-0.814,S2M
9,POZ,79,-0.814,S2M
9,POZ,80,-1.790,S2M
9,POZ,81,-2.279,S2M
9,POZ,82,-3.255,S2M
9,POZ,83,-2.767,S2M
9,POZ,84,-2.279,S2M
9,POZ,85,-1.302,S2M
9,POZ,86,-1.302,S2M
9,POZ,87,-1.302,S2M
9,POZ,88,-1.302,S2M
9,POZ,89,-1.302,S2M
9,POZ,90,-1.302,S2M
9,POZ,91,-1.302,S2M
9,POZ,92,-1.302,S2M
9,POZ,93,-2.279,S2M
9,POZ,94,-3.743,S2M
9,POZ,95,-5.697,S2M
9,POZ,96,-7.161,S2M
9,POZ,97,-6.673,S2M
9,POZ,98,-5.208,S2M
9,POZ,99,-3.255,S2M
9,POZ,100,-0.814,S2M
9,POZ,101,0.163,S2M
9,POZ,102,0.163,S2M
9,POZ,103,-0.326,S2M
9,POZ,104,-0.814,S2M
9,POZ,105,-0.814,S2M
9,POZ,106,-0.814,S2M
9,POZ,107,-1.302,S2M
9,POZ,108,-1.302,S2M
9,POZ,109,-1.302,S2M
9,POZ,110,-0.326,S2M
9,POZ,111,1.139,S2M
9,POZ,112,2.116,S2M
9,POZ,113,2.604,S2M
9,POZ,114,3.092,S2M
9,POZ,115,4.069,S2M
9,POZ,116,4.069,S2M
9,POZ,117,4.069,S2M
9,POZ,118,3.092,S2M
9,POZ,119,2.116,S2M
9,POZ,120,1.628,S2M
9,POZ,121,1.628,S2M
9,POZ,122,2.604,S2M
9,POZ,123,4.069,S2M
9,POZ,124,5.534,S2M
9,POZ,125,6.510,S2M
9,POZ,126,6.022,S2M
9,POZ,127,5.534,S2M
9,POZ,128,5.046,S2M
9,POZ,129,5.534,S2M
9,POZ,130,6.510,S2M
9,POZ,131,7.487,S2M
9,POZ,132,8.464,S2M
9,POZ,133,8.464,S2M
9,POZ,134,6.999,S2M
9,POZ,135,4.557,S2M
9,POZ,136,2.116,S2M
9,POZ,137,0.651,S2M
9,POZ,138,1.139,S2M
9,POZ,139,2.604,S2M
9,POZ,140,4.557,S2M
9,POZ,141,5.534,S2M
9,POZ,142,5.534,S2M
9,POZ,143,4.557,S2M
9,POZ,144,4.069,S2M
9,POZ,145,4.069,S2M
9,POZ,146,4.557,S2M
9,POZ,147,4.557,S2M
9,POZ,148,3.581,S2M
9,POZ,149,3.092,S2M
9,POZ,150,3.092,S2M
9,POZ,151,3.581,S2M
9,POZ,152,4.557,S2M
9,POZ,153,5.534,S2M
9,POZ,154,6.022,S2M
9,POZ,155,6.510,S2M
9,POZ,156,6.510,S2M
9,POZ,157,6.999,S2M
9,POZ,158,6.510,S2M
9,POZ,159,6.022,S2M
9,POZ,160,5.534,S2M
9,POZ,161,5.534,S2M
9,POZ,162,6.022,S2M
9,POZ,163,6.999,S2M
9,POZ,164,7.487,S2M
9,POZ,165,7.487,S2M
9,POZ,166,6.510,S2M
9,POZ,167,6.022,S2M
9,POZ,168,5.534,S2M
9,POZ,169,6.022,S2M
9,POZ,170,6.510,S2M
9,POZ,171,6.022,S2M
9,POZ,172,5.046,S2M
9,POZ,173,3.581,S2M
9,POZ,174,2.604,S2M
9,POZ,175,2.604,S2M
9,POZ,176,2.604,S2M
9,POZ,177,2.604,S2M
9,POZ,178,1.628,S2M
9,POZ,179,1.139,S2M
9,POZ,180,0.163,S2M
9,POZ,181,-0.326,S2M
9,POZ,182,-0.326,S2M
9,POZ,183,-0.326,S2M
9,POZ,184,0.163,S2M
9,POZ,185,1.139,S2M
9,POZ,186,2.116,S2M
9,POZ,187,2.604,S2M
9,POZ,188,2.116,S2M
9,POZ,189,1.628,S2M
9,POZ,190,1.139,S2M
9,POZ,191,0.651,S2M
9,POZ,192,1.139,S2M
9,POZ,193,1.139,S2M
9,POZ,194,0.651,S2M
9,POZ,195,-0.326,S2M
9,POZ,196,-0.814,S2M
9,POZ,197,-1.302,S2M
9,POZ,198,-1.302,S2M
9,POZ,199,-1.302,S2M
9,POZ,200,-0.814,S2M
9,POZ,201,-0.326,S2M
9,POZ,202,0.163,S2M
9,POZ,203,1.628,S2M
9,POZ,204,2.604,S2M
9,POZ,205,3.092,S2M
9,POZ,206,3.092,S2M
9,POZ,207,1.628,S2M
9,POZ,208,0.163,S2M
9,POZ,209,-0.814,S2M
9,POZ,210,-1.790,S2M
9,POZ,211,-2.279,S2M
9,POZ,212,-3.255,S2M
9,POZ,213,-4.232,S2M
9,POZ,214,-3.255,S2M
9,POZ,215,-2.279,S2M
9,POZ,216,-1.790,S2M
9,POZ,217,-1.790,S2M
9,POZ,218,-2.279,S2M
9,POZ,219,-2.279,S2M
9,POZ,220,-1.790,S2M
9,POZ,221,-0.814,S2M
9,POZ,222,-0.326,S2M
9,POZ,223,-1.302,S2M
9,POZ,224,-3.255,S2M
9,POZ,225,-5.697,S2M
9,POZ,226,-7.650,S2M
9,POZ,227,-7.650,S2M
9,POZ,228,-6.185,S2M
9,POZ,229,-4.232,S2M
9,POZ,230,-2.767,S2M
9,POZ,231,-1.302,S2M
9,POZ,232,-0.814,S2M
9,POZ,233,0.163,S2M
9,POZ,234,1.139,S2M
9,POZ,235,1.628,S2M
9,POZ,236,1.628,S2M
9,POZ,237,1.628,S2M
9,POZ,238,1.628,S2M
9,POZ,239,1.628,S2M
9,POZ,240,1.628,S2M
9,POZ,241,0.651,S2M
9,POZ,242,-0.326,S2M
9,POZ,243,-1.790,S2M
9,POZ,244,-2.279,S2M
9,POZ,245,-2.279,S2M
9,POZ,246,-1.302,S2M
9,POZ,247,1.139,S2M
9,POZ,248,3.581,S2M
9,POZ,249,5.534,S2M
9,POZ,250,6.510,S2M
9,POZ,251,6.510,S2M
9,POZ,252,6.022,S2M
9,POZ,253,5.046,S2M
9,POZ,254,3.581,S2M
9,POZ,255,2.604,S2M
9,OZ,0,7.619,S2M
9,OZ,1,9.572,S2M
9,OZ,2,9.572,S2M
9,OZ,3,8.108,S2M
9,OZ,4,6.643,S2M
9,OZ,5,6.154,S2M
9,OZ,6,6.154,S2M
9,OZ,7,5.666,S2M
9,OZ,8,4.201,S2M
9,OZ,9,2.736,S2M
9,OZ,10,0.783,S2M
9,OZ,11,0.783,S2M
9,OZ,12,3.225,S2M
9,OZ,13,6.154,S2M
9,OZ,14,8.596,S2M
9,OZ,15,9.084,S2M
9,OZ,16,5.666,S2M
9,OZ,17,1.272,S2M
9,OZ,18,-3.611,S2M
9,OZ,19,-6.541,S2M
9,OZ,20,-6.541,S2M
9,OZ,21,-4.588,S2M
9,OZ,22,-1.170,S2M
9,OZ,23,2.736,S2M
9,OZ,24,5.178,S2M
9,OZ,25,6.643,S2M
9,OZ,26,7.131,S2M
9,OZ,27,6.643,S2M
9,OZ,28,6.643,S2M
9,OZ,29,8.108,S2M
9,OZ,30,10.549,S2M
9,OZ,31,12.502,S2M
9,OZ,32,12.990,S2M
9,OZ,33,12.014,S2M
9,OZ,34,10.549,S2M
9,OZ,35,9.084,S2M
9,OZ,36,8.596,S2M
9,OZ,37,7.619,S2M
9,OZ,38,6.643,S2M
9,OZ,39,4.201,S2M
9,OZ,40,1.272,S2M
9,OZ,41,-1.658,S2M
9,OZ,42,-4.100,S2M
9,OZ,43,-5.564,S2M
9,OZ,44,-6.053,S2M
9,OZ,45,-5.564,S2M
9,OZ,46,-4.588,S2M
9,OZ,47,-3.123,S2M
9,OZ,48,-1.658,S2M
9,OZ,49,-1.170,S2M
9,OZ,50,-0.682,S2M
9,OZ,51,-1.170,S2M
9,OZ,52,-0.682,S2M
9,OZ,53,0.295,S2M
9,OZ,54,1.760,S2M
9,OZ,55,3.225,S2M
9,OZ,56,3.713,S2M
9,OZ,57,2.736,S2M
9,OZ,58,0.783,S2M
9,OZ,59,-1.170,S2M
9,OZ,60,-2.635,S2M
9,OZ,61,-3.123,S2M
9,OZ,62,-3.123,S2M
9,OZ,63,-3.123,S2M
9,OZ,64,-3.123,S2M
9,OZ,65,-3.123,S2M
9,OZ,66,-2.635,S2M
9,OZ,67,-2.635,S2M
9,OZ,68,-2.635,S2M
9,OZ,69,-3.123,S2M
9,OZ,70,-4.100,S2M
9,OZ,71,-5.076,S2M
9,OZ,72,-7.029,S2M
9,OZ,73,-8.006,S2M
9,OZ,74,-8.494,S2M
9,OZ,75,-8.006,S2M
9,OZ,76,-6.541,S2M
9,OZ,77,-4.100,S2M
9,OZ,78,-2.635,S2M
9,OZ,79,-2.146,S2M
9,OZ,80,-2.635,S2M
9,OZ,81,-3.611,S2M
9,OZ,82,-3.611,S2M
9,OZ,83,-3.123,S2M
9,OZ,84,-3.123,S2M
9,OZ,85,-2.635,S2M
9,OZ,86,-3.123,S2M
9,OZ,87,-3.611,S2M
9,OZ,88,-3.611,S2M
9,OZ,89,-3.123,S2M
9,OZ,90,-2.635,S2M
9,OZ,91,-2.635,S2M
9,OZ,92,-2.635,S2M
9,OZ,93,-4.100,S2M
9,OZ,94,-6.053,S2M
9,OZ,95,-8.006,S2M
9,OZ,96,-8.982,S2M
9,OZ,97,-8.982,S2M
9,OZ,98,-7.029,S2M
9,OZ,99,-4.588,S2M
9,OZ,100,-2.635,S2M
9,OZ,101,-1.658,S2M
9,OZ,102,-1.170,S2M
9,OZ,103,-1.170,S2M
9,OZ,104,-0.682,S2M
9,OZ,105,0.295,S2M
9,OZ,106,0.295,S2M
9,OZ,107,-0.682,S2M
9,OZ,108,-1.658,S2M
9,OZ,109,-2.146,S2M
9,OZ,110,-1.658,S2M
9,OZ,111,0.295,S2M
9,OZ,112,2.736,S2M
9,OZ,113,4.201,S2M
9,OZ,114,4.690,S2M
9,OZ,115,4.690,S2M
9,OZ,116,4.690,S2M
9,OZ,117,4.201,S2M
9,OZ,118,3.713,S2M
9,OZ,119,2.736,S2M
9,OZ,120,1.760,S2M
9,OZ,121,1.760,S2M
9,OZ,122,2.736,S2M
9,OZ,123,5.178,S2M
9,OZ,124,7.619,S2M
9,OZ,125,9.084,S2M
9,OZ,126,8.596,S2M
9,OZ,127,7.131,S2M
9,OZ,128,5.666,S2M
9,OZ,129,5.666,S2M
9,OZ,130,7.619,S2M
9,OZ,131,10.549,S2M
9,OZ,132,12.014,S2M
9,OZ,133,12.014,S2M
9,OZ,134,10.549,S2M
9,OZ,135,7.619,S2M
9,OZ,136,4.690,S2M
9,OZ,137,3.713,S2M
9,OZ,138,4.201,S2M
9,OZ,139,5.666,S2M
9,OZ,140,7.131,S2M
9,OZ,141,8.108,S2M
9,OZ,142,8.108,S2M
9,OZ,143,7.619,S2M
9,OZ,144,6.643,S2M
9,OZ,145,6.643,S2M
9,OZ,146,6.643,S2M
9,OZ,147,6.643,S2M
9,OZ,148,6.643,S2M
9,OZ,149,6.154,S2M
9,OZ,150,5.666,S2M
9,OZ,151,6.154,S2M
9,OZ,152,6.643,S2M
9,OZ,153,8.108,S2M
9,OZ,154,9.572,S2M
9,OZ,155,10.549,S2M
9,OZ,156,11.525,S2M
9,OZ,157,11.525,S2M
9,OZ,158,11.037,S2M
9,OZ,159,10.061,S2M
9,OZ,160,9.572,S2M
9,OZ,161,10.061,S2M
9,OZ,162,11.525,S2M
9,OZ,163,12.990,S2M
9,OZ,164,13.479,S2M
9,OZ,165,12.502,S2M
9,OZ,166,11.037,S2M
9,OZ,167,10.061,S2M
9,OZ,168,10.061,S2M
9,OZ,169,10.061,S2M
9,OZ,170,10.061,S2M
9,OZ,171,10.061,S2M
9,OZ,172,8.596,S2M
9,OZ,173,7.131,S2M
9,OZ,174,6.154,S2M
9,OZ,175,5.666,S2M
9,OZ,176,5.666,S2M
9,OZ,177,5.178,S2M
9,OZ,178,4.201,S2M
9,OZ,179,3.225,S2M
9,OZ,180,2.248,S2M
9,OZ,181,1.760,S2M
9,OZ,182,1.760,S2M
9,OZ,183,2.248,S2M
9,OZ,184,3.225,S2M
9,OZ,185,4.201,S2M
9,OZ,186,5.178,S2M
9,OZ,187,5.666,S2M
9,OZ,188,5.178,S2M
9,OZ,189,3.713,S2M
9,OZ,190,3.225,S2M
9,OZ,191,3.713,S2M
9,OZ,192,5.178,S2M
9,OZ,193,6.643,S2M
9,OZ,194,7.131,S2M
9,OZ,195,6.154,S2M
9,OZ,196,3.713,S2M
9,OZ,197,1.760,S2M
9,OZ,198,0.295,S2M
9,OZ,199,0.783,S2M
9,OZ,200,1.760,S2M
9,OZ,201,3.225,S2M
9,OZ,202,5.178,S2M
9,OZ,203,7.131,S2M
9,OZ,204,8.108,S2M
9,OZ,205,8.596,S2M
9,OZ,206,8.108,S2M
9,OZ,207,6.154,S2M
9,OZ,208,3.713,S2M
9,OZ,209,2.248,S2M
9,OZ,210,1.272,S2M
9,OZ,211,0.783,S2M
9,OZ,212,0.295,S2M
9,OZ,213,-0.682,S2M
9,OZ,214,-0.682,S2M
9,OZ,215,0.295,S2M
9,OZ,216,0.783,S2M
9,OZ,217,1.272,S2M
9,OZ,218,0.783,S2M
9,OZ,219,0.295,S2M
9,OZ,220,0.295,S2M
9,OZ,221,0.783,S2M
9,OZ,222,1.272,S2M
9,OZ,223,0.783,S2M
9,OZ,224,-1.170,S2M
9,OZ,225,-3.611,S2M
9,OZ,226,-5.564,S2M
9,OZ,227,-5.564,S2M
9,OZ,228,-4.588,S2M
9,OZ,229,-2.635,S2M
9,OZ,230,-1.658,S2M
9,OZ,231,-0.193,S2M
9,OZ,232,0.295,S2M
9,OZ,233,1.760,S2M
9,OZ,234,3.225,S2M
9,OZ,235,4.690,S2M
9,OZ,236,5.666,S2M
9,OZ,237,5.666,S2M
9,OZ,238,5.178,S2M
9,OZ,239,4.690,S2M
9,OZ,240,3.713,S2M
9,OZ,241,3.225,S2M
9,OZ,242,2.248,S2M
9,OZ,243,1.272,S2M
9,OZ,244,0.295,S2M
9,OZ,245,0.295,S2M
9,OZ,246,1.272,S2M
9,OZ,247,3.225,S2M
9,OZ,248,6.154,S2M
9,OZ,249,9.084,S2M
9,OZ,250,11.037,S2M
9,OZ,251,12.502,S2M
9,OZ,252,12.502,S2M
9,OZ,253,11.525,S2M
9,OZ,254,10.061,S2M
9,OZ,255,8.108,S2M
9,P2,0,3.031,S2M
9,P2,1,4.496,S2M
9,P2,2,4.496,S2M
9,P2,3,4.008,S2M
9,P2,4,4.008,S2M
9,P2,5,4.496,S2M
9,P2,6,4.985,S2M
9,P2,7,5.473,S2M
9,P2,8,4.496,S2M
9,P2,9,3.031,S2M
9,P2,10,2.055,S2M
9,P2,11,2.055,S2M
9,P2,12,3.031,S2M
9,P2,13,4.496,S2M
9,P2,14,5.473,S2M
9,P2,15,5.473,S2M
9,P2,16,4.008,S2M
9,P2,17,1.567,S2M
9,P2,18,-1.363,S2M
9,P2,19,-3.316,S2M
9,P2,20,-3.805,S2M
9,P2,21,-3.316,S2M
9,P2,22,-1.363,S2M
9,P2,23,1.078,S2M
9,P2,24,3.031,S2M
9,P2,25,4.008,S2M
9,P2,26,4.496,S2M
9,P2,27,4.008,S2M
9,P2,28,3.520,S2M
9,P2,29,4.496,S2M
9,P2,30,6.449,S2M
9,P2,31,7.914,S2M
9,P2,32,8.891,S2M
9,P2,33,8.403,S2M
9,P2,34,6.938,S2M
9,P2,35,5.961,S2M
9,P2,36,4.985,S2M
9,P2,37,4.496,S2M
9,P2,38,4.008,S2M
9,P2,39,3.031,S2M
9,P2,40,0.590,S2M
9,P2,41,-0.875,S2M
9,P2,42,-2.828,S2M
9,P2,43,-3.805,S2M
9,P2,44,-4.293,S2M
9,P2,45,-3.805,S2M
9,P2,46,-3.316,S2M
9,P2,47,-2.340,S2M
9,P2,48,-2.340,S2M
9,P2,49,-2.340,S2M
9,P2,50,-2.828,S2M
9,P2,51,-2.828,S2M
9,P2,52,-2.340,S2M
9,P2,53,-1.363,S2M
9,P2,54,-0.387,S2M
9,P2,55,0.590,S2M
9,P2,56,0.590,S2M
9,P2,57,-0.387,S2M
9,P2,58,-1.363,S2M
9,P2,59,-2.340,S2M
9,P2,60,-2.828,S2M
9,P2,61,-2.340,S2M
9,P2,62,-2.340,S2M
9,P2,63,-1.851,S2M
9,P2,64,-1.851,S2M
9,P2,65,-1.851,S2M
9,P2,66,-1.851,S2M
9,P2,67,-1.363,S2M
9,P2,68,-0.875,S2M
9,P2,69,-1.363,S2M
9,P2,70,-0.875,S2M
9,P2,71,-1.851,S2M
9,P2,72,-2.340,S2M
9,P2,73,-3.805,S2M
9,P2,74,-4.293,S2M
9,P2,75,-4.293,S2M
9,P2,76,-2.828,S2M
9,P2,77,-0.875,S2M
9,P2,78,0.590,S2M
9,P2,79,0.590,S2M
9,P2,80,0.590,S2M
9,P2,81,-0.387,S2M
9,P2,82,-1.363,S2M
9,P2,83,-1.851,S2M
9,P2,84,-0.875,S2M
9,P2,85,-0.387,S2M
9,P2,86,0.102,S2M
9,P2,87,0.102,S2M
9,P2,88,0.102,S2M
9,P2,89,-0.387,S2M
9,P2,90,0.102,S2M
9,P2,91,0.102,S2M
9,P2,92,0.590,S2M
9,P2,93,0.590,S2M
9,P2,94,-0.387,S2M
9,P2,95,-1.851,S2M
9,P2,96,-3.316,S2M
9,P2,97,-3.805,S2M
9,P2,98,-2.340,S2M
9,P2,99,-0.387,S2M
9,P2,100,1.567,S2M
9,P2,101,3.031,S2M
9,P2,102,3.031,S2M
9,P2,103,2.055,S2M
9,P2,104,1.567,S2M
9,P2,105,1.078,S2M
9,P2,106,1.078,S2M
9,P2,107,1.078,S2M
9,P2,108,1.567,S2M
9,P2,109,2.055,S2M
9,P2,110,3.520,S2M
9,P2,111,4.008,S2M
9,P2,112,4.496,S2M
9,P2,113,4.985,S2M
9,P2,114,4.985,S2M
9,P2,115,5.473,S2M
9,P2,116,5.961,S2M
9,P2,117,5.961,S2M
9,P2,118,5.473,S2M
9,P2,119,4.496,S2M
9,P2,120,4.008,S2M
9,P2,121,4.008,S2M
9,P2,122,4.985,S2M
9,P2,123,5.961,S2M
9,P2,124,6.938,S2M
9,P2,125,7.426,S2M
9,P2,126,7.426,S2M
9,P2,127,6.938,S2M
9,P2,128,6.449,S2M
9,P2,129,6.449,S2M
9,P2,130,6.938,S2M
9,P2,131,7.426,S2M
9,P2,132,7.914,S2M
9,P2,133,7.914,S2M
9,P2,134,6.938,S2M
9,P2,135,4.985,S2M
9,P2,136,3.031,S2M
9,P2,137,2.543,S2M
9,P2,138,3.031,S2M
9,P2,139,4.008,S2M
9,P2,140,5.473,S2M
9,P2,141,5.961,S2M
9,P2,142,5.961,S2M
9,P2,143,5.473,S2M
9,P2,144,4.985,S2M
9,P2,145,5.473,S2M
9,P2,146,5.961,S2M
9,P2,147,6.449,S2M
9,P2,148,5.961,S2M
9,P2,149,5.961,S2M
9,P2,150,5.473,S2M
9,P2,151,5.473,S2M
9,P2,152,5.961,S2M
9,P2,153,6.938,S2M
9,P2,154,7.426,S2M
9,P2,155,7.914,S2M
9,P2,156,7.914,S2M
9,P2,157,7.914,S2M
9,P2,158,7.914,S2M
9,P2,159,7.914,S2M
9,P2,160,7.426,S2M
9,P2,161,7.914,S2M
9,P2,162,7.914,S2M
9,P2,163,8.891,S2M
9,P2,164,9.379,S2M
9,P2,165,9.379,S2M
9,P2,166,9.379,S2M
9,P2,167,8.891,S2M
9,P2,168,8.891,S2M
9,P2,169,8.891,S2M
9,P2,170,8.891,S2M
9,P2,171,8.891,S2M
9,P2,172,8.403,S2M
9,P2,173,7.426,S2M
9,P2,174,6.449,S2M
9,P2,175,5.961,S2M
9,P2,176,5.961,S2M
9,P2,177,5.961,S2M
9,P2,178,6.449,S2M
9,P2,179,6.449,S2M
9,P2,180,5.961,S2M
9,P2,181,5.961,S2M
9,P2,182,5.473,S2M
9,P2,183,4.985,S2M
9,P2,184,4.985,S2M
9,P2,185,5.473,S2M
9,P2,186,5.961,S2M
9,P2,187,6.449,S2M
9,P2,188,6.449,S2M
9,P2,189,5.961,S2M
9,P2,190,5.961,S2M
9,P2,191,5.961,S2M
9,P2,192,5.961,S2M
9,P2,193,5.961,S2M
9,P2,194,5.473,S2M
9,P2,195,4.496,S2M
9,P2,196,4.008,S2M
9,P2,197,3.520,S2M
9,P2,198,3.031,S2M
9,P2,199,3.031,S2M
9,P2,200,3.031,S2M
9,P2,201,3.520,S2M
9,P2,202,4.496,S2M
9,P2,203,5.473,S2M
9,P2,204,6.938,S2M
9,P2,205,7.426,S2M
9,P2,206,7.426,S2M
9,P2,207,6.449,S2M
9,P2,208,5.473,S2M
9,P2,209,4.008,S2M
9,P2,210,3.031,S2M
9,P2,211,2.543,S2M
9,P2,212,2.055,S2M
9,P2,213,2.543,S2M
9,P2,214,3.520,S2M
9,P2,215,4.008,S2M
9,P2,216,4.496,S2M
9,P2,217,4.008,S2M
9,P2,218,3.520,S2M
9,P2,219,3.520,S2M
9,P2,220,4.008,S2M
9,P2,221,4.985,S2M
9,P2,222,4.985,S2M
9,P2,223,3.520,S2M
9,P2,224,1.078,S2M
9,P2,225,-0.387,S2M
9,P2,226,-1.363,S2M
9,P2,227,-0.875,S2M
9,P2,228,0.590,S2M
9,P2,229,2.055,S2M
9,P2,230,2.543,S2M
9,P2,231,3.031,S2M
9,P2,232,3.520,S2M
9,P2,233,4.008,S2M
9,P2,234,4.008,S2M
9,P2,235,4.008,S2M
9,P2,236,4.008,S2M
9,P2,237,4.496,S2M
9,P2,238,4.985,S2M
9,P2,239,5.473,S2M
9,P2,240,4.985,S2M
9,P2,241,4.008,S2M
9,P2,242,2.543,S2M
9,P2,243,1.567,S2M
9,P2,244,2.055,S2M
9,P2,245,2.543,S2M
9,P2,246,3.520,S2M
9,P2,247,4.496,S2M
9,P2,248,5.473,S2M
9,P2,249,5.961,S2M
9,P2,250,5.961,S2M
9,P2,251,6.938,S2M
9,P2,252,7.426,S2M
9,P2,253,7.426,S2M
9,P2,254,6.449,S2M
9,P2,255,4.985,S2M
9,P1,0,5.269,S2M
9,P1,1,5.758,S2M
9,P1,2,5.269,S2M
9,P1,3,3.805,S2M
9,P1,4,1.851,S2M
9,P1,5,1.363,S2M
9,P1,6,1.363,S2M
9,P1,7,2.340,S2M
9,P1,8,3.805,S2M
9,P1,9,4.293,S2M
9,P1,10,4.293,S2M
9,P1,11,4.293,S2M
9,P1,12,4.293,S2M
9,P1,13,4.781,S2M
9,P1,14,5.758,S2M
9,P1,15,5.758,S2M
9,P1,16,4.293,S2M
9,P1,17,1.363,S2M
9,P1,18,-1.567,S2M
9,P1,19,-3.520,S2M
9,P1,20,-3.520,S2M
9,P1,21,-2.055,S2M
9,P1,22,0.387,S2M
9,P1,23,2.828,S2M
9,P1,24,4.293,S2M
9,P1,25,4.781,S2M
9,P1,26,3.805,S2M
9,P1,27,2.828,S2M
9,P1,28,2.340,S2M
9,P1,29,3.316,S2M
9,P1,30,4.781,S2M
9,P1,31,7.222,S2M
9,P1,32,8.199,S2M
9,P1,33,8.199,S2M
9,P1,34,7.711,S2M
9,P1,35,6.734,S2M
9,P1,36,6.246,S2M
9,P1,37,6.246,S2M
9,P1,38,6.246,S2M
9,P1,39,5.758,S2M
9,P1,40,4.293,S2M
9,P1,41,2.340,S2M
9,P1,42,0.875,S2M
9,P1,43,-1.078,S2M
9,P1,44,-1.567,S2M
9,P1,45,-1.567,S2M
9,P1,46,-0.102,S2M
9,P1,47,0.387,S2M
9,P1,48,0.875,S2M
9,P1,49,0.875,S2M
9,P1,50,0.387,S2M
9,P1,51,-0.102,S2M
9,P1,52,0.387,S2M
9,P1,53,1.363,S2M
9,P1,54,2.340,S2M
9,P1,55,3.805,S2M
9,P1,56,4.293,S2M
9,P1,57,4.781,S2M
9,P1,58,4.293,S2M
9,P1,59,3.316,S2M
9,P1,60,2.828,S2M
9,P1,61,2.828,S2M
9,P1,62,2.828,S2M
9,P1,63,2.828,S2M
9,P1,64,2.828,S2M
9,P1,65,2.828,S2M
9,P1,66,2.340,S2M
9,P1,67,2.340,S2M
9,P1,68,2.828,S2M
9,P1,69,2.828,S2M
9,P1,70,2.828,S2M
9,P1,71,2.340,S2M
9,P1,72,1.363,S2M
9,P1,73,0.387,S2M
9,P1,74,-0.102,S2M
9,P1,75,0.387,S2M
9,P1,76,0.875,S2M
9,P1,77,2.340,S2M
9,P1,78,3.316,S2M
9,P1,79,3.805,S2M
9,P1,80,3.316,S2M
9,P1,81,2.828,S2M
9,P1,82,1.851,S2M
9,P1,83,1.851,S2M
9,P1,84,1.851,S2M
9,P1,85,2.340,S2M
9,P1,86,2.828,S2M
9,P1,87,3.316,S2M
9,P1,88,3.316,S2M
9,P1,89,3.316,S2M
9,P1,90,3.316,S2M
9,P1,91,2.828,S2M
9,P1,92,2.340,S2M
9,P1,93,1.851,S2M
9,P1,94,0.387,S2M
9,P1,95,-0.590,S2M
9,P1,96,-1.567,S2M
9,P1,97,-1.567,S2M
9,P1,98,-0.590,S2M
9,P1,99,0.387,S2M
9,P1,100,1.851,S2M
9,P1,101,2.340,S2M
9,P1,102,2.340,S2M
9,P1,103,2.340,S2M
9,P1,104,2.340,S2M
9,P1,105,2.340,S2M
9,P1,106,1.851,S2M
9,P1,107,1.363,S2M
9,P1,108,0.875,S2M
9,P1,109,0.387,S2M
9,P1,110,0.875,S2M
9,P1,111,1.363,S2M
9,P1,112,2.340,S2M
9,P1,113,2.828,S2M
9,P1,114,2.828,S2M
9,P1,115,3.316,S2M
9,P1,116,3.805,S2M
9,P1,117,4.293,S2M
9,P1,118,4.293,S2M
9,P1,119,3.805,S2M
9,P1,120,3.316,S2M
9,P1,121,2.828,S2M
9,P1,122,3.316,S2M
9,P1,123,4.293,S2M
9,P1,124,5.758,S2M
9,P1,125,6.246,S2M
9,P1,126,6.246,S2M
9,P1,127,5.758,S2M
9,P1,128,5.269,S2M
9,P1,129,4.781,S2M
9,P1,130,4.781,S2M
9,P1,131,5.758,S2M
9,P1,132,6.246,S2M
9,P1,133,6.246,S2M
9,P1,134,5.269,S2M
9,P1,135,4.293,S2M
9,P1,136,2.828,S2M
9,P1,137,2.828,S2M
9,P1,138,3.316,S2M
9,P1,139,4.781,S2M
9,P1,140,5.758,S2M
9,P1,141,5.758,S2M
9,P1,142,5.758,S2M
9,P1,143,4.781,S2M
9,P1,144,4.781,S2M
9,P1,145,4.781,S2M
9,P1,146,4.781,S2M
9,P1,147,4.293,S2M
9,P1,148,3.805,S2M
9,P1,149,3.805,S2M
9,P1,150,3.805,S2M
9,P1,151,4.781,S2M
9,P1,152,5.269,S2M
9,P1,153,5.758,S2M
9,P1,154,5.758,S2M
9,P1,155,5.758,S2M
9,P1,156,5.758,S2M
9,P1,157,6.246,S2M
9,P1,158,6.734,S2M
9,P1,159,6.246,S2M
9,P1,160,6.246,S2M
9,P1,161,5.758,S2M
9,P1,162,5.758,S2M
9,P1,163,6.734,S2M
9,P1,164,7.711,S2M
9,P1,165,8.199,S2M
9,P1,166,8.199,S2M
9,P1,167,7.711,S2M
9,P1,168,7.222,S2M
9,P1,169,7.711,S2M
9,P1,170,8.199,S2M
9,P1,171,8.199,S2M
9,P1,172,7.711,S2M
9,P1,173,6.734,S2M
9,P1,174,5.269,S2M
9,P1,175,4.781,S2M
9,P1,176,4.293,S2M
9,P1,177,4.781,S2M
9,P1,178,4.293,S2M
9,P1,179,4.293,S2M
9,P1,180,3.316,S2M
9,P1,181,2.340,S2M
9,P1,182,1.851,S2M
9,P1,183,1.851,S2M
9,P1,184,2.828,S2M
9,P1,185,3.805,S2M
9,P1,186,4.293,S2M
9,P1,187,4.293,S2M
9,P1,188,3.805,S2M
9,P1,189,3.316,S2M
9,P1,190,2.828,S2M
9,P1,191,3.316,S2M
9,P1,192,3.805,S2M
9,P1,193,3.316,S2M
9,P1,194,2.828,S2M
9,P1,195,2.340,S2M
9,P1,196,1.851,S2M
9,P1,197,2.340,S2M
9,P1,198,2.828,S2M
9,P1,199,3.316,S2M
9,P1,200,3.805,S2M
9,P1,201,3.316,S2M
9,P1,202,2.828,S2M
9,P1,203,2.828,S2M
9,P1,204,3.316,S2M
9,P1,205,3.316,S2M
9,P1,206,3.805,S2M
9,P1,207,4.293,S2M
9,P1,208,4.293,S2M
9,P1,209,4.293,S2M
9,P1,210,3.805,S2M
9,P1,211,2.828,S2M
9,P1,212,1.363,S2M
9,P1,213,0.875,S2M
9,P1,214,0.875,S2M
9,P1,215,1.851,S2M
9,P1,216,3.316,S2M
9,P1,217,3.805,S2M
9,P1,218,4.293,S2M
9,P1,219,3.805,S2M
9,P1,220,3.316,S2M
9,P1,221,2.828,S2M
9,P1,222,2.828,S2M
9,P1,223,2.340,S2M
9,P1,224,0.875,S2M
9,P1,225,-0.102,S2M
9,P1,226,-0.590,S2M
9,P1,227,-0.590,S2M
9,P1,228,0.875,S2M
9,P1,229,1.851,S2M
9,P1,230,2.828,S2M
9,P1,231,3.805,S2M
9,P1,232,3.805,S2M
9,P1,233,3.805,S2M
9,P1,234,3.805,S2M
9,P1,235,3.805,S2M
9,P1,236,3.805,S2M
9,P1,237,3.805,S2M
9,P1,238,4.293,S2M
9,P1,239,4.781,S2M
9,P1,240,4.781,S2M
9,P1,241,4.293,S2M
9,P1,242,3.316,S2M
9,P1,243,2.340,S2M
9,P1,244,1.363,S2M
9,P1,245,1.851,S2M
9,P1,246,3.316,S2M
9,P1,247,5.269,S2M
9,P1,248,7.711,S2M
9,P1,249,8.687,S2M
9,P1,250,8.687,S2M
9,P1,251,8.199,S2M
9,P1,252,7.222,S2M
9,P1,253,6.246,S2M
9,P1,254,5.758,S2M
9,P1,255,5.269,S2M
9,CPZ,0,2.065,S2M
9,CPZ,1,3.042,S2M
9,CPZ,2,3.042,S2M
9,CPZ,3,2.553,S2M
9,CPZ,4,1.577,S2M
9,CPZ,5,1.577,S2M
9,CPZ,6,1.088,S2M
9,CPZ,7,1.577,S2M
9,CPZ,8,2.065,S2M
9,CPZ,9,2.553,S2M
9,CPZ,10,2.065,S2M
9,CPZ,11,2.065,S2M
9,CPZ,12,1.577,S2M
9,CPZ,13,2.065,S2M
9,CPZ,14,2.065,S2M
9,CPZ,15,2.065,S2M
9,CPZ,16,1.577,S2M
9,CPZ,17,0.112,S2M
9,CPZ,18,-0.865,S2M
9,CPZ,19,-1.353,S2M
9,CPZ,20,-1.841,S2M
9,CPZ,21,-1.353,S2M
9,CPZ,22,-0.865,S2M
9,CPZ,23,0.600,S2M
9,CPZ,24,1.577,S2M
9,CPZ,25,2.065,S2M
9,CPZ,26,2.065,S2M
9,CPZ,27,1.577,S2M
9,CPZ,28,1.577,S2M
9,CPZ,29,2.065,S2M
9,CPZ,30,3.042,S2M
9,CPZ,31,4.018,S2M
9,CPZ,32,4.995,S2M
9,CPZ,33,4.995,S2M
9,CPZ,34,4.506,S2M
9,CPZ,35,4.018,S2M
9,CPZ,36,3.530,S2M
9,CPZ,37,3.530,S2M
9,CPZ,38,3.530,S2M
9,CPZ,39,3.042,S2M
9,CPZ,40,2.065,S2M
9,CPZ,41,1.088,S2M
9,CPZ,42,0.112,S2M
9,CPZ,43,-0.865,S2M
9,CPZ,44,-0.865,S2M
9,CPZ,45,-0.865,S2M
9,CPZ,46,-0.376,S2M
9,CPZ,47,-0.376,S2M
9,CPZ,48,-0.865,S2M
9,CPZ,49,-1.353,S2M
9,CPZ,50,-1.841,S2M
9,CPZ,51,-1.841,S2M
9,CPZ,52,-1.841,S2M
9,CPZ,53,-0.865,S2M
9,CPZ,54,-0.376,S2M
9,CPZ,55,0.112,S2M
9,CPZ,56,0.112,S2M
9,CPZ,57,-0.376,S2M
9,CPZ,58,-0.376,S2M
9,CPZ,59,-0.865,S2M
9,CPZ,60,-0.376,S2M
9,CPZ,61,0.112,S2M
9,CPZ,62,0.112,S2M
9,CPZ,63,0.600,S2M
9,CPZ,64,0.600,S2M
9,CPZ,65,0.600,S2M
9,CPZ,66,0.600,S2M
9,CPZ,67,0.600,S2M
9,CPZ,68,1.088,S2M
9,CPZ,69,1.088,S2M
9,CPZ,70,1.577,S2M
9,CPZ,71,1.088,S2M
9,CPZ,72,0.600,S2M
9,CPZ,73,-0.376,S2M
9,CPZ,74,-0.865,S2M
9,CPZ,75,-0.865,S2M
9,CPZ,76,0.112,S2M
9,CPZ,77,0.600,S2M
9,CPZ,78,1.577,S2M
9,CPZ,79,1.088,S2M
9,CPZ,80,1.088,S2M
9,CPZ,81,0.600,S2M
9,CPZ,82,-0.376,S2M
9,CPZ,83,-0.376,S2M
9,CPZ,84,0.112,S2M
9,CPZ,85,0.600,S2M
9,CPZ,86,1.088,S2M
9,CPZ,87,1.088,S2M
9,CPZ,88,1.088,S2M
9,CPZ,89,0.600,S2M
9,CPZ,90,0.112,S2M
9,CPZ,91,0.112,S2M
9,CPZ,92,0.112,S2M
9,CPZ,93,0.112,S2M
9,CPZ,94,-0.376,S2M
9,CPZ,95,-0.865,S2M
9,CPZ,96,-1.841,S2M
9,CPZ,97,-1.841,S2M
9,CPZ,98,-1.353,S2M
9,CPZ,99,-0.376,S2M
9,CPZ,100,0.600,S2M
9,CPZ,101,1.088,S2M
9,CPZ,102,1.577,S2M
9,CPZ,103,1.577,S2M
9,CPZ,104,1.088,S2M
9,CPZ,105,1.088,S2M
9,CPZ,106,0.600,S2M
9,CPZ,107,0.600,S2M
9,CPZ,108,1.088,S2M
9,CPZ,109,1.088,S2M
9,CPZ,110,1.088,S2M
9,CPZ,111,1.088,S2M
9,CPZ,112,1.088,S2M
9,CPZ,113,1.088,S2M
9,CPZ,114,1.577,S2M
9,CPZ,115,2.065,S2M
9,CPZ,116,2.553,S2M
9,CPZ,117,3.042,S2M
9,CPZ,118,2.553,S2M
9,CPZ,119,2.553,S2M
9,CPZ,120,2.065,S2M
9,CPZ,121,2.065,S2M
9,CPZ,122,2.553,S2M
9,CPZ,123,3.042,S2M
9,CPZ,124,3.042,S2M
9,CPZ,125,3.042,S2M
9,CPZ,126,3.042,S2M
9,CPZ,127,3.042,S2M
9,CPZ,128,2.553,S2M
9,CPZ,129,2.553,S2M
9,CPZ,130,2.553,S2M
9,CPZ,131,2.553,S2M
9,CPZ,132,2.553,S2M
9,CPZ,133,2.553,S2M
9,CPZ,134,2.553,S2M
9,CPZ,135,2.065,S2M
9,CPZ,136,1.088,S2M
9,CPZ,137,1.088,S2M
9,CPZ,138,1.088,S2M
9,CPZ,139,2.065,S2M
9,CPZ,140,2.553,S2M
9,CPZ,141,2.553,S2M
9,CPZ,142,2.553,S2M
9,CPZ,143,2.065,S2M
9,CPZ,144,1.577,S2M
9,CPZ,145,2.065,S2M
9,CPZ,146,1.577,S2M
9,CPZ,147,2.065,S2M
9,CPZ,148,2.065,S2M
9,CPZ,149,2.065,S2M
9,CPZ,150,2.065,S2M
9,CPZ,151,2.065,S2M
9,CPZ,152,2.553,S2M
9,CPZ,153,2.553,S2M
9,CPZ,154,2.553,S2M
9,CPZ,155,2.553,S2M
9,CPZ,156,2.553,S2M
9,CPZ,157,2.553,S2M
9,CPZ,158,2.065,S2M
9,CPZ,159,2.065,S2M
9,CPZ,160,2.065,S2M
9,CPZ,161,2.065,S2M
9,CPZ,162,2.553,S2M
9,CPZ,163,3.042,S2M
9,CPZ,164,4.018,S2M
9,CPZ,165,4.506,S2M
9,CPZ,166,4.506,S2M
9,CPZ,167,4.018,S2M
9,CPZ,168,4.018,S2M
9,CPZ,169,4.018,S2M
9,CPZ,170,4.018,S2M
9,CPZ,171,4.506,S2M
9,CPZ,172,4.506,S2M
9,CPZ,173,4.506,S2M
9,CPZ,174,3.530,S2M
9,CPZ,175,3.042,S2M
9,CPZ,176,2.553,S2M
9,CPZ,177,2.553,S2M
9,CPZ,178,3.042,S2M
9,CPZ,179,2.553,S2M
9,CPZ,180,2.553,S2M
9,CPZ,181,2.065,S2M
9,CPZ,182,1.577,S2M
9,CPZ,183,1.088,S2M
9,CPZ,184,0.600,S2M
9,CPZ,185,1.088,S2M
9,CPZ,186,1.577,S2M
9,CPZ,187,2.065,S2M
9,CPZ,188,2.065,S2M
9,CPZ,189,2.065,S2M
9,CPZ,190,1.577,S2M
9,CPZ,191,1.577,S2M
9,CPZ,192,1.577,S2M
9,CPZ,193,1.577,S2M
9,CPZ,194,1.577,S2M
9,CPZ,195,1.088,S2M
9,CPZ,196,1.088,S2M
9,CPZ,197,1.577,S2M
9,CPZ,198,1.577,S2M
9,CPZ,199,2.065,S2M
9,CPZ,200,1.577,S2M
9,CPZ,201,1.577,S2M
9,CPZ,202,1.577,S2M
9,CPZ,203,1.577,S2M
9,CPZ,204,1.577,S2M
9,CPZ,205,2.065,S2M
9,CPZ,206,2.065,S2M
9,CPZ,207,2.065,S2M
9,CPZ,208,2.553,S2M
9,CPZ,209,2.553,S2M
9,CPZ,210,2.553,S2M
9,CPZ,211,2.065,S2M
9,CPZ,212,1.088,S2M
9,CPZ,213,0.600,S2M
9,CPZ,214,0.600,S2M
9,CPZ,215,1.577,S2M
9,CPZ,216,2.065,S2M
9,CPZ,217,2.065,S2M
9,CPZ,218,2.065,S2M
9,CPZ,219,2.065,S2M
9,CPZ,220,2.553,S2M
9,CPZ,221,2.553,S2M
9,CPZ,222,2.553,S2M
9,CPZ,223,2.065,S2M
9,CPZ,224,1.088,S2M
9,CPZ,225,0.112,S2M
9,CPZ,226,-0.376,S2M
9,CPZ,227,-0.376,S2M
9,CPZ,228,0.600,S2M
9,CPZ,229,1.088,S2M
9,CPZ,230,1.577,S2M
9,CPZ,231,2.065,S2M
9,CPZ,232,1.577,S2M
9,CPZ,233,1.577,S2M
9,CPZ,234,1.577,S2M
9,CPZ,235,1.577,S2M
9,CPZ,236,1.577,S2M
9,CPZ,237,2.065,S2M
9,CPZ,238,2.553,S2M
9,CPZ,239,2.553,S2M
9,CPZ,240,2.553,S2M
9,CPZ,241,2.065,S2M
9,CPZ,242,1.577,S2M
9,CPZ,243,1.088,S2M
9,CPZ,244,1.088,S2M
9,CPZ,245,1.088,S2M
9,CPZ,246,2.065,S2M
9,CPZ,247,2.553,S2M
9,CPZ,248,3.042,S2M
9,CPZ,249,4.018,S2M
9,CPZ,250,4.018,S2M
9,CPZ,251,4.018,S2M
9,CPZ,252,3.530,S2M
9,CPZ,253,2.553,S2M
9,CPZ,254,2.065,S2M
9,CPZ,255,2.065,S2M
9,nd,0,-2.909,S2M
9,nd,1,-3.398,S2M
9,nd,2,-3.886,S2M
9,nd,3,-4.374,S2M
9,nd,4,-5.351,S2M
9,nd,5,-4.862,S2M
9,nd,6,-2.909,S2M
9,nd,7,-1.444,S2M
9,nd,8,-0.468,S2M
9,nd,9,0.020,S2M
9,nd,10,0.020,S2M
9,nd,11,0.997,S2M
9,nd,12,3.438,S2M
9,nd,13,6.368,S2M
9,nd,14,8.809,S2M
9,nd,15,8.809,S2M
9,nd,16,6.856,S2M
9,nd,17,4.415,S2M
9,nd,18,1.973,S2M
9,nd,19,-0.468,S2M
9,nd,20,-1.444,S2M
9,nd,21,-1.933,S2M
9,nd,22,-1.933,S2M
9,nd,23,-2.909,S2M
9,nd,24,-4.374,S2M
9,nd,25,-5.839,S2M
9,nd,26,-7.792,S2M
9,nd,27,-7.792,S2M
9,nd,28,-6.327,S2M
9,nd,29,-3.398,S2M
9,nd,30,-0.468,S2M
9,nd,31,0.997,S2M
9,nd,32,0.997,S2M
9,nd,33,0.020,S2M
9,nd,34,-0.956,S2M
9,nd,35,0.020,S2M
9,nd,36,0.997,S2M
9,nd,37,1.973,S2M
9,nd,38,1.973,S2M
9,nd,39,1.485,S2M
9,nd,40,1.973,S2M
9,nd,41,2.950,S2M
9,nd,42,4.415,S2M
9,nd,43,5.391,S2M
9,nd,44,5.391,S2M
9,nd,45,4.415,S2M
9,nd,46,3.927,S2M
9,nd,47,3.438,S2M
9,nd,48,4.415,S2M
9,nd,49,5.391,S2M
9,nd,50,6.368,S2M
9,nd,51,6.856,S2M
9,nd,52,7.345,S2M
9,nd,53,8.321,S2M
9,nd,54,9.298,S2M
9,nd,55,9.298,S2M
9,nd,56,8.321,S2M
9,nd,57,5.391,S2M
9,nd,58,2.462,S2M
9,nd,59,0.997,S2M
9,nd,60,0.509,S2M
9,nd,61,0.509,S2M
9,nd,62,0.020,S2M
9,nd,63,-1.444,S2M
9,nd,64,-3.398,S2M
9,nd,65,-5.351,S2M
9,nd,66,-5.839,S2M
9,nd,67,-4.862,S2M
9,nd,68,-3.398,S2M
9,nd,69,-2.909,S2M
9,nd,70,-2.909,S2M
9,nd,71,-3.398,S2M
9,nd,72,-3.398,S2M
9,nd,73,-2.421,S2M
9,nd,74,-1.444,S2M
9,nd,75,-0.956,S2M
9,nd,76,-0.956,S2M
9,nd,77,-1.444,S2M
9,nd,78,-1.444,S2M
9,nd,79,-0.956,S2M
9,nd,80,0.509,S2M
9,nd,81,1.973,S2M
9,nd,82,3.438,S2M
9,nd,83,3.927,S2M
9,nd,84,3.438,S2M
9,nd,85,2.950,S2M
9,nd,86,1.485,S2M
9,nd,87,0.020,S2M
9,nd,88,-1.444,S2M
9,nd,89,-1.933,S2M
9,nd,90,-2.421,S2M
9,nd,91,-1.933,S2M
9,nd,92,-1.444,S2M
9,nd,93,-1.444,S2M
9,nd,94,-2.421,S2M
9,nd,95,-3.886,S2M
9,nd,96,-4.862,S2M
9,nd,97,-5.839,S2M
9,nd,98,-5.351,S2M
9,nd,99,-4.374,S2M
9,nd,100,-3.398,S2M
9,nd,101,-2.421,S2M
9,nd,102,-1.933,S2M
9,nd,103,-1.444,S2M
9,nd,104,-0.956,S2M
9,nd,105,0.509,S2M
9,nd,106,1.485,S2M
9,nd,107,1.485,S2M
9,nd,108,0.509,S2M
9,nd,109,-1.444,S2M
9,nd,110,-1.933,S2M
9,nd,111,-0.468,S2M
9,nd,112,2.950,S2M
9,nd,113,6.368,S2M
9,nd,114,8.809,S2M
9,nd,115,8.809,S2M
9,nd,116,7.345,S2M
9,nd,117,5.880,S2M
9,nd,118,4.415,S2M
9,nd,119,4.415,S2M
9,nd,120,5.391,S2M
9,nd,121,6.368,S2M
9,nd,122,7.345,S2M
9,nd,123,8.321,S2M
9,nd,124,8.809,S2M
9,nd,125,8.809,S2M
9,nd,126,9.298,S2M
9,nd,127,8.809,S2M
9,nd,128,8.321,S2M
9,nd,129,7.345,S2M
9,nd,130,7.345,S2M
9,nd,131,7.833,S2M
9,nd,132,7.833,S2M
9,nd,133,7.345,S2M
9,nd,134,5.880,S2M
9,nd,135,4.415,S2M
9,nd,136,3.927,S2M
9,nd,137,4.415,S2M
9,nd,138,5.391,S2M
9,nd,139,6.368,S2M
9,nd,140,6.368,S2M
9,nd,141,5.880,S2M
9,nd,142,5.391,S2M
9,nd,143,4.903,S2M
9,nd,144,5.391,S2M
9,nd,145,6.368,S2M
9,nd,146,6.856,S2M
9,nd,147,7.345,S2M
9,nd,148,6.856,S2M
9,nd,149,6.368,S2M
9,nd,150,4.415,S2M
9,nd,151,3.438,S2M
9,nd,152,2.950,S2M
9,nd,153,4.415,S2M
9,nd,154,6.856,S2M
9,nd,155,9.786,S2M
9,nd,156,11.251,S2M
9,nd,157,11.251,S2M
9,nd,158,9.786,S2M
9,nd,159,8.321,S2M
9,nd,160,8.321,S2M
9,nd,161,9.786,S2M
9,nd,162,12.227,S2M
9,nd,163,14.181,S2M
9,nd,164,14.669,S2M
9,nd,165,13.692,S2M
9,nd,166,11.739,S2M
9,nd,167,10.763,S2M
9,nd,168,10.274,S2M
9,nd,169,10.274,S2M
9,nd,170,9.298,S2M
9,nd,171,7.833,S2M
9,nd,172,5.391,S2M
9,nd,173,2.950,S2M
9,nd,174,0.997,S2M
9,nd,175,0.020,S2M
9,nd,176,-0.468,S2M
9,nd,177,-0.956,S2M
9,nd,178,-0.956,S2M
9,nd,179,-0.956,S2M
9,nd,180,0.020,S2M
9,nd,181,0.509,S2M
9,nd,182,0.997,S2M
9,nd,183,1.973,S2M
9,nd,184,3.438,S2M
9,nd,185,5.391,S2M
9,nd,186,6.856,S2M
9,nd,187,7.833,S2M
9,nd,188,6.368,S2M
9,nd,189,4.415,S2M
9,nd,190,2.950,S2M
9,nd,191,2.950,S2M
9,nd,192,4.415,S2M
9,nd,193,6.856,S2M
9,nd,194,8.809,S2M
9,nd,195,8.809,S2M
9,nd,196,7.345,S2M
9,nd,197,5.391,S2M
9,nd,198,3.438,S2M
9,nd,199,2.462,S2M
9,nd,200,2.462,S2M
9,nd,201,3.927,S2M
9,nd,202,5.391,S2M
9,nd,203,7.345,S2M
9,nd,204,8.321,S2M
9,nd,205,7.833,S2M
9,nd,206,6.368,S2M
9,nd,207,4.415,S2M
9,nd,208,2.462,S2M
9,nd,209,1.485,S2M
9,nd,210,1.485,S2M
9,nd,211,3.438,S2M
9,nd,212,5.880,S2M
9,nd,213,6.856,S2M
9,nd,214,6.368,S2M
9,nd,215,3.438,S2M
9,nd,216,-0.468,S2M
9,nd,217,-5.351,S2M
9,nd,218,-7.304,S2M
9,nd,219,-7.304,S2M
9,nd,220,-5.839,S2M
9,nd,221,-4.374,S2M
9,nd,222,-3.398,S2M
9,nd,223,-1.933,S2M
9,nd,224,0.020,S2M
9,nd,225,1.973,S2M
9,nd,226,3.927,S2M
9,nd,227,3.927,S2M
9,nd,228,2.462,S2M
9,nd,229,0.509,S2M
9,nd,230,-0.956,S2M
9,nd,231,-1.444,S2M
9,nd,232,-0.956,S2M
9,nd,233,0.509,S2M
9,nd,234,1.973,S2M
9,nd,235,2.462,S2M
9,nd,236,2.950,S2M
9,nd,237,2.950,S2M
9,nd,238,2.950,S2M
9,nd,239,2.950,S2M
9,nd,240,3.438,S2M
9,nd,241,4.903,S2M
9,nd,242,6.368,S2M
9,nd,243,7.833,S2M
9,nd,244,7.833,S2M
9,nd,245,6.368,S2M
9,nd,246,4.415,S2M
9,nd,247,1.973,S2M
9,nd,248,0.997,S2M
9,nd,249,0.997,S2M
9,nd,250,1.485,S2M
9,nd,251,1.485,S2M
9,nd,252,0.997,S2M
9,nd,253,-0.468,S2M
9,nd,254,-1.933,S2M
9,nd,255,-1.933,S2M
9,Y,0,-3.418,S2M
9,Y,1,-3.418,S2M
9,Y,2,-3.906,S2M
9,Y,3,-5.371,S2M
9,Y,4,-5.859,S2M
9,Y,5,-5.371,S2M
9,Y,6,-3.906,S2M
9,Y,7,-1.953,S2M
9,Y,8,-0.488,S2M
9,Y,9,-0.488,S2M
9,Y,10,-0.488,S2M
9,Y,11,0.488,S2M
9,Y,12,2.930,S2M
9,Y,13,6.348,S2M
9,Y,14,8.789,S2M
9,Y,15,8.789,S2M
9,Y,16,6.836,S2M
9,Y,17,3.906,S2M
9,Y,18,0.977,S2M
9,Y,19,-0.977,S2M
9,Y,20,-1.953,S2M
9,Y,21,-2.441,S2M
9,Y,22,-2.441,S2M
9,Y,23,-3.418,S2M
9,Y,24,-4.395,S2M
9,Y,25,-6.348,S2M
9,Y,26,-8.301,S2M
9,Y,27,-8.301,S2M
9,Y,28,-6.836,S2M
9,Y,29,-3.906,S2M
9,Y,30,-0.488,S2M
9,Y,31,0.977,S2M
9,Y,32,0.977,S2M
9,Y,33,-0.488,S2M
9,Y,34,-0.977,S2M
9,Y,35,-0.488,S2M
9,Y,36,0.488,S2M
9,Y,37,1.465,S2M
9,Y,38,1.465,S2M
9,Y,39,0.977,S2M
9,Y,40,1.465,S2M
9,Y,41,3.418,S2M
9,Y,42,4.395,S2M
9,Y,43,5.371,S2M
9,Y,44,5.371,S2M
9,Y,45,3.906,S2M
9,Y,46,2.930,S2M
9,Y,47,3.418,S2M
9,Y,48,4.395,S2M
9,Y,49,5.371,S2M
9,Y,50,6.348,S2M
9,Y,51,6.836,S2M
9,Y,52,7.324,S2M
9,Y,53,7.812,S2M
9,Y,54,9.277,S2M
9,Y,55,9.766,S2M
9,Y,56,8.301,S2M
9,Y,57,5.371,S2M
9,Y,58,2.441,S2M
9,Y,59,0.000,S2M
9,Y,60,-0.488,S2M
9,Y,61,0.000,S2M
9,Y,62,-0.488,S2M
9,Y,63,-1.953,S2M
9,Y,64,-4.395,S2M
9,Y,65,-6.348,S2M
9,Y,66,-6.348,S2M
9,Y,67,-5.859,S2M
9,Y,68,-3.906,S2M
9,Y,69,-3.418,S2M
9,Y,70,-3.418,S2M
9,Y,71,-3.906,S2M
9,Y,72,-3.906,S2M
9,Y,73,-2.930,S2M
9,Y,74,-1.953,S2M
9,Y,75,-1.465,S2M
9,Y,76,-1.465,S2M
9,Y,77,-1.953,S2M
9,Y,78,-1.953,S2M
9,Y,79,-1.465,S2M
9,Y,80,0.000,S2M
9,Y,81,1.953,S2M
9,Y,82,2.930,S2M
9,Y,83,3.418,S2M
9,Y,84,2.930,S2M
9,Y,85,1.953,S2M
9,Y,86,0.977,S2M
9,Y,87,-0.488,S2M
9,Y,88,-1.953,S2M
9,Y,89,-2.441,S2M
9,Y,90,-2.441,S2M
9,Y,91,-1.953,S2M
9,Y,92,-1.953,S2M
9,Y,93,-1.953,S2M
9,Y,94,-3.418,S2M
9,Y,95,-4.883,S2M
9,Y,96,-5.859,S2M
9,Y,97,-6.348,S2M
9,Y,98,-5.859,S2M
9,Y,99,-4.883,S2M
9,Y,100,-3.906,S2M
9,Y,101,-2.930,S2M
9,Y,102,-2.441,S2M
9,Y,103,-2.441,S2M
9,Y,104,-1.465,S2M
9,Y,105,0.000,S2M
9,Y,106,1.465,S2M
9,Y,107,1.465,S2M
9,Y,108,0.000,S2M
9,Y,109,-1.465,S2M
9,Y,110,-2.441,S2M
9,Y,111,-0.488,S2M
9,Y,112,2.930,S2M
9,Y,113,6.348,S2M
9,Y,114,8.789,S2M
9,Y,115,8.789,S2M
9,Y,116,6.836,S2M
9,Y,117,5.371,S2M
9,Y,118,4.395,S2M
9,Y,119,3.906,S2M
9,Y,120,4.883,S2M
9,Y,121,5.859,S2M
9,Y,122,6.836,S2M
9,Y,123,7.324,S2M
9,Y,124,8.301,S2M
9,Y,125,8.789,S2M
9,Y,126,8.789,S2M
9,Y,127,8.301,S2M
9,Y,128,7.324,S2M
9,Y,129,7.324,S2M
9,Y,130,6.836,S2M
9,Y,131,7.324,S2M
9,Y,132,7.324,S2M
9,Y,133,6.836,S2M
9,Y,134,5.371,S2M
9,Y,135,3.906,S2M
9,Y,136,3.906,S2M
9,Y,137,4.883,S2M
9,Y,138,5.859,S2M
9,Y,139,6.348,S2M
9,Y,140,6.836,S2M
9,Y,141,5.859,S2M
9,Y,142,5.859,S2M
9,Y,143,5.371,S2M
9,Y,144,5.859,S2M
9,Y,145,6.348,S2M
9,Y,146,6.836,S2M
9,Y,147,6.836,S2M
9,Y,148,6.836,S2M
9,Y,149,5.859,S2M
9,Y,150,3.906,S2M
9,Y,151,2.930,S2M
9,Y,152,2.930,S2M
9,Y,153,4.395,S2M
9,Y,154,6.836,S2M
9,Y,155,9.766,S2M
9,Y,156,11.230,S2M
9,Y,157,11.230,S2M
9,Y,158,9.766,S2M
9,Y,159,8.301,S2M
9,Y,160,8.301,S2M
9,Y,161,10.254,S2M
9,Y,162,12.695,S2M
9,Y,163,14.648,S2M
9,Y,164,15.137,S2M
9,Y,165,13.672,S2M
9,Y,166,12.207,S2M
9,Y,167,10.742,S2M
9,Y,168,10.742,S2M
9,Y,169,10.742,S2M
9,Y,170,9.766,S2M
9,Y,171,7.812,S2M
9,Y,172,5.371,S2M
9,Y,173,2.441,S2M
9,Y,174,0.977,S2M
9,Y,175,0.000,S2M
9,Y,176,-0.488,S2M
9,Y,177,-0.977,S2M
9,Y,178,-0.977,S2M
9,Y,179,-0.977,S2M
9,Y,180,-0.488,S2M
9,Y,181,0.000,S2M
9,Y,182,0.977,S2M
9,Y,183,1.953,S2M
9,Y,184,3.418,S2M
9,Y,185,5.371,S2M
9,Y,186,7.324,S2M
9,Y,187,7.812,S2M
9,Y,188,6.348,S2M
9,Y,189,4.395,S2M
9,Y,190,2.441,S2M
9,Y,191,2.930,S2M
9,Y,192,4.395,S2M
9,Y,193,7.324,S2M
9,Y,194,9.277,S2M
9,Y,195,9.277,S2M
9,Y,196,7.812,S2M
9,Y,197,5.371,S2M
9,Y,198,3.418,S2M
9,Y,199,2.441,S2M
9,Y,200,2.441,S2M
9,Y,201,3.906,S2M
9,Y,202,5.859,S2M
9,Y,203,7.812,S2M
9,Y,204,8.789,S2M
9,Y,205,8.301,S2M
9,Y,206,6.836,S2M
9,Y,207,4.883,S2M
9,Y,208,2.930,S2M
9,Y,209,1.953,S2M
9,Y,210,1.953,S2M
9,Y,211,3.906,S2M
9,Y,212,5.859,S2M
9,Y,213,7.324,S2M
9,Y,214,6.348,S2M
9,Y,215,2.930,S2M
9,Y,216,-1.465,S2M
9,Y,217,-5.859,S2M
9,Y,218,-7.324,S2M
9,Y,219,-7.324,S2M
9,Y,220,-5.859,S2M
9,Y,221,-4.883,S2M
9,Y,222,-3.418,S2M
9,Y,223,-2.441,S2M
9,Y,224,-0.488,S2M
9,Y,225,1.953,S2M
9,Y,226,3.418,S2M
9,Y,227,3.906,S2M
9,Y,228,2.930,S2M
9,Y,229,0.488,S2M
9,Y,230,-0.977,S2M
9,Y,231,-1.465,S2M
9,Y,232,-0.977,S2M
9,Y,233,0.488,S2M
9,Y,234,1.953,S2M
9,Y,235,2.930,S2M
9,Y,236,3.418,S2M
9,Y,237,3.418,S2M
9,Y,238,3.418,S2M
9,Y,239,2.930,S2M
9,Y,240,3.906,S2M
9,Y,241,5.371,S2M
9,Y,242,7.324,S2M
9,Y,243,8.301,S2M
9,Y,244,7.812,S2M
9,Y,245,6.348,S2M
9,Y,246,3.906,S2M
9,Y,247,1.953,S2M
9,Y,248,1.465,S2M
9,Y,249,0.977,S2M
9,Y,250,1.465,S2M
9,Y,251,1.953,S2M
9,Y,252,0.977,S2M
9,Y,253,-0.488,S2M
9,Y,254,-1.953,S2M
9,Y,255,-1.953,S2M
