Trial no,Sensor position,Sample No,Sensor val,Matching condition
78,FP1,0,-6.287,S1O
78,FP1,1,-7.751,S1O
78,FP1,2,-7.263,S1O
78,FP1,3,-5.798,S1O
78,FP1,4,-5.310,S1O
78,FP1,5,-6.287,S1O
78,FP1,6,-8.728,S1O
78,FP1,7,-10.193,S1O
78,FP1,8,-9.216,S1O
78,FP1,9,-5.310,S1O
78,FP1,10,-0.427,S1O
78,FP1,11,3.479,S1O
78,FP1,12,4.456,S1O
78,FP1,13,2.991,S1O
78,FP1,14,0.549,S1O
78,FP1,15,-1.404,S1O
78,FP1,16,-2.869,S1O
78,FP1,17,-4.822,S1O
78,FP1,18,-8.240,S1O
78,FP1,19,-10.681,S1O
78,FP1,20,-11.169,S1O
78,FP1,21,-8.728,S1O
78,FP1,22,-4.333,S1O
78,FP1,23,-0.916,S1O
78,FP1,24,0.061,S1O
78,FP1,25,-2.380,S1O
78,FP1,26,-6.775,S1O
78,FP1,27,-10.193,S1O
78,FP1,28,-10.681,S1O
78,FP1,29,-7.751,S1O
78,FP1,30,-2.380,S1O
78,FP1,31,2.991,S1O
78,FP1,32,6.897,S1O
78,FP1,33,8.362,S1O
78,FP1,34,8.362,S1O
78,FP1,35,7.874,S1O
78,FP1,36,6.897,S1O
78,FP1,37,6.897,S1O
78,FP1,38,8.362,S1O
78,FP1,39,9.827,S1O
78,FP1,40,10.803,S1O
78,FP1,41,10.315,S1O
78,FP1,42,8.362,S1O
78,FP1,43,5.432,S1O
78,FP1,44,2.502,S1O
78,FP1,45,-0.427,S1O
78,FP1,46,-2.380,S1O
78,FP1,47,-3.845,S1O
78,FP1,48,-6.287,S1O
78,FP1,49,-8.728,S1O
78,FP1,50,-11.658,S1O
78,FP1,51,-12.634,S1O
78,FP1,52,-12.146,S1O
78,FP1,53,-9.705,S1O
78,FP1,54,-7.263,S1O
78,FP1,55,-6.287,S1O
78,FP1,56,-7.263,S1O
78,FP1,57,-9.705,S1O
78,FP1,58,-12.146,S1O
78,FP1,59,-13.611,S1O
78,FP1,60,-13.611,S1O
78,FP1,61,-11.658,S1O
78,FP1,62,-8.728,S1O
78,FP1,63,-6.775,S1O
78,FP1,64,-5.310,S1O
78,FP1,65,-4.822,S1O
78,FP1,66,-4.333,S1O
78,FP1,67,-3.845,S1O
78,FP1,68,-3.357,S1O
78,FP1,69,-3.357,S1O
78,FP1,70,-3.845,S1O
78,FP1,71,-4.822,S1O
78,FP1,72,-6.775,S1O
78,FP1,73,-7.751,S1O
78,FP1,74,-7.751,S1O
78,FP1,75,-7.263,S1O
78,FP1,76,-6.287,S1O
78,FP1,77,-5.310,S1O
78,FP1,78,-4.822,S1O
78,FP1,79,-5.310,S1O
78,FP1,80,-5.798,S1O
78,FP1,81,-6.775,S1O
78,FP1,82,-7.751,S1O
78,FP1,83,-7.751,S1O
78,FP1,84,-6.775,S1O
78,FP1,85,-5.310,S1O
78,FP1,86,-3.357,S1O
78,FP1,87,-1.892,S1O
78,FP1,88,-1.404,S1O
78,FP1,89,-1.892,S1O
78,FP1,90,-2.380,S1O
78,FP1,91,-2.380,S1O
78,FP1,92,-1.404,S1O
78,FP1,93,-0.427,S1O
78,FP1,94,0.061,S1O
78,FP1,95,-0.427,S1O
78,FP1,96,-1.404,S1O
78,FP1,97,-0.916,S1O
78,FP1,98,0.549,S1O
78,FP1,99,2.991,S1O
78,FP1,100,3.967,S1O
78,FP1,101,2.991,S1O
78,FP1,102,-0.916,S1O
78,FP1,103,-5.310,S1O
78,FP1,104,-7.751,S1O
78,FP1,105,-7.263,S1O
78,FP1,106,-4.822,S1O
78,FP1,107,-1.892,S1O
78,FP1,108,-0.916,S1O
78,FP1,109,-2.869,S1O
78,FP1,110,-7.263,S1O
78,FP1,111,-11.169,S1O
78,FP1,112,-12.634,S1O
78,FP1,113,-11.658,S1O
78,FP1,114,-8.728,S1O
78,FP1,115,-5.310,S1O
78,FP1,116,-2.869,S1O
78,FP1,117,-1.892,S1O
78,FP1,118,-1.404,S1O
78,FP1,119,-1.404,S1O
78,FP1,120,-0.427,S1O
78,FP1,121,0.549,S1O
78,FP1,122,1.526,S1O
78,FP1,123,2.014,S1O
78,FP1,124,1.526,S1O
78,FP1,125,0.061,S1O
78,FP1,126,-1.892,S1O
78,FP1,127,-4.333,S1O
78,FP1,128,-6.775,S1O
78,FP1,129,-8.240,S1O
78,FP1,130,-9.705,S1O
78,FP1,131,-9.705,S1O
78,FP1,132,-9.216,S1O
78,FP1,133,-9.216,S1O
78,FP1,134,-9.705,S1O
78,FP1,135,-10.681,S1O
78,FP1,136,-12.146,S1O
78,FP1,137,-12.634,S1O
78,FP1,138,-11.169,S1O
78,FP1,139,-8.728,S1O
78,FP1,140,-5.310,S1O
78,FP1,141,-2.869,S1O
78,FP1,142,-2.869,S1O
78,FP1,143,-4.333,S1O
78,FP1,144,-7.263,S1O
78,FP1,145,-9.705,S1O
78,FP1,146,-10.193,S1O
78,FP1,147,-8.728,S1O
78,FP1,148,-6.775,S1O
78,FP1,149,-4.822,S1O
78,FP1,150,-3.357,S1O
78,FP1,151,-3.845,S1O
78,FP1,152,-4.822,S1O
78,FP1,153,-5.798,S1O
78,FP1,154,-5.798,S1O
78,FP1,155,-5.310,S1O
78,FP1,156,-5.310,S1O
78,FP1,157,-6.287,S1O
78,FP1,158,-8.728,S1O
78,FP1,159,-12.146,S1O
78,FP1,160,-15.076,S1O
78,FP1,161,-17.029,S1O
78,FP1,162,-17.517,S1O
78,FP1,163,-16.052,S1O
78,FP1,164,-13.611,S1O
78,FP1,165,-11.169,S1O
78,FP1,166,-8.728,S1O
78,FP1,167,-7.263,S1O
78,FP1,168,-5.798,S1O
78,FP1,169,-5.310,S1O
78,FP1,170,-4.822,S1O
78,FP1,171,-5.310,S1O
78,FP1,172,-4.822,S1O
78,FP1,173,-3.357,S1O
78,FP1,174,-1.404,S1O
78,FP1,175,1.038,S1O
78,FP1,176,3.479,S1O
78,FP1,177,4.456,S1O
78,FP1,178,3.967,S1O
78,FP1,179,2.991,S1O
78,FP1,180,2.014,S1O
78,FP1,181,2.014,S1O
78,FP1,182,2.502,S1O
78,FP1,183,3.479,S1O
78,FP1,184,3.967,S1O
78,FP1,185,3.479,S1O
78,FP1,186,2.014,S1O
78,FP1,187,0.549,S1O
78,FP1,188,-0.916,S1O
78,FP1,189,-1.892,S1O
78,FP1,190,-2.380,S1O
78,FP1,191,-2.869,S1O
78,FP1,192,-3.357,S1O
78,FP1,193,-3.357,S1O
78,FP1,194,-3.357,S1O
78,FP1,195,-2.869,S1O
78,FP1,196,-3.357,S1O
78,FP1,197,-3.845,S1O
78,FP1,198,-5.310,S1O
78,FP1,199,-5.310,S1O
78,FP1,200,-4.822,S1O
78,FP1,201,-2.380,S1O
78,FP1,202,2.014,S1O
78,FP1,203,6.409,S1O
78,FP1,204,10.315,S1O
78,FP1,205,12.268,S1O
78,FP1,206,11.780,S1O
78,FP1,207,9.827,S1O
78,FP1,208,6.409,S1O
78,FP1,209,3.479,S1O
78,FP1,210,2.991,S1O
78,FP1,211,4.944,S1O
78,FP1,212,7.874,S1O
78,FP1,213,10.803,S1O
78,FP1,214,11.292,S1O
78,FP1,215,9.827,S1O
78,FP1,216,7.385,S1O
78,FP1,217,4.456,S1O
78,FP1,218,1.038,S1O
78,FP1,219,-1.892,S1O
78,FP1,220,-5.310,S1O
78,FP1,221,-8.728,S1O
78,FP1,222,-10.193,S1O
78,FP1,223,-9.705,S1O
78,FP1,224,-7.263,S1O
78,FP1,225,-3.845,S1O
78,FP1,226,-0.916,S1O
78,FP1,227,0.549,S1O
78,FP1,228,-0.427,S1O
78,FP1,229,-1.404,S1O
78,FP1,230,-2.869,S1O
78,FP1,231,-3.357,S1O
78,FP1,232,-2.869,S1O
78,FP1,233,-2.380,S1O
78,FP1,234,-0.916,S1O
78,FP1,235,1.038,S1O
78,FP1,236,3.479,S1O
78,FP1,237,5.920,S1O
78,FP1,238,6.897,S1O
78,FP1,239,6.897,S1O
78,FP1,240,4.944,S1O
78,FP1,241,2.502,S1O
78,FP1,242,0.061,S1O
78,FP1,243,-0.916,S1O
78,FP1,244,-0.916,S1O
78,FP1,245,-0.916,S1O
78,FP1,246,0.061,S1O
78,FP1,247,0.549,S1O
78,FP1,248,0.549,S1O
78,FP1,249,-0.916,S1O
78,FP1,250,-2.380,S1O
78,FP1,251,-3.845,S1O
78,FP1,252,-4.333,S1O
78,FP1,253,-3.845,S1O
78,FP1,254,-3.357,S1O
78,FP1,255,-3.845,S1O
78,FP2,0,-10.630,S1O
78,FP2,1,-11.119,S1O
78,FP2,2,-10.630,S1O
78,FP2,3,-8.677,S1O
78,FP2,4,-7.212,S1O
78,FP2,5,-6.236,S1O
78,FP2,6,-7.212,S1O
78,FP2,7,-8.677,S1O
78,FP2,8,-9.654,S1O
78,FP2,9,-9.654,S1O
78,FP2,10,-8.189,S1O
78,FP2,11,-6.236,S1O
78,FP2,12,-5.747,S1O
78,FP2,13,-6.236,S1O
78,FP2,14,-7.212,S1O
78,FP2,15,-8.189,S1O
78,FP2,16,-8.677,S1O
78,FP2,17,-9.165,S1O
78,FP2,18,-10.142,S1O
78,FP2,19,-11.119,S1O
78,FP2,20,-12.095,S1O
78,FP2,21,-11.607,S1O
78,FP2,22,-10.142,S1O
78,FP2,23,-8.189,S1O
78,FP2,24,-6.724,S1O
78,FP2,25,-6.236,S1O
78,FP2,26,-7.212,S1O
78,FP2,27,-8.189,S1O
78,FP2,28,-8.189,S1O
78,FP2,29,-6.236,S1O
78,FP2,30,-2.330,S1O
78,FP2,31,2.065,S1O
78,FP2,32,5.483,S1O
78,FP2,33,6.948,S1O
78,FP2,34,6.948,S1O
78,FP2,35,6.460,S1O
78,FP2,36,6.460,S1O
78,FP2,37,6.948,S1O
78,FP2,38,7.924,S1O
78,FP2,39,8.901,S1O
78,FP2,40,8.901,S1O
78,FP2,41,7.436,S1O
78,FP2,42,4.995,S1O
78,FP2,43,2.553,S1O
78,FP2,44,0.112,S1O
78,FP2,45,-1.841,S1O
78,FP2,46,-1.841,S1O
78,FP2,47,-1.841,S1O
78,FP2,48,-2.330,S1O
78,FP2,49,-3.794,S1O
78,FP2,50,-6.724,S1O
78,FP2,51,-9.165,S1O
78,FP2,52,-9.654,S1O
78,FP2,53,-7.701,S1O
78,FP2,54,-4.283,S1O
78,FP2,55,-1.353,S1O
78,FP2,56,-0.865,S1O
78,FP2,57,-2.330,S1O
78,FP2,58,-4.771,S1O
78,FP2,59,-6.724,S1O
78,FP2,60,-6.724,S1O
78,FP2,61,-5.259,S1O
78,FP2,62,-3.306,S1O
78,FP2,63,-1.353,S1O
78,FP2,64,-0.376,S1O
78,FP2,65,0.112,S1O
78,FP2,66,-0.376,S1O
78,FP2,67,-0.865,S1O
78,FP2,68,-0.865,S1O
78,FP2,69,-0.376,S1O
78,FP2,70,0.112,S1O
78,FP2,71,1.088,S1O
78,FP2,72,0.600,S1O
78,FP2,73,-0.865,S1O
78,FP2,74,-2.818,S1O
78,FP2,75,-3.794,S1O
78,FP2,76,-4.771,S1O
78,FP2,77,-4.283,S1O
78,FP2,78,-4.283,S1O
78,FP2,79,-4.283,S1O
78,FP2,80,-4.771,S1O
78,FP2,81,-5.259,S1O
78,FP2,82,-4.771,S1O
78,FP2,83,-2.818,S1O
78,FP2,84,-0.865,S1O
78,FP2,85,0.112,S1O
78,FP2,86,0.600,S1O
78,FP2,87,-0.376,S1O
78,FP2,88,-1.353,S1O
78,FP2,89,-1.841,S1O
78,FP2,90,-0.865,S1O
78,FP2,91,1.088,S1O
78,FP2,92,3.042,S1O
78,FP2,93,4.995,S1O
78,FP2,94,4.995,S1O
78,FP2,95,3.530,S1O
78,FP2,96,2.065,S1O
78,FP2,97,1.088,S1O
78,FP2,98,2.065,S1O
78,FP2,99,4.995,S1O
78,FP2,100,7.924,S1O
78,FP2,101,8.901,S1O
78,FP2,102,7.436,S1O
78,FP2,103,3.530,S1O
78,FP2,104,0.112,S1O
78,FP2,105,-1.353,S1O
78,FP2,106,0.600,S1O
78,FP2,107,3.530,S1O
78,FP2,108,4.995,S1O
78,FP2,109,3.530,S1O
78,FP2,110,-0.376,S1O
78,FP2,111,-4.283,S1O
78,FP2,112,-5.747,S1O
78,FP2,113,-4.771,S1O
78,FP2,114,-1.353,S1O
78,FP2,115,2.065,S1O
78,FP2,116,4.018,S1O
78,FP2,117,4.506,S1O
78,FP2,118,3.530,S1O
78,FP2,119,3.042,S1O
78,FP2,120,3.042,S1O
78,FP2,121,4.018,S1O
78,FP2,122,5.483,S1O
78,FP2,123,6.460,S1O
78,FP2,124,6.460,S1O
78,FP2,125,4.995,S1O
78,FP2,126,3.042,S1O
78,FP2,127,0.112,S1O
78,FP2,128,-2.818,S1O
78,FP2,129,-5.747,S1O
78,FP2,130,-7.212,S1O
78,FP2,131,-7.701,S1O
78,FP2,132,-8.189,S1O
78,FP2,133,-8.189,S1O
78,FP2,134,-9.165,S1O
78,FP2,135,-10.630,S1O
78,FP2,136,-12.095,S1O
78,FP2,137,-11.607,S1O
78,FP2,138,-9.165,S1O
78,FP2,139,-5.259,S1O
78,FP2,140,-0.865,S1O
78,FP2,141,2.553,S1O
78,FP2,142,4.018,S1O
78,FP2,143,3.530,S1O
78,FP2,144,2.065,S1O
78,FP2,145,0.600,S1O
78,FP2,146,0.112,S1O
78,FP2,147,1.088,S1O
78,FP2,148,2.553,S1O
78,FP2,149,3.042,S1O
78,FP2,150,2.553,S1O
78,FP2,151,1.088,S1O
78,FP2,152,-0.376,S1O
78,FP2,153,-1.841,S1O
78,FP2,154,-2.818,S1O
78,FP2,155,-3.794,S1O
78,FP2,156,-4.283,S1O
78,FP2,157,-5.259,S1O
78,FP2,158,-6.724,S1O
78,FP2,159,-8.189,S1O
78,FP2,160,-10.142,S1O
78,FP2,161,-12.095,S1O
78,FP2,162,-13.072,S1O
78,FP2,163,-13.072,S1O
78,FP2,164,-11.607,S1O
78,FP2,165,-9.654,S1O
78,FP2,166,-8.189,S1O
78,FP2,167,-7.212,S1O
78,FP2,168,-7.212,S1O
78,FP2,169,-7.701,S1O
78,FP2,170,-7.212,S1O
78,FP2,171,-5.747,S1O
78,FP2,172,-2.818,S1O
78,FP2,173,-0.865,S1O
78,FP2,174,0.600,S1O
78,FP2,175,1.577,S1O
78,FP2,176,1.577,S1O
78,FP2,177,1.577,S1O
78,FP2,178,1.577,S1O
78,FP2,179,1.577,S1O
78,FP2,180,1.088,S1O
78,FP2,181,0.112,S1O
78,FP2,182,-0.865,S1O
78,FP2,183,-1.841,S1O
78,FP2,184,-1.841,S1O
78,FP2,185,-1.353,S1O
78,FP2,186,-0.865,S1O
78,FP2,187,0.600,S1O
78,FP2,188,1.088,S1O
78,FP2,189,1.577,S1O
78,FP2,190,0.112,S1O
78,FP2,191,-1.353,S1O
78,FP2,192,-3.306,S1O
78,FP2,193,-4.283,S1O
78,FP2,194,-3.306,S1O
78,FP2,195,-2.818,S1O
78,FP2,196,-2.818,S1O
78,FP2,197,-4.283,S1O
78,FP2,198,-5.259,S1O
78,FP2,199,-5.747,S1O
78,FP2,200,-4.283,S1O
78,FP2,201,-1.841,S1O
78,FP2,202,1.088,S1O
78,FP2,203,2.553,S1O
78,FP2,204,3.042,S1O
78,FP2,205,2.553,S1O
78,FP2,206,1.577,S1O
78,FP2,207,0.600,S1O
78,FP2,208,-0.376,S1O
78,FP2,209,-0.865,S1O
78,FP2,210,-0.865,S1O
78,FP2,211,1.088,S1O
78,FP2,212,3.530,S1O
78,FP2,213,5.483,S1O
78,FP2,214,6.460,S1O
78,FP2,215,4.995,S1O
78,FP2,216,2.553,S1O
78,FP2,217,-0.376,S1O
78,FP2,218,-3.306,S1O
78,FP2,219,-6.724,S1O
78,FP2,220,-10.142,S1O
78,FP2,221,-13.072,S1O
78,FP2,222,-13.560,S1O
78,FP2,223,-12.095,S1O
78,FP2,224,-9.165,S1O
78,FP2,225,-6.724,S1O
78,FP2,226,-5.259,S1O
78,FP2,227,-5.747,S1O
78,FP2,228,-6.724,S1O
78,FP2,229,-7.212,S1O
78,FP2,230,-7.212,S1O
78,FP2,231,-6.724,S1O
78,FP2,232,-6.724,S1O
78,FP2,233,-6.236,S1O
78,FP2,234,-5.747,S1O
78,FP2,235,-3.794,S1O
78,FP2,236,-1.353,S1O
78,FP2,237,1.088,S1O
78,FP2,238,2.553,S1O
78,FP2,239,2.065,S1O
78,FP2,240,0.600,S1O
78,FP2,241,-1.841,S1O
78,FP2,242,-3.794,S1O
78,FP2,243,-3.794,S1O
78,FP2,244,-2.330,S1O
78,FP2,245,-0.376,S1O
78,FP2,246,1.577,S1O
78,FP2,247,2.553,S1O
78,FP2,248,2.065,S1O
78,FP2,249,0.600,S1O
78,FP2,250,-0.376,S1O
78,FP2,251,-1.353,S1O
78,FP2,252,-1.353,S1O
78,FP2,253,-0.865,S1O
78,FP2,254,-0.376,S1O
78,FP2,255,-0.376,S1O
78,F7,0,-11.729,S1O
78,F7,1,-10.264,S1O
78,F7,2,-7.823,S1O
78,F7,3,-4.893,S1O
78,F7,4,-2.452,S1O
78,F7,5,-1.963,S1O
78,F7,6,-2.940,S1O
78,F7,7,-4.405,S1O
78,F7,8,-4.405,S1O
78,F7,9,-3.916,S1O
78,F7,10,-2.452,S1O
78,F7,11,-0.498,S1O
78,F7,12,0.478,S1O
78,F7,13,0.966,S1O
78,F7,14,0.966,S1O
78,F7,15,0.478,S1O
78,F7,16,-1.475,S1O
78,F7,17,-3.916,S1O
78,F7,18,-7.334,S1O
78,F7,19,-9.776,S1O
78,F7,20,-11.241,S1O
78,F7,21,-10.264,S1O
78,F7,22,-8.799,S1O
78,F7,23,-7.334,S1O
78,F7,24,-6.358,S1O
78,F7,25,-6.358,S1O
78,F7,26,-6.846,S1O
78,F7,27,-7.334,S1O
78,F7,28,-6.358,S1O
78,F7,29,-4.405,S1O
78,F7,30,-0.498,S1O
78,F7,31,3.896,S1O
78,F7,32,7.802,S1O
78,F7,33,9.755,S1O
78,F7,34,9.755,S1O
78,F7,35,8.779,S1O
78,F7,36,8.779,S1O
78,F7,37,9.755,S1O
78,F7,38,11.709,S1O
78,F7,39,13.662,S1O
78,F7,40,14.638,S1O
78,F7,41,13.173,S1O
78,F7,42,10.244,S1O
78,F7,43,6.826,S1O
78,F7,44,4.384,S1O
78,F7,45,3.408,S1O
78,F7,46,3.896,S1O
78,F7,47,5.361,S1O
78,F7,48,5.849,S1O
78,F7,49,4.873,S1O
78,F7,50,2.920,S1O
78,F7,51,0.966,S1O
78,F7,52,-0.010,S1O
78,F7,53,1.455,S1O
78,F7,54,3.896,S1O
78,F7,55,6.337,S1O
78,F7,56,7.314,S1O
78,F7,57,6.337,S1O
78,F7,58,4.384,S1O
78,F7,59,1.943,S1O
78,F7,60,1.455,S1O
78,F7,61,2.920,S1O
78,F7,62,5.849,S1O
78,F7,63,8.779,S1O
78,F7,64,10.732,S1O
78,F7,65,10.732,S1O
78,F7,66,10.244,S1O
78,F7,67,9.267,S1O
78,F7,68,8.291,S1O
78,F7,69,8.779,S1O
78,F7,70,8.779,S1O
78,F7,71,8.291,S1O
78,F7,72,7.314,S1O
78,F7,73,6.826,S1O
78,F7,74,6.337,S1O
78,F7,75,6.337,S1O
78,F7,76,6.337,S1O
78,F7,77,5.849,S1O
78,F7,78,4.384,S1O
78,F7,79,2.920,S1O
78,F7,80,1.943,S1O
78,F7,81,1.455,S1O
78,F7,82,1.455,S1O
78,F7,83,1.943,S1O
78,F7,84,2.431,S1O
78,F7,85,3.408,S1O
78,F7,86,5.361,S1O
78,F7,87,6.337,S1O
78,F7,88,7.802,S1O
78,F7,89,8.291,S1O
78,F7,90,8.291,S1O
78,F7,91,8.779,S1O
78,F7,92,9.755,S1O
78,F7,93,10.732,S1O
78,F7,94,11.709,S1O
78,F7,95,11.709,S1O
78,F7,96,11.220,S1O
78,F7,97,11.220,S1O
78,F7,98,12.197,S1O
78,F7,99,14.150,S1O
78,F7,100,16.103,S1O
78,F7,101,16.103,S1O
78,F7,102,13.173,S1O
78,F7,103,8.779,S1O
78,F7,104,4.873,S1O
78,F7,105,3.896,S1O
78,F7,106,4.384,S1O
78,F7,107,7.314,S1O
78,F7,108,9.755,S1O
78,F7,109,10.732,S1O
78,F7,110,9.267,S1O
78,F7,111,6.826,S1O
78,F7,112,4.384,S1O
78,F7,113,2.920,S1O
78,F7,114,1.943,S1O
78,F7,115,2.431,S1O
78,F7,116,2.920,S1O
78,F7,117,3.896,S1O
78,F7,118,5.361,S1O
78,F7,119,7.314,S1O
78,F7,120,8.779,S1O
78,F7,121,10.244,S1O
78,F7,122,11.220,S1O
78,F7,123,11.220,S1O
78,F7,124,11.220,S1O
78,F7,125,10.244,S1O
78,F7,126,7.802,S1O
78,F7,127,4.384,S1O
78,F7,128,0.478,S1O
78,F7,129,-2.452,S1O
78,F7,130,-3.916,S1O
78,F7,131,-3.916,S1O
78,F7,132,-2.940,S1O
78,F7,133,-1.963,S1O
78,F7,134,-1.963,S1O
78,F7,135,-2.452,S1O
78,F7,136,-2.940,S1O
78,F7,137,-2.940,S1O
78,F7,138,-0.987,S1O
78,F7,139,1.455,S1O
78,F7,140,4.384,S1O
78,F7,141,6.337,S1O
78,F7,142,7.314,S1O
78,F7,143,6.826,S1O
78,F7,144,6.337,S1O
78,F7,145,5.361,S1O
78,F7,146,5.361,S1O
78,F7,147,5.361,S1O
78,F7,148,5.849,S1O
78,F7,149,5.849,S1O
78,F7,150,5.849,S1O
78,F7,151,4.873,S1O
78,F7,152,3.896,S1O
78,F7,153,2.431,S1O
78,F7,154,1.455,S1O
78,F7,155,1.455,S1O
78,F7,156,1.943,S1O
78,F7,157,1.943,S1O
78,F7,158,1.455,S1O
78,F7,159,-0.498,S1O
78,F7,160,-2.940,S1O
78,F7,161,-5.381,S1O
78,F7,162,-6.358,S1O
78,F7,163,-5.870,S1O
78,F7,164,-4.405,S1O
78,F7,165,-2.452,S1O
78,F7,166,-0.987,S1O
78,F7,167,0.478,S1O
78,F7,168,1.943,S1O
78,F7,169,3.408,S1O
78,F7,170,5.361,S1O
78,F7,171,6.337,S1O
78,F7,172,7.314,S1O
78,F7,173,7.314,S1O
78,F7,174,7.802,S1O
78,F7,175,8.779,S1O
78,F7,176,9.267,S1O
78,F7,177,8.779,S1O
78,F7,178,7.802,S1O
78,F7,179,5.849,S1O
78,F7,180,4.384,S1O
78,F7,181,3.896,S1O
78,F7,182,4.873,S1O
78,F7,183,7.314,S1O
78,F7,184,9.755,S1O
78,F7,185,10.732,S1O
78,F7,186,10.244,S1O
78,F7,187,8.291,S1O
78,F7,188,5.361,S1O
78,F7,189,2.920,S1O
78,F7,190,0.478,S1O
78,F7,191,-0.498,S1O
78,F7,192,-0.987,S1O
78,F7,193,-0.498,S1O
78,F7,194,0.478,S1O
78,F7,195,1.943,S1O
78,F7,196,2.920,S1O
78,F7,197,2.920,S1O
78,F7,198,2.920,S1O
78,F7,199,2.920,S1O
78,F7,200,3.896,S1O
78,F7,201,5.849,S1O
78,F7,202,8.779,S1O
78,F7,203,11.220,S1O
78,F7,204,12.685,S1O
78,F7,205,13.662,S1O
78,F7,206,13.173,S1O
78,F7,207,11.709,S1O
78,F7,208,9.755,S1O
78,F7,209,7.314,S1O
78,F7,210,5.361,S1O
78,F7,211,3.896,S1O
78,F7,212,4.384,S1O
78,F7,213,5.849,S1O
78,F7,214,6.337,S1O
78,F7,215,5.849,S1O
78,F7,216,3.408,S1O
78,F7,217,0.478,S1O
78,F7,218,-2.452,S1O
78,F7,219,-5.381,S1O
78,F7,220,-7.823,S1O
78,F7,221,-10.752,S1O
78,F7,222,-13.682,S1O
78,F7,223,-15.147,S1O
78,F7,224,-14.170,S1O
78,F7,225,-11.241,S1O
78,F7,226,-7.334,S1O
78,F7,227,-4.405,S1O
78,F7,228,-2.940,S1O
78,F7,229,-3.428,S1O
78,F7,230,-4.405,S1O
78,F7,231,-5.381,S1O
78,F7,232,-5.870,S1O
78,F7,233,-6.358,S1O
78,F7,234,-5.870,S1O
78,F7,235,-4.893,S1O
78,F7,236,-2.940,S1O
78,F7,237,-0.010,S1O
78,F7,238,2.920,S1O
78,F7,239,4.873,S1O
78,F7,240,5.361,S1O
78,F7,241,3.896,S1O
78,F7,242,2.920,S1O
78,F7,243,1.455,S1O
78,F7,244,0.966,S1O
78,F7,245,0.966,S1O
78,F7,246,0.966,S1O
78,F7,247,-0.010,S1O
78,F7,248,-2.940,S1O
78,F7,249,-6.358,S1O
78,F7,250,-9.776,S1O
78,F7,251,-12.217,S1O
78,F7,252,-12.217,S1O
78,F7,253,-11.729,S1O
78,F7,254,-9.776,S1O
78,F7,255,-8.311,S1O
78,F8,0,-7.772,S1O
78,F8,1,-10.213,S1O
78,F8,2,-11.678,S1O
78,F8,3,-10.701,S1O
78,F8,4,-9.237,S1O
78,F8,5,-7.772,S1O
78,F8,6,-7.772,S1O
78,F8,7,-8.748,S1O
78,F8,8,-8.748,S1O
78,F8,9,-8.748,S1O
78,F8,10,-8.748,S1O
78,F8,11,-8.260,S1O
78,F8,12,-7.772,S1O
78,F8,13,-7.284,S1O
78,F8,14,-6.307,S1O
78,F8,15,-4.842,S1O
78,F8,16,-4.354,S1O
78,F8,17,-5.330,S1O
78,F8,18,-7.284,S1O
78,F8,19,-9.237,S1O
78,F8,20,-10.213,S1O
78,F8,21,-9.237,S1O
78,F8,22,-6.307,S1O
78,F8,23,-2.889,S1O
78,F8,24,-0.448,S1O
78,F8,25,0.529,S1O
78,F8,26,0.529,S1O
78,F8,27,-0.448,S1O
78,F8,28,-0.936,S1O
78,F8,29,-1.424,S1O
78,F8,30,-1.424,S1O
78,F8,31,-0.448,S1O
78,F8,32,0.041,S1O
78,F8,33,1.017,S1O
78,F8,34,1.506,S1O
78,F8,35,2.482,S1O
78,F8,36,3.947,S1O
78,F8,37,5.412,S1O
78,F8,38,6.877,S1O
78,F8,39,7.853,S1O
78,F8,40,8.341,S1O
78,F8,41,7.853,S1O
78,F8,42,6.388,S1O
78,F8,43,5.412,S1O
78,F8,44,4.435,S1O
78,F8,45,3.947,S1O
78,F8,46,3.947,S1O
78,F8,47,4.924,S1O
78,F8,48,5.412,S1O
78,F8,49,5.412,S1O
78,F8,50,3.947,S1O
78,F8,51,1.994,S1O
78,F8,52,1.017,S1O
78,F8,53,1.506,S1O
78,F8,54,2.970,S1O
78,F8,55,5.412,S1O
78,F8,56,6.388,S1O
78,F8,57,5.900,S1O
78,F8,58,3.947,S1O
78,F8,59,3.459,S1O
78,F8,60,4.435,S1O
78,F8,61,7.365,S1O
78,F8,62,10.783,S1O
78,F8,63,13.224,S1O
78,F8,64,13.713,S1O
78,F8,65,12.736,S1O
78,F8,66,11.759,S1O
78,F8,67,11.759,S1O
78,F8,68,12.736,S1O
78,F8,69,14.201,S1O
78,F8,70,14.689,S1O
78,F8,71,13.224,S1O
78,F8,72,11.271,S1O
78,F8,73,8.830,S1O
78,F8,74,7.853,S1O
78,F8,75,7.853,S1O
78,F8,76,9.318,S1O
78,F8,77,10.295,S1O
78,F8,78,11.271,S1O
78,F8,79,11.271,S1O
78,F8,80,10.783,S1O
78,F8,81,10.295,S1O
78,F8,82,10.783,S1O
78,F8,83,12.248,S1O
78,F8,84,14.689,S1O
78,F8,85,16.642,S1O
78,F8,86,18.595,S1O
78,F8,87,18.595,S1O
78,F8,88,18.107,S1O
78,F8,89,18.107,S1O
78,F8,90,18.595,S1O
78,F8,91,20.060,S1O
78,F8,92,21.525,S1O
78,F8,93,22.013,S1O
78,F8,94,21.525,S1O
78,F8,95,20.060,S1O
78,F8,96,18.107,S1O
78,F8,97,18.595,S1O
78,F8,98,20.060,S1O
78,F8,99,23.478,S1O
78,F8,100,26.896,S1O
78,F8,101,28.361,S1O
78,F8,102,27.873,S1O
78,F8,103,26.408,S1O
78,F8,104,24.455,S1O
78,F8,105,23.478,S1O
78,F8,106,23.966,S1O
78,F8,107,24.455,S1O
78,F8,108,23.966,S1O
78,F8,109,22.990,S1O
78,F8,110,20.549,S1O
78,F8,111,18.595,S1O
78,F8,112,18.107,S1O
78,F8,113,19.084,S1O
78,F8,114,21.037,S1O
78,F8,115,22.502,S1O
78,F8,116,23.478,S1O
78,F8,117,23.478,S1O
78,F8,118,22.990,S1O
78,F8,119,22.990,S1O
78,F8,120,23.478,S1O
78,F8,121,24.455,S1O
78,F8,122,25.920,S1O
78,F8,123,26.896,S1O
78,F8,124,26.896,S1O
78,F8,125,24.943,S1O
78,F8,126,22.502,S1O
78,F8,127,19.572,S1O
78,F8,128,16.642,S1O
78,F8,129,15.177,S1O
78,F8,130,14.689,S1O
78,F8,131,15.177,S1O
78,F8,132,16.154,S1O
78,F8,133,16.154,S1O
78,F8,134,15.177,S1O
78,F8,135,13.224,S1O
78,F8,136,11.271,S1O
78,F8,137,10.783,S1O
78,F8,138,11.759,S1O
78,F8,139,14.201,S1O
78,F8,140,16.154,S1O
78,F8,141,17.619,S1O
78,F8,142,17.131,S1O
78,F8,143,17.131,S1O
78,F8,144,18.107,S1O
78,F8,145,20.060,S1O
78,F8,146,22.502,S1O
78,F8,147,23.966,S1O
78,F8,148,23.478,S1O
78,F8,149,21.525,S1O
78,F8,150,20.060,S1O
78,F8,151,19.572,S1O
78,F8,152,20.549,S1O
78,F8,153,21.037,S1O
78,F8,154,21.037,S1O
78,F8,155,20.060,S1O
78,F8,156,18.595,S1O
78,F8,157,16.642,S1O
78,F8,158,15.666,S1O
78,F8,159,15.177,S1O
78,F8,160,14.689,S1O
78,F8,161,13.713,S1O
78,F8,162,13.713,S1O
78,F8,163,14.689,S1O
78,F8,164,16.154,S1O
78,F8,165,18.107,S1O
78,F8,166,19.084,S1O
78,F8,167,19.084,S1O
78,F8,168,19.084,S1O
78,F8,169,19.572,S1O
78,F8,170,22.013,S1O
78,F8,171,25.431,S1O
78,F8,172,28.849,S1O
78,F8,173,30.802,S1O
78,F8,174,30.802,S1O
78,F8,175,29.338,S1O
78,F8,176,28.361,S1O
78,F8,177,28.361,S1O
78,F8,178,29.826,S1O
78,F8,179,31.779,S1O
78,F8,180,32.756,S1O
78,F8,181,31.779,S1O
78,F8,182,29.826,S1O
78,F8,183,28.361,S1O
78,F8,184,26.896,S1O
78,F8,185,27.873,S1O
78,F8,186,30.314,S1O
78,F8,187,33.244,S1O
78,F8,188,35.197,S1O
78,F8,189,36.174,S1O
78,F8,190,34.709,S1O
78,F8,191,31.779,S1O
78,F8,192,29.338,S1O
78,F8,193,28.849,S1O
78,F8,194,30.314,S1O
78,F8,195,31.779,S1O
78,F8,196,32.267,S1O
78,F8,197,30.802,S1O
78,F8,198,28.361,S1O
78,F8,199,26.408,S1O
78,F8,200,27.384,S1O
78,F8,201,30.314,S1O
78,F8,202,33.244,S1O
78,F8,203,35.197,S1O
78,F8,204,36.174,S1O
78,F8,205,36.174,S1O
78,F8,206,35.197,S1O
78,F8,207,34.220,S1O
78,F8,208,32.756,S1O
78,F8,209,31.779,S1O
78,F8,210,31.291,S1O
78,F8,211,31.779,S1O
78,F8,212,33.244,S1O
78,F8,213,34.220,S1O
78,F8,214,34.220,S1O
78,F8,215,32.756,S1O
78,F8,216,30.314,S1O
78,F8,217,27.873,S1O
78,F8,218,25.431,S1O
78,F8,219,22.990,S1O
78,F8,220,20.060,S1O
78,F8,221,16.642,S1O
78,F8,222,14.689,S1O
78,F8,223,15.177,S1O
78,F8,224,17.619,S1O
78,F8,225,22.013,S1O
78,F8,226,25.920,S1O
78,F8,227,28.361,S1O
78,F8,228,28.849,S1O
78,F8,229,27.873,S1O
78,F8,230,25.920,S1O
78,F8,231,23.966,S1O
78,F8,232,23.478,S1O
78,F8,233,23.966,S1O
78,F8,234,25.920,S1O
78,F8,235,28.361,S1O
78,F8,236,31.291,S1O
78,F8,237,33.244,S1O
78,F8,238,34.220,S1O
78,F8,239,32.756,S1O
78,F8,240,29.338,S1O
78,F8,241,25.920,S1O
78,F8,242,22.502,S1O
78,F8,243,22.502,S1O
78,F8,244,24.943,S1O
78,F8,245,28.361,S1O
78,F8,246,31.779,S1O
78,F8,247,32.756,S1O
78,F8,248,31.291,S1O
78,F8,249,28.361,S1O
78,F8,250,25.920,S1O
78,F8,251,24.455,S1O
78,F8,252,25.431,S1O
78,F8,253,26.896,S1O
78,F8,254,27.873,S1O
78,F8,255,27.873,S1O
78,AF1,0,-6.022,S1O
78,AF1,1,-6.510,S1O
78,AF1,2,-5.534,S1O
78,AF1,3,-3.092,S1O
78,AF1,4,-1.628,S1O
78,AF1,5,-1.139,S1O
78,AF1,6,-2.604,S1O
78,AF1,7,-4.069,S1O
78,AF1,8,-5.534,S1O
78,AF1,9,-5.534,S1O
78,AF1,10,-4.069,S1O
78,AF1,11,-3.092,S1O
78,AF1,12,-2.116,S1O
78,AF1,13,-2.116,S1O
78,AF1,14,-2.116,S1O
78,AF1,15,-3.092,S1O
78,AF1,16,-4.557,S1O
78,AF1,17,-6.022,S1O
78,AF1,18,-7.975,S1O
78,AF1,19,-9.440,S1O
78,AF1,20,-9.928,S1O
78,AF1,21,-8.952,S1O
78,AF1,22,-6.999,S1O
78,AF1,23,-5.534,S1O
78,AF1,24,-5.046,S1O
78,AF1,25,-6.022,S1O
78,AF1,26,-7.487,S1O
78,AF1,27,-8.952,S1O
78,AF1,28,-8.464,S1O
78,AF1,29,-6.510,S1O
78,AF1,30,-2.604,S1O
78,AF1,31,1.790,S1O
78,AF1,32,5.697,S1O
78,AF1,33,7.650,S1O
78,AF1,34,8.138,S1O
78,AF1,35,7.650,S1O
78,AF1,36,6.673,S1O
78,AF1,37,5.697,S1O
78,AF1,38,5.208,S1O
78,AF1,39,5.208,S1O
78,AF1,40,5.697,S1O
78,AF1,41,6.185,S1O
78,AF1,42,6.185,S1O
78,AF1,43,5.697,S1O
78,AF1,44,3.743,S1O
78,AF1,45,1.790,S1O
78,AF1,46,0.326,S1O
78,AF1,47,-1.628,S1O
78,AF1,48,-3.581,S1O
78,AF1,49,-6.022,S1O
78,AF1,50,-8.464,S1O
78,AF1,51,-9.928,S1O
78,AF1,52,-8.952,S1O
78,AF1,53,-6.510,S1O
78,AF1,54,-3.092,S1O
78,AF1,55,-1.628,S1O
78,AF1,56,-2.116,S1O
78,AF1,57,-4.069,S1O
78,AF1,58,-6.510,S1O
78,AF1,59,-7.487,S1O
78,AF1,60,-6.999,S1O
78,AF1,61,-5.534,S1O
78,AF1,62,-4.069,S1O
78,AF1,63,-3.092,S1O
78,AF1,64,-3.092,S1O
78,AF1,65,-3.092,S1O
78,AF1,66,-2.604,S1O
78,AF1,67,-1.628,S1O
78,AF1,68,-1.628,S1O
78,AF1,69,-1.628,S1O
78,AF1,70,-2.116,S1O
78,AF1,71,-3.092,S1O
78,AF1,72,-3.581,S1O
78,AF1,73,-4.069,S1O
78,AF1,74,-4.069,S1O
78,AF1,75,-4.557,S1O
78,AF1,76,-4.069,S1O
78,AF1,77,-4.557,S1O
78,AF1,78,-4.557,S1O
78,AF1,79,-5.534,S1O
78,AF1,80,-6.510,S1O
78,AF1,81,-6.999,S1O
78,AF1,82,-6.510,S1O
78,AF1,83,-5.534,S1O
78,AF1,84,-4.069,S1O
78,AF1,85,-3.092,S1O
78,AF1,86,-2.116,S1O
78,AF1,87,-1.628,S1O
78,AF1,88,-1.628,S1O
78,AF1,89,-1.139,S1O
78,AF1,90,-1.139,S1O
78,AF1,91,-0.163,S1O
78,AF1,92,0.326,S1O
78,AF1,93,0.326,S1O
78,AF1,94,0.326,S1O
78,AF1,95,-0.163,S1O
78,AF1,96,0.326,S1O
78,AF1,97,0.326,S1O
78,AF1,98,1.302,S1O
78,AF1,99,2.279,S1O
78,AF1,100,1.302,S1O
78,AF1,101,-0.163,S1O
78,AF1,102,-2.604,S1O
78,AF1,103,-4.557,S1O
78,AF1,104,-6.022,S1O
78,AF1,105,-5.534,S1O
78,AF1,106,-4.069,S1O
78,AF1,107,-2.604,S1O
78,AF1,108,-1.628,S1O
78,AF1,109,-2.604,S1O
78,AF1,110,-4.557,S1O
78,AF1,111,-6.999,S1O
78,AF1,112,-8.952,S1O
78,AF1,113,-8.952,S1O
78,AF1,114,-6.510,S1O
78,AF1,115,-3.581,S1O
78,AF1,116,-1.139,S1O
78,AF1,117,0.326,S1O
78,AF1,118,0.814,S1O
78,AF1,119,1.302,S1O
78,AF1,120,1.302,S1O
78,AF1,121,2.767,S1O
78,AF1,122,4.232,S1O
78,AF1,123,5.208,S1O
78,AF1,124,5.208,S1O
78,AF1,125,3.743,S1O
78,AF1,126,0.814,S1O
78,AF1,127,-2.116,S1O
78,AF1,128,-4.557,S1O
78,AF1,129,-6.510,S1O
78,AF1,130,-7.487,S1O
78,AF1,131,-7.487,S1O
78,AF1,132,-7.487,S1O
78,AF1,133,-7.975,S1O
78,AF1,134,-9.440,S1O
78,AF1,135,-11.393,S1O
78,AF1,136,-12.858,S1O
78,AF1,137,-12.370,S1O
78,AF1,138,-10.417,S1O
78,AF1,139,-6.999,S1O
78,AF1,140,-3.581,S1O
78,AF1,141,-1.628,S1O
78,AF1,142,-1.139,S1O
78,AF1,143,-2.604,S1O
78,AF1,144,-4.069,S1O
78,AF1,145,-5.534,S1O
78,AF1,146,-5.534,S1O
78,AF1,147,-4.557,S1O
78,AF1,148,-3.092,S1O
78,AF1,149,-1.628,S1O
78,AF1,150,-0.163,S1O
78,AF1,151,0.326,S1O
78,AF1,152,0.814,S1O
78,AF1,153,0.814,S1O
78,AF1,154,-0.163,S1O
78,AF1,155,-0.651,S1O
78,AF1,156,-2.116,S1O
78,AF1,157,-4.069,S1O
78,AF1,158,-6.510,S1O
78,AF1,159,-9.440,S1O
78,AF1,160,-12.370,S1O
78,AF1,161,-14.323,S1O
78,AF1,162,-14.811,S1O
78,AF1,163,-14.323,S1O
78,AF1,164,-12.370,S1O
78,AF1,165,-9.928,S1O
78,AF1,166,-7.975,S1O
78,AF1,167,-7.487,S1O
78,AF1,168,-7.975,S1O
78,AF1,169,-8.464,S1O
78,AF1,170,-8.952,S1O
78,AF1,171,-7.975,S1O
78,AF1,172,-6.510,S1O
78,AF1,173,-4.069,S1O
78,AF1,174,-1.628,S1O
78,AF1,175,-0.163,S1O
78,AF1,176,1.302,S1O
78,AF1,177,1.302,S1O
78,AF1,178,1.302,S1O
78,AF1,179,1.302,S1O
78,AF1,180,1.302,S1O
78,AF1,181,1.302,S1O
78,AF1,182,1.302,S1O
78,AF1,183,0.814,S1O
78,AF1,184,-0.163,S1O
78,AF1,185,-1.628,S1O
78,AF1,186,-3.092,S1O
78,AF1,187,-3.581,S1O
78,AF1,188,-4.557,S1O
78,AF1,189,-4.557,S1O
78,AF1,190,-4.557,S1O
78,AF1,191,-5.046,S1O
78,AF1,192,-5.046,S1O
78,AF1,193,-4.557,S1O
78,AF1,194,-3.092,S1O
78,AF1,195,-1.628,S1O
78,AF1,196,-0.651,S1O
78,AF1,197,-1.628,S1O
78,AF1,198,-3.092,S1O
78,AF1,199,-4.557,S1O
78,AF1,200,-4.069,S1O
78,AF1,201,-2.604,S1O
78,AF1,202,-0.163,S1O
78,AF1,203,2.767,S1O
78,AF1,204,4.720,S1O
78,AF1,205,6.185,S1O
78,AF1,206,5.697,S1O
78,AF1,207,4.720,S1O
78,AF1,208,2.279,S1O
78,AF1,209,0.326,S1O
78,AF1,210,-0.651,S1O
78,AF1,211,0.814,S1O
78,AF1,212,3.743,S1O
78,AF1,213,6.185,S1O
78,AF1,214,8.138,S1O
78,AF1,215,7.650,S1O
78,AF1,216,6.185,S1O
78,AF1,217,3.255,S1O
78,AF1,218,-0.163,S1O
78,AF1,219,-3.581,S1O
78,AF1,220,-6.999,S1O
78,AF1,221,-9.928,S1O
78,AF1,222,-10.417,S1O
78,AF1,223,-8.952,S1O
78,AF1,224,-6.510,S1O
78,AF1,225,-3.581,S1O
78,AF1,226,-2.116,S1O
78,AF1,227,-2.116,S1O
78,AF1,228,-3.092,S1O
78,AF1,229,-3.581,S1O
78,AF1,230,-3.581,S1O
78,AF1,231,-3.581,S1O
78,AF1,232,-4.069,S1O
78,AF1,233,-4.557,S1O
78,AF1,234,-5.046,S1O
78,AF1,235,-4.069,S1O
78,AF1,236,-2.604,S1O
78,AF1,237,-0.163,S1O
78,AF1,238,1.302,S1O
78,AF1,239,1.790,S1O
78,AF1,240,0.326,S1O
78,AF1,241,-2.116,S1O
78,AF1,242,-3.581,S1O
78,AF1,243,-4.069,S1O
78,AF1,244,-4.069,S1O
78,AF1,245,-3.581,S1O
78,AF1,246,-3.092,S1O
78,AF1,247,-3.092,S1O
78,AF1,248,-3.092,S1O
78,AF1,249,-4.069,S1O
78,AF1,250,-4.557,S1O
78,AF1,251,-5.046,S1O
78,AF1,252,-4.557,S1O
78,AF1,253,-3.581,S1O
78,AF1,254,-3.092,S1O
78,AF1,255,-3.092,S1O
78,AF2,0,-6.765,S1O
78,AF2,1,-7.253,S1O
78,AF2,2,-6.765,S1O
78,AF2,3,-4.812,S1O
78,AF2,4,-2.858,S1O
78,AF2,5,-2.370,S1O
78,AF2,6,-3.347,S1O
78,AF2,7,-5.300,S1O
78,AF2,8,-6.276,S1O
78,AF2,9,-6.765,S1O
78,AF2,10,-5.788,S1O
78,AF2,11,-4.812,S1O
78,AF2,12,-4.323,S1O
78,AF2,13,-3.835,S1O
78,AF2,14,-3.835,S1O
78,AF2,15,-3.835,S1O
78,AF2,16,-4.323,S1O
78,AF2,17,-5.788,S1O
78,AF2,18,-7.253,S1O
78,AF2,19,-9.206,S1O
78,AF2,20,-9.206,S1O
78,AF2,21,-8.230,S1O
78,AF2,22,-6.765,S1O
78,AF2,23,-5.300,S1O
78,AF2,24,-4.812,S1O
78,AF2,25,-5.300,S1O
78,AF2,26,-6.276,S1O
78,AF2,27,-8.230,S1O
78,AF2,28,-8.230,S1O
78,AF2,29,-5.788,S1O
78,AF2,30,-2.370,S1O
78,AF2,31,1.536,S1O
78,AF2,32,4.466,S1O
78,AF2,33,5.931,S1O
78,AF2,34,5.931,S1O
78,AF2,35,5.931,S1O
78,AF2,36,5.931,S1O
78,AF2,37,5.931,S1O
78,AF2,38,6.419,S1O
78,AF2,39,6.419,S1O
78,AF2,40,5.442,S1O
78,AF2,41,4.954,S1O
78,AF2,42,3.489,S1O
78,AF2,43,2.513,S1O
78,AF2,44,1.048,S1O
78,AF2,45,-0.417,S1O
78,AF2,46,-1.882,S1O
78,AF2,47,-2.370,S1O
78,AF2,48,-3.347,S1O
78,AF2,49,-4.323,S1O
78,AF2,50,-6.276,S1O
78,AF2,51,-8.230,S1O
78,AF2,52,-8.230,S1O
78,AF2,53,-6.765,S1O
78,AF2,54,-3.835,S1O
78,AF2,55,-1.882,S1O
78,AF2,56,-1.394,S1O
78,AF2,57,-3.347,S1O
78,AF2,58,-5.788,S1O
78,AF2,59,-7.253,S1O
78,AF2,60,-6.765,S1O
78,AF2,61,-5.300,S1O
78,AF2,62,-2.858,S1O
78,AF2,63,-0.905,S1O
78,AF2,64,-0.905,S1O
78,AF2,65,-1.882,S1O
78,AF2,66,-2.370,S1O
78,AF2,67,-2.370,S1O
78,AF2,68,-2.370,S1O
78,AF2,69,-1.882,S1O
78,AF2,70,-1.882,S1O
78,AF2,71,-2.370,S1O
78,AF2,72,-3.347,S1O
78,AF2,73,-3.835,S1O
78,AF2,74,-4.812,S1O
78,AF2,75,-5.300,S1O
78,AF2,76,-5.300,S1O
78,AF2,77,-4.812,S1O
78,AF2,78,-4.323,S1O
78,AF2,79,-3.835,S1O
78,AF2,80,-3.835,S1O
78,AF2,81,-4.323,S1O
78,AF2,82,-5.300,S1O
78,AF2,83,-4.812,S1O
78,AF2,84,-3.347,S1O
78,AF2,85,-1.882,S1O
78,AF2,86,-0.417,S1O
78,AF2,87,-0.417,S1O
78,AF2,88,-1.394,S1O
78,AF2,89,-1.394,S1O
78,AF2,90,-0.905,S1O
78,AF2,91,1.048,S1O
78,AF2,92,2.513,S1O
78,AF2,93,3.001,S1O
78,AF2,94,2.024,S1O
78,AF2,95,0.559,S1O
78,AF2,96,-0.417,S1O
78,AF2,97,0.559,S1O
78,AF2,98,2.024,S1O
78,AF2,99,3.489,S1O
78,AF2,100,3.977,S1O
78,AF2,101,2.513,S1O
78,AF2,102,0.071,S1O
78,AF2,103,-2.370,S1O
78,AF2,104,-2.858,S1O
78,AF2,105,-2.370,S1O
78,AF2,106,-0.905,S1O
78,AF2,107,0.071,S1O
78,AF2,108,-0.417,S1O
78,AF2,109,-1.882,S1O
78,AF2,110,-4.323,S1O
78,AF2,111,-5.788,S1O
78,AF2,112,-6.276,S1O
78,AF2,113,-4.323,S1O
78,AF2,114,-1.882,S1O
78,AF2,115,1.048,S1O
78,AF2,116,3.001,S1O
78,AF2,117,3.489,S1O
78,AF2,118,3.001,S1O
78,AF2,119,2.513,S1O
78,AF2,120,3.001,S1O
78,AF2,121,4.954,S1O
78,AF2,122,6.907,S1O
78,AF2,123,7.884,S1O
78,AF2,124,7.395,S1O
78,AF2,125,5.442,S1O
78,AF2,126,2.024,S1O
78,AF2,127,-1.394,S1O
78,AF2,128,-4.323,S1O
78,AF2,129,-5.788,S1O
78,AF2,130,-6.276,S1O
78,AF2,131,-5.788,S1O
78,AF2,132,-5.300,S1O
78,AF2,133,-5.300,S1O
78,AF2,134,-6.276,S1O
78,AF2,135,-8.230,S1O
78,AF2,136,-9.694,S1O
78,AF2,137,-10.183,S1O
78,AF2,138,-8.230,S1O
78,AF2,139,-5.300,S1O
78,AF2,140,-2.370,S1O
78,AF2,141,-0.417,S1O
78,AF2,142,-0.417,S1O
78,AF2,143,-1.394,S1O
78,AF2,144,-2.370,S1O
78,AF2,145,-2.370,S1O
78,AF2,146,-1.394,S1O
78,AF2,147,0.071,S1O
78,AF2,148,1.048,S1O
78,AF2,149,1.536,S1O
78,AF2,150,2.024,S1O
78,AF2,151,2.024,S1O
78,AF2,152,1.536,S1O
78,AF2,153,1.048,S1O
78,AF2,154,0.559,S1O
78,AF2,155,0.071,S1O
78,AF2,156,-0.905,S1O
78,AF2,157,-2.370,S1O
78,AF2,158,-4.323,S1O
78,AF2,159,-6.276,S1O
78,AF2,160,-8.230,S1O
78,AF2,161,-9.694,S1O
78,AF2,162,-9.694,S1O
78,AF2,163,-8.718,S1O
78,AF2,164,-7.253,S1O
78,AF2,165,-6.276,S1O
78,AF2,166,-5.788,S1O
78,AF2,167,-5.788,S1O
78,AF2,168,-6.276,S1O
78,AF2,169,-5.788,S1O
78,AF2,170,-4.812,S1O
78,AF2,171,-3.347,S1O
78,AF2,172,-1.394,S1O
78,AF2,173,0.559,S1O
78,AF2,174,2.024,S1O
78,AF2,175,3.001,S1O
78,AF2,176,3.489,S1O
78,AF2,177,3.977,S1O
78,AF2,178,3.977,S1O
78,AF2,179,4.466,S1O
78,AF2,180,4.466,S1O
78,AF2,181,4.954,S1O
78,AF2,182,4.954,S1O
78,AF2,183,3.977,S1O
78,AF2,184,3.001,S1O
78,AF2,185,1.536,S1O
78,AF2,186,0.559,S1O
78,AF2,187,0.559,S1O
78,AF2,188,1.048,S1O
78,AF2,189,1.536,S1O
78,AF2,190,1.048,S1O
78,AF2,191,0.071,S1O
78,AF2,192,-0.905,S1O
78,AF2,193,-0.905,S1O
78,AF2,194,0.071,S1O
78,AF2,195,1.048,S1O
78,AF2,196,1.048,S1O
78,AF2,197,0.071,S1O
78,AF2,198,-1.394,S1O
78,AF2,199,-1.882,S1O
78,AF2,200,-0.905,S1O
78,AF2,201,1.048,S1O
78,AF2,202,3.489,S1O
78,AF2,203,5.442,S1O
78,AF2,204,5.931,S1O
78,AF2,205,5.931,S1O
78,AF2,206,5.931,S1O
78,AF2,207,5.442,S1O
78,AF2,208,4.954,S1O
78,AF2,209,3.977,S1O
78,AF2,210,3.977,S1O
78,AF2,211,5.442,S1O
78,AF2,212,7.395,S1O
78,AF2,213,9.349,S1O
78,AF2,214,10.813,S1O
78,AF2,215,10.813,S1O
78,AF2,216,9.349,S1O
78,AF2,217,7.884,S1O
78,AF2,218,5.442,S1O
78,AF2,219,2.513,S1O
78,AF2,220,-1.394,S1O
78,AF2,221,-4.323,S1O
78,AF2,222,-5.300,S1O
78,AF2,223,-3.835,S1O
78,AF2,224,-0.905,S1O
78,AF2,225,1.536,S1O
78,AF2,226,2.513,S1O
78,AF2,227,2.024,S1O
78,AF2,228,0.559,S1O
78,AF2,229,-0.417,S1O
78,AF2,230,-0.417,S1O
78,AF2,231,0.071,S1O
78,AF2,232,0.071,S1O
78,AF2,233,-0.417,S1O
78,AF2,234,-0.417,S1O
78,AF2,235,0.071,S1O
78,AF2,236,1.048,S1O
78,AF2,237,3.001,S1O
78,AF2,238,4.466,S1O
78,AF2,239,4.466,S1O
78,AF2,240,3.001,S1O
78,AF2,241,1.048,S1O
78,AF2,242,-0.905,S1O
78,AF2,243,-1.882,S1O
78,AF2,244,-1.394,S1O
78,AF2,245,0.071,S1O
78,AF2,246,0.559,S1O
78,AF2,247,1.048,S1O
78,AF2,248,1.536,S1O
78,AF2,249,1.536,S1O
78,AF2,250,1.536,S1O
78,AF2,251,1.536,S1O
78,AF2,252,2.024,S1O
78,AF2,253,2.024,S1O
78,AF2,254,1.048,S1O
78,AF2,255,0.559,S1O
78,FZ,0,-3.886,S1O
78,FZ,1,-4.374,S1O
78,FZ,2,-3.398,S1O
78,FZ,3,-2.421,S1O
78,FZ,4,-1.444,S1O
78,FZ,5,-0.956,S1O
78,FZ,6,-1.933,S1O
78,FZ,7,-2.909,S1O
78,FZ,8,-3.398,S1O
78,FZ,9,-3.398,S1O
78,FZ,10,-2.909,S1O
78,FZ,11,-1.933,S1O
78,FZ,12,-1.444,S1O
78,FZ,13,-0.956,S1O
78,FZ,14,-0.956,S1O
78,FZ,15,-1.444,S1O
78,FZ,16,-2.421,S1O
78,FZ,17,-3.398,S1O
78,FZ,18,-4.862,S1O
78,FZ,19,-5.839,S1O
78,FZ,20,-5.839,S1O
78,FZ,21,-5.351,S1O
78,FZ,22,-4.374,S1O
78,FZ,23,-2.909,S1O
78,FZ,24,-2.421,S1O
78,FZ,25,-2.909,S1O
78,FZ,26,-3.886,S1O
78,FZ,27,-5.351,S1O
78,FZ,28,-5.839,S1O
78,FZ,29,-4.862,S1O
78,FZ,30,-1.933,S1O
78,FZ,31,1.485,S1O
78,FZ,32,4.415,S1O
78,FZ,33,5.880,S1O
78,FZ,34,6.368,S1O
78,FZ,35,5.880,S1O
78,FZ,36,4.903,S1O
78,FZ,37,4.415,S1O
78,FZ,38,3.927,S1O
78,FZ,39,3.927,S1O
78,FZ,40,4.415,S1O
78,FZ,41,4.415,S1O
78,FZ,42,4.903,S1O
78,FZ,43,4.415,S1O
78,FZ,44,3.438,S1O
78,FZ,45,1.973,S1O
78,FZ,46,0.509,S1O
78,FZ,47,-0.956,S1O
78,FZ,48,-1.933,S1O
78,FZ,49,-2.909,S1O
78,FZ,50,-3.886,S1O
78,FZ,51,-4.374,S1O
78,FZ,52,-4.374,S1O
78,FZ,53,-2.421,S1O
78,FZ,54,-0.956,S1O
78,FZ,55,0.509,S1O
78,FZ,56,0.509,S1O
78,FZ,57,-0.956,S1O
78,FZ,58,-2.909,S1O
78,FZ,59,-3.886,S1O
78,FZ,60,-3.398,S1O
78,FZ,61,-2.421,S1O
78,FZ,62,-0.956,S1O
78,FZ,63,-0.468,S1O
78,FZ,64,-0.468,S1O
78,FZ,65,-0.956,S1O
78,FZ,66,-1.444,S1O
78,FZ,67,-0.956,S1O
78,FZ,68,-0.468,S1O
78,FZ,69,0.020,S1O
78,FZ,70,-0.468,S1O
78,FZ,71,-1.444,S1O
78,FZ,72,-2.421,S1O
78,FZ,73,-3.398,S1O
78,FZ,74,-3.886,S1O
78,FZ,75,-3.398,S1O
78,FZ,76,-3.398,S1O
78,FZ,77,-2.421,S1O
78,FZ,78,-2.421,S1O
78,FZ,79,-1.933,S1O
78,FZ,80,-2.421,S1O
78,FZ,81,-2.909,S1O
78,FZ,82,-2.909,S1O
78,FZ,83,-2.421,S1O
78,FZ,84,-1.444,S1O
78,FZ,85,-0.468,S1O
78,FZ,86,0.020,S1O
78,FZ,87,0.509,S1O
78,FZ,88,0.020,S1O
78,FZ,89,0.509,S1O
78,FZ,90,0.997,S1O
78,FZ,91,2.462,S1O
78,FZ,92,2.950,S1O
78,FZ,93,2.462,S1O
78,FZ,94,1.485,S1O
78,FZ,95,0.509,S1O
78,FZ,96,0.997,S1O
78,FZ,97,1.485,S1O
78,FZ,98,2.462,S1O
78,FZ,99,2.950,S1O
78,FZ,100,1.485,S1O
78,FZ,101,0.020,S1O
78,FZ,102,-1.933,S1O
78,FZ,103,-3.398,S1O
78,FZ,104,-3.398,S1O
78,FZ,105,-2.421,S1O
78,FZ,106,-0.956,S1O
78,FZ,107,0.020,S1O
78,FZ,108,0.020,S1O
78,FZ,109,-1.444,S1O
78,FZ,110,-2.909,S1O
78,FZ,111,-4.374,S1O
78,FZ,112,-5.351,S1O
78,FZ,113,-4.374,S1O
78,FZ,114,-2.421,S1O
78,FZ,115,0.020,S1O
78,FZ,116,1.973,S1O
78,FZ,117,2.950,S1O
78,FZ,118,2.462,S1O
78,FZ,119,2.462,S1O
78,FZ,120,2.950,S1O
78,FZ,121,4.415,S1O
78,FZ,122,5.880,S1O
78,FZ,123,7.345,S1O
78,FZ,124,6.856,S1O
78,FZ,125,4.903,S1O
78,FZ,126,1.973,S1O
78,FZ,127,-0.956,S1O
78,FZ,128,-3.886,S1O
78,FZ,129,-5.351,S1O
78,FZ,130,-5.351,S1O
78,FZ,131,-4.374,S1O
78,FZ,132,-3.398,S1O
78,FZ,133,-3.398,S1O
78,FZ,134,-4.374,S1O
78,FZ,135,-6.327,S1O
78,FZ,136,-7.792,S1O
78,FZ,137,-7.792,S1O
78,FZ,138,-6.327,S1O
78,FZ,139,-3.398,S1O
78,FZ,140,-0.956,S1O
78,FZ,141,0.997,S1O
78,FZ,142,1.485,S1O
78,FZ,143,0.509,S1O
78,FZ,144,-0.468,S1O
78,FZ,145,-1.444,S1O
78,FZ,146,-1.444,S1O
78,FZ,147,-0.468,S1O
78,FZ,148,0.509,S1O
78,FZ,149,2.462,S1O
78,FZ,150,3.927,S1O
78,FZ,151,4.903,S1O
78,FZ,152,4.903,S1O
78,FZ,153,4.415,S1O
78,FZ,154,3.438,S1O
78,FZ,155,2.462,S1O
78,FZ,156,0.997,S1O
78,FZ,157,0.020,S1O
78,FZ,158,-1.933,S1O
78,FZ,159,-3.886,S1O
78,FZ,160,-6.327,S1O
78,FZ,161,-7.792,S1O
78,FZ,162,-8.280,S1O
78,FZ,163,-7.792,S1O
78,FZ,164,-6.327,S1O
78,FZ,165,-4.374,S1O
78,FZ,166,-3.398,S1O
78,FZ,167,-3.398,S1O
78,FZ,168,-3.886,S1O
78,FZ,169,-4.374,S1O
78,FZ,170,-4.862,S1O
78,FZ,171,-4.374,S1O
78,FZ,172,-2.909,S1O
78,FZ,173,-1.444,S1O
78,FZ,174,0.997,S1O
78,FZ,175,2.950,S1O
78,FZ,176,3.927,S1O
78,FZ,177,4.903,S1O
78,FZ,178,5.391,S1O
78,FZ,179,5.391,S1O
78,FZ,180,4.903,S1O
78,FZ,181,4.415,S1O
78,FZ,182,4.415,S1O
78,FZ,183,3.438,S1O
78,FZ,184,2.462,S1O
78,FZ,185,1.485,S1O
78,FZ,186,0.509,S1O
78,FZ,187,0.020,S1O
78,FZ,188,0.020,S1O
78,FZ,189,0.020,S1O
78,FZ,190,0.020,S1O
78,FZ,191,-0.468,S1O
78,FZ,192,-0.468,S1O
78,FZ,193,-0.468,S1O
78,FZ,194,0.020,S1O
78,FZ,195,0.997,S1O
78,FZ,196,0.997,S1O
78,FZ,197,0.020,S1O
78,FZ,198,-1.444,S1O
78,FZ,199,-1.933,S1O
78,FZ,200,-1.444,S1O
78,FZ,201,-0.468,S1O
78,FZ,202,0.997,S1O
78,FZ,203,2.950,S1O
78,FZ,204,4.415,S1O
78,FZ,205,4.903,S1O
78,FZ,206,4.903,S1O
78,FZ,207,4.415,S1O
78,FZ,208,2.950,S1O
78,FZ,209,1.973,S1O
78,FZ,210,1.485,S1O
78,FZ,211,2.462,S1O
78,FZ,212,4.415,S1O
78,FZ,213,6.856,S1O
78,FZ,214,8.321,S1O
78,FZ,215,8.809,S1O
78,FZ,216,7.833,S1O
78,FZ,217,6.368,S1O
78,FZ,218,3.927,S1O
78,FZ,219,0.997,S1O
78,FZ,220,-1.444,S1O
78,FZ,221,-3.398,S1O
78,FZ,222,-3.886,S1O
78,FZ,223,-2.421,S1O
78,FZ,224,0.020,S1O
78,FZ,225,1.485,S1O
78,FZ,226,2.462,S1O
78,FZ,227,1.485,S1O
78,FZ,228,0.509,S1O
78,FZ,229,-0.956,S1O
78,FZ,230,-0.468,S1O
78,FZ,231,-0.468,S1O
78,FZ,232,-0.468,S1O
78,FZ,233,-1.444,S1O
78,FZ,234,-0.956,S1O
78,FZ,235,-0.956,S1O
78,FZ,236,0.020,S1O
78,FZ,237,1.973,S1O
78,FZ,238,3.438,S1O
78,FZ,239,3.438,S1O
78,FZ,240,2.950,S1O
78,FZ,241,1.485,S1O
78,FZ,242,0.020,S1O
78,FZ,243,-0.956,S1O
78,FZ,244,-1.444,S1O
78,FZ,245,-1.444,S1O
78,FZ,246,-1.933,S1O
78,FZ,247,-1.933,S1O
78,FZ,248,-1.444,S1O
78,FZ,249,-0.468,S1O
78,FZ,250,0.997,S1O
78,FZ,251,1.973,S1O
78,FZ,252,2.950,S1O
78,FZ,253,2.462,S1O
78,FZ,254,1.973,S1O
78,FZ,255,0.997,S1O
78,F4,0,-4.527,S1O
78,F4,1,-5.992,S1O
78,F4,2,-6.480,S1O
78,F4,3,-5.015,S1O
78,F4,4,-3.550,S1O
78,F4,5,-3.062,S1O
78,F4,6,-3.550,S1O
78,F4,7,-5.503,S1O
78,F4,8,-6.480,S1O
78,F4,9,-6.968,S1O
78,F4,10,-5.992,S1O
78,F4,11,-5.015,S1O
78,F4,12,-4.527,S1O
78,F4,13,-4.038,S1O
78,F4,14,-4.527,S1O
78,F4,15,-4.527,S1O
78,F4,16,-4.038,S1O
78,F4,17,-4.527,S1O
78,F4,18,-5.015,S1O
78,F4,19,-5.992,S1O
78,F4,20,-7.456,S1O
78,F4,21,-7.945,S1O
78,F4,22,-6.968,S1O
78,F4,23,-5.503,S1O
78,F4,24,-3.550,S1O
78,F4,25,-2.085,S1O
78,F4,26,-2.574,S1O
78,F4,27,-4.038,S1O
78,F4,28,-5.503,S1O
78,F4,29,-5.992,S1O
78,F4,30,-5.015,S1O
78,F4,31,-2.574,S1O
78,F4,32,-0.132,S1O
78,F4,33,2.309,S1O
78,F4,34,3.286,S1O
78,F4,35,3.286,S1O
78,F4,36,3.286,S1O
78,F4,37,3.774,S1O
78,F4,38,4.262,S1O
78,F4,39,4.751,S1O
78,F4,40,4.751,S1O
78,F4,41,4.262,S1O
78,F4,42,2.797,S1O
78,F4,43,1.333,S1O
78,F4,44,-0.621,S1O
78,F4,45,-2.085,S1O
78,F4,46,-2.574,S1O
78,F4,47,-3.062,S1O
78,F4,48,-2.574,S1O
78,F4,49,-2.574,S1O
78,F4,50,-3.550,S1O
78,F4,51,-4.527,S1O
78,F4,52,-5.015,S1O
78,F4,53,-4.038,S1O
78,F4,54,-2.574,S1O
78,F4,55,-0.621,S1O
78,F4,56,-0.132,S1O
78,F4,57,-1.597,S1O
78,F4,58,-4.038,S1O
78,F4,59,-5.503,S1O
78,F4,60,-5.015,S1O
78,F4,61,-2.574,S1O
78,F4,62,-0.132,S1O
78,F4,63,1.333,S1O
78,F4,64,-0.132,S1O
78,F4,65,-2.085,S1O
78,F4,66,-3.550,S1O
78,F4,67,-3.062,S1O
78,F4,68,-1.109,S1O
78,F4,69,0.356,S1O
78,F4,70,0.356,S1O
78,F4,71,-1.597,S1O
78,F4,72,-4.527,S1O
78,F4,73,-6.480,S1O
78,F4,74,-5.992,S1O
78,F4,75,-5.503,S1O
78,F4,76,-3.550,S1O
78,F4,77,-3.062,S1O
78,F4,78,-3.062,S1O
78,F4,79,-3.062,S1O
78,F4,80,-3.062,S1O
78,F4,81,-2.574,S1O
78,F4,82,-2.085,S1O
78,F4,83,-1.597,S1O
78,F4,84,-1.597,S1O
78,F4,85,-1.597,S1O
78,F4,86,-2.085,S1O
78,F4,87,-1.597,S1O
78,F4,88,-0.621,S1O
78,F4,89,1.821,S1O
78,F4,90,4.262,S1O
78,F4,91,6.215,S1O
78,F4,92,6.215,S1O
78,F4,93,5.239,S1O
78,F4,94,2.797,S1O
78,F4,95,1.333,S1O
78,F4,96,0.844,S1O
78,F4,97,1.333,S1O
78,F4,98,2.797,S1O
78,F4,99,2.797,S1O
78,F4,100,2.309,S1O
78,F4,101,1.333,S1O
78,F4,102,0.356,S1O
78,F4,103,0.356,S1O
78,F4,104,1.333,S1O
78,F4,105,1.333,S1O
78,F4,106,1.821,S1O
78,F4,107,1.333,S1O
78,F4,108,0.356,S1O
78,F4,109,-0.621,S1O
78,F4,110,-2.574,S1O
78,F4,111,-3.550,S1O
78,F4,112,-4.038,S1O
78,F4,113,-2.574,S1O
78,F4,114,0.356,S1O
78,F4,115,3.774,S1O
78,F4,116,5.727,S1O
78,F4,117,5.727,S1O
78,F4,118,3.286,S1O
78,F4,119,1.821,S1O
78,F4,120,1.821,S1O
78,F4,121,4.262,S1O
78,F4,122,8.169,S1O
78,F4,123,10.122,S1O
78,F4,124,10.122,S1O
78,F4,125,6.704,S1O
78,F4,126,2.309,S1O
78,F4,127,-1.597,S1O
78,F4,128,-4.038,S1O
78,F4,129,-4.038,S1O
78,F4,130,-3.550,S1O
78,F4,131,-2.574,S1O
78,F4,132,-2.574,S1O
78,F4,133,-3.550,S1O
78,F4,134,-5.503,S1O
78,F4,135,-6.968,S1O
78,F4,136,-7.945,S1O
78,F4,137,-6.968,S1O
78,F4,138,-5.015,S1O
78,F4,139,-2.574,S1O
78,F4,140,-0.621,S1O
78,F4,141,1.333,S1O
78,F4,142,2.309,S1O
78,F4,143,2.309,S1O
78,F4,144,2.309,S1O
78,F4,145,2.309,S1O
78,F4,146,1.821,S1O
78,F4,147,1.821,S1O
78,F4,148,2.309,S1O
78,F4,149,3.286,S1O
78,F4,150,3.286,S1O
78,F4,151,3.286,S1O
78,F4,152,2.797,S1O
78,F4,153,2.309,S1O
78,F4,154,1.821,S1O
78,F4,155,2.309,S1O
78,F4,156,2.309,S1O
78,F4,157,1.333,S1O
78,F4,158,-0.621,S1O
78,F4,159,-3.550,S1O
78,F4,160,-5.992,S1O
78,F4,161,-7.945,S1O
78,F4,162,-7.456,S1O
78,F4,163,-6.480,S1O
78,F4,164,-4.527,S1O
78,F4,165,-2.574,S1O
78,F4,166,-1.597,S1O
78,F4,167,-1.597,S1O
78,F4,168,-2.085,S1O
78,F4,169,-2.574,S1O
78,F4,170,-2.085,S1O
78,F4,171,-1.109,S1O
78,F4,172,0.844,S1O
78,F4,173,2.309,S1O
78,F4,174,3.286,S1O
78,F4,175,3.286,S1O
78,F4,176,3.774,S1O
78,F4,177,4.262,S1O
78,F4,178,4.751,S1O
78,F4,179,5.239,S1O
78,F4,180,5.727,S1O
78,F4,181,6.215,S1O
78,F4,182,6.215,S1O
78,F4,183,6.215,S1O
78,F4,184,5.239,S1O
78,F4,185,4.262,S1O
78,F4,186,2.797,S1O
78,F4,187,2.309,S1O
78,F4,188,2.797,S1O
78,F4,189,3.774,S1O
78,F4,190,3.774,S1O
78,F4,191,2.797,S1O
78,F4,192,1.821,S1O
78,F4,193,1.333,S1O
78,F4,194,1.821,S1O
78,F4,195,2.797,S1O
78,F4,196,3.286,S1O
78,F4,197,1.821,S1O
78,F4,198,0.356,S1O
78,F4,199,-0.621,S1O
78,F4,200,0.844,S1O
78,F4,201,3.286,S1O
78,F4,202,5.727,S1O
78,F4,203,6.215,S1O
78,F4,204,5.239,S1O
78,F4,205,4.262,S1O
78,F4,206,4.262,S1O
78,F4,207,5.727,S1O
78,F4,208,6.215,S1O
78,F4,209,6.215,S1O
78,F4,210,6.215,S1O
78,F4,211,7.192,S1O
78,F4,212,8.657,S1O
78,F4,213,10.610,S1O
78,F4,214,11.098,S1O
78,F4,215,10.122,S1O
78,F4,216,7.680,S1O
78,F4,217,5.239,S1O
78,F4,218,3.774,S1O
78,F4,219,2.797,S1O
78,F4,220,1.333,S1O
78,F4,221,-0.621,S1O
78,F4,222,-2.574,S1O
78,F4,223,-2.574,S1O
78,F4,224,-1.597,S1O
78,F4,225,1.333,S1O
78,F4,226,3.286,S1O
78,F4,227,4.262,S1O
78,F4,228,3.286,S1O
78,F4,229,1.333,S1O
78,F4,230,-0.621,S1O
78,F4,231,-1.109,S1O
78,F4,232,-0.132,S1O
78,F4,233,0.844,S1O
78,F4,234,1.821,S1O
78,F4,235,2.309,S1O
78,F4,236,3.286,S1O
78,F4,237,4.262,S1O
78,F4,238,5.727,S1O
78,F4,239,5.727,S1O
78,F4,240,4.262,S1O
78,F4,241,1.821,S1O
78,F4,242,-1.109,S1O
78,F4,243,-2.574,S1O
78,F4,244,-2.085,S1O
78,F4,245,-0.132,S1O
78,F4,246,2.309,S1O
78,F4,247,4.262,S1O
78,F4,248,5.239,S1O
78,F4,249,4.751,S1O
78,F4,250,3.286,S1O
78,F4,251,1.333,S1O
78,F4,252,0.356,S1O
78,F4,253,-0.621,S1O
78,F4,254,-0.132,S1O
78,F4,255,-0.132,S1O
78,F3,0,-4.720,S1O
78,F3,1,-4.232,S1O
78,F3,2,-2.279,S1O
78,F3,3,-0.814,S1O
78,F3,4,0.163,S1O
78,F3,5,0.163,S1O
78,F3,6,-0.814,S1O
78,F3,7,-1.302,S1O
78,F3,8,-1.790,S1O
78,F3,9,-1.302,S1O
78,F3,10,-0.326,S1O
78,F3,11,0.651,S1O
78,F3,12,1.139,S1O
78,F3,13,1.139,S1O
78,F3,14,1.139,S1O
78,F3,15,0.163,S1O
78,F3,16,-1.302,S1O
78,F3,17,-2.767,S1O
78,F3,18,-4.720,S1O
78,F3,19,-6.185,S1O
78,F3,20,-6.185,S1O
78,F3,21,-5.697,S1O
78,F3,22,-4.232,S1O
78,F3,23,-3.255,S1O
78,F3,24,-3.255,S1O
78,F3,25,-3.743,S1O
78,F3,26,-5.208,S1O
78,F3,27,-6.185,S1O
78,F3,28,-5.208,S1O
78,F3,29,-2.767,S1O
78,F3,30,1.139,S1O
78,F3,31,5.046,S1O
78,F3,32,7.975,S1O
78,F3,33,9.440,S1O
78,F3,34,9.440,S1O
78,F3,35,8.464,S1O
78,F3,36,7.487,S1O
78,F3,37,6.999,S1O
78,F3,38,7.487,S1O
78,F3,39,7.487,S1O
78,F3,40,7.975,S1O
78,F3,41,7.975,S1O
78,F3,42,7.975,S1O
78,F3,43,6.510,S1O
78,F3,44,5.534,S1O
78,F3,45,4.069,S1O
78,F3,46,3.092,S1O
78,F3,47,2.116,S1O
78,F3,48,1.139,S1O
78,F3,49,-0.326,S1O
78,F3,50,-1.790,S1O
78,F3,51,-2.767,S1O
78,F3,52,-1.790,S1O
78,F3,53,0.163,S1O
78,F3,54,3.092,S1O
78,F3,55,4.069,S1O
78,F3,56,3.581,S1O
78,F3,57,1.139,S1O
78,F3,58,-1.790,S1O
78,F3,59,-3.255,S1O
78,F3,60,-2.767,S1O
78,F3,61,-0.814,S1O
78,F3,62,1.139,S1O
78,F3,63,2.116,S1O
78,F3,64,2.604,S1O
78,F3,65,1.628,S1O
78,F3,66,1.628,S1O
78,F3,67,1.628,S1O
78,F3,68,2.116,S1O
78,F3,69,2.116,S1O
78,F3,70,2.116,S1O
78,F3,71,0.651,S1O
78,F3,72,0.651,S1O
78,F3,73,0.163,S1O
78,F3,74,0.163,S1O
78,F3,75,0.163,S1O
78,F3,76,0.163,S1O
78,F3,77,-0.326,S1O
78,F3,78,-0.326,S1O
78,F3,79,-0.326,S1O
78,F3,80,-0.814,S1O
78,F3,81,-0.326,S1O
78,F3,82,-0.326,S1O
78,F3,83,0.163,S1O
78,F3,84,0.651,S1O
78,F3,85,1.628,S1O
78,F3,86,2.604,S1O
78,F3,87,4.069,S1O
78,F3,88,4.557,S1O
78,F3,89,4.557,S1O
78,F3,90,4.557,S1O
78,F3,91,4.557,S1O
78,F3,92,4.557,S1O
78,F3,93,4.069,S1O
78,F3,94,4.069,S1O
78,F3,95,4.069,S1O
78,F3,96,4.557,S1O
78,F3,97,6.022,S1O
78,F3,98,7.487,S1O
78,F3,99,7.975,S1O
78,F3,100,7.487,S1O
78,F3,101,5.046,S1O
78,F3,102,2.116,S1O
78,F3,103,-0.326,S1O
78,F3,104,-0.814,S1O
78,F3,105,-0.326,S1O
78,F3,106,2.116,S1O
78,F3,107,4.069,S1O
78,F3,108,5.046,S1O
78,F3,109,4.069,S1O
78,F3,110,1.628,S1O
78,F3,111,-0.814,S1O
78,F3,112,-2.279,S1O
78,F3,113,-2.767,S1O
78,F3,114,-1.790,S1O
78,F3,115,-0.326,S1O
78,F3,116,1.628,S1O
78,F3,117,3.092,S1O
78,F3,118,4.557,S1O
78,F3,119,6.510,S1O
78,F3,120,7.975,S1O
78,F3,121,9.440,S1O
78,F3,122,10.417,S1O
78,F3,123,10.417,S1O
78,F3,124,9.928,S1O
78,F3,125,8.464,S1O
78,F3,126,5.534,S1O
78,F3,127,3.092,S1O
78,F3,128,0.163,S1O
78,F3,129,-2.279,S1O
78,F3,130,-2.279,S1O
78,F3,131,-1.790,S1O
78,F3,132,-1.302,S1O
78,F3,133,-1.302,S1O
78,F3,134,-1.790,S1O
78,F3,135,-3.255,S1O
78,F3,136,-3.743,S1O
78,F3,137,-3.255,S1O
78,F3,138,-1.790,S1O
78,F3,139,0.163,S1O
78,F3,140,2.116,S1O
78,F3,141,3.092,S1O
78,F3,142,3.092,S1O
78,F3,143,2.116,S1O
78,F3,144,1.139,S1O
78,F3,145,0.163,S1O
78,F3,146,-0.326,S1O
78,F3,147,0.651,S1O
78,F3,148,2.116,S1O
78,F3,149,3.581,S1O
78,F3,150,5.534,S1O
78,F3,151,6.022,S1O
78,F3,152,6.022,S1O
78,F3,153,5.534,S1O
78,F3,154,4.557,S1O
78,F3,155,4.069,S1O
78,F3,156,2.604,S1O
78,F3,157,1.139,S1O
78,F3,158,-1.302,S1O
78,F3,159,-3.743,S1O
78,F3,160,-6.185,S1O
78,F3,161,-8.138,S1O
78,F3,162,-8.626,S1O
78,F3,163,-8.138,S1O
78,F3,164,-6.185,S1O
78,F3,165,-3.743,S1O
78,F3,166,-1.790,S1O
78,F3,167,-1.302,S1O
78,F3,168,-0.814,S1O
78,F3,169,-1.790,S1O
78,F3,170,-3.255,S1O
78,F3,171,-3.743,S1O
78,F3,172,-2.767,S1O
78,F3,173,-0.814,S1O
78,F3,174,1.628,S1O
78,F3,175,4.557,S1O
78,F3,176,6.510,S1O
78,F3,177,7.487,S1O
78,F3,178,7.487,S1O
78,F3,179,6.510,S1O
78,F3,180,5.534,S1O
78,F3,181,5.046,S1O
78,F3,182,5.046,S1O
78,F3,183,4.557,S1O
78,F3,184,3.581,S1O
78,F3,185,2.604,S1O
78,F3,186,1.139,S1O
78,F3,187,-0.326,S1O
78,F3,188,-1.302,S1O
78,F3,189,-1.790,S1O
78,F3,190,-2.767,S1O
78,F3,191,-3.743,S1O
78,F3,192,-3.743,S1O
78,F3,193,-2.279,S1O
78,F3,194,0.163,S1O
78,F3,195,2.116,S1O
78,F3,196,2.604,S1O
78,F3,197,2.116,S1O
78,F3,198,0.651,S1O
78,F3,199,0.163,S1O
78,F3,200,0.651,S1O
78,F3,201,2.604,S1O
78,F3,202,5.534,S1O
78,F3,203,6.999,S1O
78,F3,204,8.464,S1O
78,F3,205,8.952,S1O
78,F3,206,9.440,S1O
78,F3,207,8.464,S1O
78,F3,208,6.999,S1O
78,F3,209,4.557,S1O
78,F3,210,3.092,S1O
78,F3,211,3.581,S1O
78,F3,212,6.022,S1O
78,F3,213,8.464,S1O
78,F3,214,9.928,S1O
78,F3,215,9.928,S1O
78,F3,216,8.464,S1O
78,F3,217,6.022,S1O
78,F3,218,3.581,S1O
78,F3,219,0.651,S1O
78,F3,220,-1.790,S1O
78,F3,221,-3.743,S1O
78,F3,222,-4.720,S1O
78,F3,223,-4.720,S1O
78,F3,224,-3.255,S1O
78,F3,225,-1.302,S1O
78,F3,226,-0.326,S1O
78,F3,227,0.163,S1O
78,F3,228,0.163,S1O
78,F3,229,0.651,S1O
78,F3,230,1.628,S1O
78,F3,231,2.116,S1O
78,F3,232,1.628,S1O
78,F3,233,0.163,S1O
78,F3,234,-1.790,S1O
78,F3,235,-2.279,S1O
78,F3,236,-1.790,S1O
78,F3,237,0.651,S1O
78,F3,238,3.092,S1O
78,F3,239,4.557,S1O
78,F3,240,5.046,S1O
78,F3,241,5.046,S1O
78,F3,242,4.069,S1O
78,F3,243,3.581,S1O
78,F3,244,3.092,S1O
78,F3,245,2.116,S1O
78,F3,246,1.139,S1O
78,F3,247,-0.326,S1O
78,F3,248,-1.302,S1O
78,F3,249,-2.279,S1O
78,F3,250,-2.767,S1O
78,F3,251,-2.767,S1O
78,F3,252,-2.279,S1O
78,F3,253,-1.790,S1O
78,F3,254,-1.302,S1O
78,F3,255,-0.814,S1O
78,FC6,0,-3.672,S1O
78,FC6,1,-4.649,S1O
78,FC6,2,-5.137,S1O
78,FC6,3,-4.649,S1O
78,FC6,4,-4.161,S1O
78,FC6,5,-3.672,S1O
78,FC6,6,-4.161,S1O
78,FC6,7,-4.649,S1O
78,FC6,8,-5.625,S1O
78,FC6,9,-6.114,S1O
78,FC6,10,-6.602,S1O
78,FC6,11,-7.579,S1O
78,FC6,12,-8.067,S1O
78,FC6,13,-8.067,S1O
78,FC6,14,-6.602,S1O
78,FC6,15,-4.649,S1O
78,FC6,16,-3.184,S1O
78,FC6,17,-2.696,S1O
78,FC6,18,-3.672,S1O
78,FC6,19,-5.625,S1O
78,FC6,20,-7.090,S1O
78,FC6,21,-7.579,S1O
78,FC6,22,-7.090,S1O
78,FC6,23,-4.649,S1O
78,FC6,24,-2.696,S1O
78,FC6,25,-1.231,S1O
78,FC6,26,-0.743,S1O
78,FC6,27,-2.207,S1O
78,FC6,28,-3.672,S1O
78,FC6,29,-5.137,S1O
78,FC6,30,-5.137,S1O
78,FC6,31,-3.672,S1O
78,FC6,32,-0.254,S1O
78,FC6,33,2.675,S1O
78,FC6,34,4.628,S1O
78,FC6,35,4.628,S1O
78,FC6,36,3.652,S1O
78,FC6,37,2.187,S1O
78,FC6,38,1.211,S1O
78,FC6,39,1.699,S1O
78,FC6,40,3.164,S1O
78,FC6,41,4.140,S1O
78,FC6,42,3.164,S1O
78,FC6,43,1.699,S1O
78,FC6,44,-0.743,S1O
78,FC6,45,-1.719,S1O
78,FC6,46,-1.231,S1O
78,FC6,47,0.234,S1O
78,FC6,48,2.187,S1O
78,FC6,49,2.675,S1O
78,FC6,50,1.211,S1O
78,FC6,51,-0.743,S1O
78,FC6,52,-2.696,S1O
78,FC6,53,-2.696,S1O
78,FC6,54,-1.231,S1O
78,FC6,55,0.234,S1O
78,FC6,56,1.211,S1O
78,FC6,57,0.234,S1O
78,FC6,58,-1.231,S1O
78,FC6,59,-2.696,S1O
78,FC6,60,-3.184,S1O
78,FC6,61,-2.207,S1O
78,FC6,62,-0.743,S1O
78,FC6,63,0.234,S1O
78,FC6,64,0.722,S1O
78,FC6,65,0.722,S1O
78,FC6,66,0.722,S1O
78,FC6,67,1.211,S1O
78,FC6,68,2.187,S1O
78,FC6,69,2.675,S1O
78,FC6,70,2.187,S1O
78,FC6,71,2.187,S1O
78,FC6,72,1.699,S1O
78,FC6,73,0.722,S1O
78,FC6,74,0.234,S1O
78,FC6,75,-0.254,S1O
78,FC6,76,-0.743,S1O
78,FC6,77,-0.254,S1O
78,FC6,78,0.722,S1O
78,FC6,79,1.211,S1O
78,FC6,80,1.699,S1O
78,FC6,81,1.699,S1O
78,FC6,82,0.722,S1O
78,FC6,83,0.234,S1O
78,FC6,84,0.722,S1O
78,FC6,85,2.187,S1O
78,FC6,86,3.652,S1O
78,FC6,87,4.628,S1O
78,FC6,88,5.117,S1O
78,FC6,89,4.628,S1O
78,FC6,90,4.628,S1O
78,FC6,91,5.117,S1O
78,FC6,92,6.582,S1O
78,FC6,93,7.070,S1O
78,FC6,94,7.070,S1O
78,FC6,95,6.093,S1O
78,FC6,96,5.117,S1O
78,FC6,97,4.140,S1O
78,FC6,98,4.628,S1O
78,FC6,99,6.093,S1O
78,FC6,100,7.558,S1O
78,FC6,101,9.023,S1O
78,FC6,102,9.511,S1O
78,FC6,103,9.023,S1O
78,FC6,104,8.046,S1O
78,FC6,105,7.558,S1O
78,FC6,106,6.582,S1O
78,FC6,107,6.582,S1O
78,FC6,108,6.093,S1O
78,FC6,109,6.093,S1O
78,FC6,110,5.605,S1O
78,FC6,111,6.093,S1O
78,FC6,112,6.093,S1O
78,FC6,113,6.582,S1O
78,FC6,114,7.558,S1O
78,FC6,115,8.046,S1O
78,FC6,116,8.535,S1O
78,FC6,117,8.535,S1O
78,FC6,118,8.535,S1O
78,FC6,119,8.535,S1O
78,FC6,120,9.023,S1O
78,FC6,121,10.488,S1O
78,FC6,122,11.464,S1O
78,FC6,123,11.464,S1O
78,FC6,124,10.488,S1O
78,FC6,125,8.535,S1O
78,FC6,126,6.582,S1O
78,FC6,127,5.117,S1O
78,FC6,128,4.628,S1O
78,FC6,129,5.117,S1O
78,FC6,130,6.582,S1O
78,FC6,131,6.582,S1O
78,FC6,132,6.093,S1O
78,FC6,133,4.140,S1O
78,FC6,134,1.699,S1O
78,FC6,135,0.234,S1O
78,FC6,136,-0.743,S1O
78,FC6,137,0.234,S1O
78,FC6,138,1.211,S1O
78,FC6,139,2.675,S1O
78,FC6,140,3.652,S1O
78,FC6,141,4.628,S1O
78,FC6,142,5.117,S1O
78,FC6,143,6.093,S1O
78,FC6,144,6.582,S1O
78,FC6,145,7.070,S1O
78,FC6,146,7.558,S1O
78,FC6,147,8.046,S1O
78,FC6,148,8.046,S1O
78,FC6,149,8.046,S1O
78,FC6,150,7.558,S1O
78,FC6,151,6.582,S1O
78,FC6,152,6.093,S1O
78,FC6,153,5.117,S1O
78,FC6,154,5.117,S1O
78,FC6,155,5.117,S1O
78,FC6,156,5.117,S1O
78,FC6,157,4.628,S1O
78,FC6,158,3.164,S1O
78,FC6,159,1.211,S1O
78,FC6,160,-0.254,S1O
78,FC6,161,-0.743,S1O
78,FC6,162,0.234,S1O
78,FC6,163,1.699,S1O
78,FC6,164,3.164,S1O
78,FC6,165,4.140,S1O
78,FC6,166,3.652,S1O
78,FC6,167,3.164,S1O
78,FC6,168,3.652,S1O
78,FC6,169,5.117,S1O
78,FC6,170,7.070,S1O
78,FC6,171,9.511,S1O
78,FC6,172,10.976,S1O
78,FC6,173,10.976,S1O
78,FC6,174,10.000,S1O
78,FC6,175,9.023,S1O
78,FC6,176,8.535,S1O
78,FC6,177,8.535,S1O
78,FC6,178,9.023,S1O
78,FC6,179,9.511,S1O
78,FC6,180,10.000,S1O
78,FC6,181,9.511,S1O
78,FC6,182,9.023,S1O
78,FC6,183,7.558,S1O
78,FC6,184,6.582,S1O
78,FC6,185,6.582,S1O
78,FC6,186,7.558,S1O
78,FC6,187,10.000,S1O
78,FC6,188,11.953,S1O
78,FC6,189,12.441,S1O
78,FC6,190,11.953,S1O
78,FC6,191,9.511,S1O
78,FC6,192,7.558,S1O
78,FC6,193,6.093,S1O
78,FC6,194,6.582,S1O
78,FC6,195,7.070,S1O
78,FC6,196,7.070,S1O
78,FC6,197,6.582,S1O
78,FC6,198,5.117,S1O
78,FC6,199,4.628,S1O
78,FC6,200,5.605,S1O
78,FC6,201,7.558,S1O
78,FC6,202,10.000,S1O
78,FC6,203,11.464,S1O
78,FC6,204,11.953,S1O
78,FC6,205,11.953,S1O
78,FC6,206,11.953,S1O
78,FC6,207,11.953,S1O
78,FC6,208,11.953,S1O
78,FC6,209,12.441,S1O
78,FC6,210,12.441,S1O
78,FC6,211,12.441,S1O
78,FC6,212,12.441,S1O
78,FC6,213,12.441,S1O
78,FC6,214,11.953,S1O
78,FC6,215,11.464,S1O
78,FC6,216,11.464,S1O
78,FC6,217,10.976,S1O
78,FC6,218,9.511,S1O
78,FC6,219,6.582,S1O
78,FC6,220,3.652,S1O
78,FC6,221,0.722,S1O
78,FC6,222,-0.743,S1O
78,FC6,223,0.722,S1O
78,FC6,224,3.652,S1O
78,FC6,225,7.558,S1O
78,FC6,226,10.000,S1O
78,FC6,227,10.488,S1O
78,FC6,228,9.023,S1O
78,FC6,229,7.070,S1O
78,FC6,230,4.628,S1O
78,FC6,231,3.652,S1O
78,FC6,232,4.140,S1O
78,FC6,233,5.117,S1O
78,FC6,234,6.582,S1O
78,FC6,235,8.535,S1O
78,FC6,236,10.488,S1O
78,FC6,237,12.441,S1O
78,FC6,238,12.441,S1O
78,FC6,239,11.464,S1O
78,FC6,240,8.535,S1O
78,FC6,241,5.117,S1O
78,FC6,242,2.187,S1O
78,FC6,243,1.211,S1O
78,FC6,244,2.675,S1O
78,FC6,245,6.093,S1O
78,FC6,246,9.023,S1O
78,FC6,247,10.488,S1O
78,FC6,248,10.000,S1O
78,FC6,249,7.070,S1O
78,FC6,250,3.652,S1O
78,FC6,251,1.211,S1O
78,FC6,252,1.211,S1O
78,FC6,253,2.675,S1O
78,FC6,254,4.628,S1O
78,FC6,255,6.093,S1O
78,FC5,0,-3.927,S1O
78,FC5,1,-3.927,S1O
78,FC5,2,-2.462,S1O
78,FC5,3,-1.485,S1O
78,FC5,4,-0.509,S1O
78,FC5,5,-0.020,S1O
78,FC5,6,-0.509,S1O
78,FC5,7,-0.997,S1O
78,FC5,8,-0.997,S1O
78,FC5,9,-0.509,S1O
78,FC5,10,0.956,S1O
78,FC5,11,1.933,S1O
78,FC5,12,2.421,S1O
78,FC5,13,1.933,S1O
78,FC5,14,0.468,S1O
78,FC5,15,-0.509,S1O
78,FC5,16,-1.973,S1O
78,FC5,17,-3.438,S1O
78,FC5,18,-5.391,S1O
78,FC5,19,-6.856,S1O
78,FC5,20,-8.321,S1O
78,FC5,21,-8.809,S1O
78,FC5,22,-8.809,S1O
78,FC5,23,-8.321,S1O
78,FC5,24,-7.345,S1O
78,FC5,25,-7.345,S1O
78,FC5,26,-7.833,S1O
78,FC5,27,-8.809,S1O
78,FC5,28,-8.321,S1O
78,FC5,29,-7.345,S1O
78,FC5,30,-4.415,S1O
78,FC5,31,-1.485,S1O
78,FC5,32,0.468,S1O
78,FC5,33,1.444,S1O
78,FC5,34,1.444,S1O
78,FC5,35,0.468,S1O
78,FC5,36,-0.020,S1O
78,FC5,37,-0.020,S1O
78,FC5,38,0.468,S1O
78,FC5,39,1.444,S1O
78,FC5,40,1.933,S1O
78,FC5,41,1.444,S1O
78,FC5,42,-0.020,S1O
78,FC5,43,-2.462,S1O
78,FC5,44,-4.903,S1O
78,FC5,45,-5.880,S1O
78,FC5,46,-5.880,S1O
78,FC5,47,-5.391,S1O
78,FC5,48,-5.391,S1O
78,FC5,49,-6.368,S1O
78,FC5,50,-7.833,S1O
78,FC5,51,-8.809,S1O
78,FC5,52,-9.298,S1O
78,FC5,53,-8.321,S1O
78,FC5,54,-5.880,S1O
78,FC5,55,-4.903,S1O
78,FC5,56,-4.903,S1O
78,FC5,57,-6.368,S1O
78,FC5,58,-7.833,S1O
78,FC5,59,-9.298,S1O
78,FC5,60,-8.809,S1O
78,FC5,61,-7.345,S1O
78,FC5,62,-5.391,S1O
78,FC5,63,-3.438,S1O
78,FC5,64,-3.438,S1O
78,FC5,65,-3.438,S1O
78,FC5,66,-3.927,S1O
78,FC5,67,-3.927,S1O
78,FC5,68,-3.438,S1O
78,FC5,69,-2.950,S1O
78,FC5,70,-3.438,S1O
78,FC5,71,-3.927,S1O
78,FC5,72,-4.903,S1O
78,FC5,73,-5.391,S1O
78,FC5,74,-5.391,S1O
78,FC5,75,-5.391,S1O
78,FC5,76,-5.391,S1O
78,FC5,77,-5.880,S1O
78,FC5,78,-6.368,S1O
78,FC5,79,-6.856,S1O
78,FC5,80,-6.368,S1O
78,FC5,81,-6.368,S1O
78,FC5,82,-6.856,S1O
78,FC5,83,-7.345,S1O
78,FC5,84,-7.833,S1O
78,FC5,85,-7.345,S1O
78,FC5,86,-5.880,S1O
78,FC5,87,-4.415,S1O
78,FC5,88,-3.927,S1O
78,FC5,89,-3.927,S1O
78,FC5,90,-4.415,S1O
78,FC5,91,-3.927,S1O
78,FC5,92,-2.950,S1O
78,FC5,93,-1.973,S1O
78,FC5,94,-0.997,S1O
78,FC5,95,-0.997,S1O
78,FC5,96,-1.485,S1O
78,FC5,97,-1.485,S1O
78,FC5,98,-0.509,S1O
78,FC5,99,0.956,S1O
78,FC5,100,2.421,S1O
78,FC5,101,1.933,S1O
78,FC5,102,-0.020,S1O
78,FC5,103,-2.950,S1O
78,FC5,104,-5.391,S1O
78,FC5,105,-5.880,S1O
78,FC5,106,-5.391,S1O
78,FC5,107,-3.927,S1O
78,FC5,108,-2.950,S1O
78,FC5,109,-3.438,S1O
78,FC5,110,-4.415,S1O
78,FC5,111,-5.880,S1O
78,FC5,112,-7.345,S1O
78,FC5,113,-8.321,S1O
78,FC5,114,-8.809,S1O
78,FC5,115,-8.809,S1O
78,FC5,116,-8.321,S1O
78,FC5,117,-6.856,S1O
78,FC5,118,-4.903,S1O
78,FC5,119,-2.462,S1O
78,FC5,120,-0.509,S1O
78,FC5,121,0.956,S1O
78,FC5,122,1.933,S1O
78,FC5,123,2.421,S1O
78,FC5,124,2.421,S1O
78,FC5,125,1.444,S1O
78,FC5,126,-0.020,S1O
78,FC5,127,-2.462,S1O
78,FC5,128,-4.903,S1O
78,FC5,129,-6.856,S1O
78,FC5,130,-7.833,S1O
78,FC5,131,-8.321,S1O
78,FC5,132,-7.833,S1O
78,FC5,133,-7.345,S1O
78,FC5,134,-6.856,S1O
78,FC5,135,-7.345,S1O
78,FC5,136,-7.345,S1O
78,FC5,137,-7.345,S1O
78,FC5,138,-7.345,S1O
78,FC5,139,-6.856,S1O
78,FC5,140,-5.880,S1O
78,FC5,141,-4.415,S1O
78,FC5,142,-3.927,S1O
78,FC5,143,-3.438,S1O
78,FC5,144,-3.438,S1O
78,FC5,145,-3.927,S1O
78,FC5,146,-3.927,S1O
78,FC5,147,-3.438,S1O
78,FC5,148,-2.462,S1O
78,FC5,149,-1.973,S1O
78,FC5,150,-1.973,S1O
78,FC5,151,-2.950,S1O
78,FC5,152,-4.415,S1O
78,FC5,153,-5.880,S1O
78,FC5,154,-6.368,S1O
78,FC5,155,-6.368,S1O
78,FC5,156,-5.880,S1O
78,FC5,157,-5.391,S1O
78,FC5,158,-6.368,S1O
78,FC5,159,-7.833,S1O
78,FC5,160,-9.786,S1O
78,FC5,161,-11.251,S1O
78,FC5,162,-11.739,S1O
78,FC5,163,-10.763,S1O
78,FC5,164,-9.298,S1O
78,FC5,165,-7.345,S1O
78,FC5,166,-5.880,S1O
78,FC5,167,-4.415,S1O
78,FC5,168,-3.927,S1O
78,FC5,169,-3.438,S1O
78,FC5,170,-3.438,S1O
78,FC5,171,-3.438,S1O
78,FC5,172,-3.438,S1O
78,FC5,173,-2.950,S1O
78,FC5,174,-1.485,S1O
78,FC5,175,-0.509,S1O
78,FC5,176,0.956,S1O
78,FC5,177,1.444,S1O
78,FC5,178,0.468,S1O
78,FC5,179,-1.485,S1O
78,FC5,180,-2.462,S1O
78,FC5,181,-2.462,S1O
78,FC5,182,-0.997,S1O
78,FC5,183,1.444,S1O
78,FC5,184,3.886,S1O
78,FC5,185,4.374,S1O
78,FC5,186,3.398,S1O
78,FC5,187,0.956,S1O
78,FC5,188,-1.973,S1O
78,FC5,189,-3.927,S1O
78,FC5,190,-5.391,S1O
78,FC5,191,-5.880,S1O
78,FC5,192,-5.391,S1O
78,FC5,193,-4.903,S1O
78,FC5,194,-3.438,S1O
78,FC5,195,-1.973,S1O
78,FC5,196,-0.997,S1O
78,FC5,197,-0.020,S1O
78,FC5,198,0.468,S1O
78,FC5,199,0.468,S1O
78,FC5,200,0.956,S1O
78,FC5,201,2.421,S1O
78,FC5,202,3.886,S1O
78,FC5,203,5.839,S1O
78,FC5,204,7.792,S1O
78,FC5,205,9.257,S1O
78,FC5,206,9.745,S1O
78,FC5,207,9.257,S1O
78,FC5,208,7.304,S1O
78,FC5,209,4.862,S1O
78,FC5,210,3.398,S1O
78,FC5,211,2.909,S1O
78,FC5,212,3.886,S1O
78,FC5,213,5.351,S1O
78,FC5,214,5.839,S1O
78,FC5,215,4.862,S1O
78,FC5,216,2.909,S1O
78,FC5,217,0.956,S1O
78,FC5,218,-0.509,S1O
78,FC5,219,-1.485,S1O
78,FC5,220,-2.950,S1O
78,FC5,221,-4.903,S1O
78,FC5,222,-6.856,S1O
78,FC5,223,-7.833,S1O
78,FC5,224,-7.833,S1O
78,FC5,225,-6.368,S1O
78,FC5,226,-3.927,S1O
78,FC5,227,-1.485,S1O
78,FC5,228,0.468,S1O
78,FC5,229,2.421,S1O
78,FC5,230,2.909,S1O
78,FC5,231,2.909,S1O
78,FC5,232,1.933,S1O
78,FC5,233,0.468,S1O
78,FC5,234,-0.997,S1O
78,FC5,235,-0.997,S1O
78,FC5,236,-0.509,S1O
78,FC5,237,1.444,S1O
78,FC5,238,2.909,S1O
78,FC5,239,3.886,S1O
78,FC5,240,3.886,S1O
78,FC5,241,3.886,S1O
78,FC5,242,3.886,S1O
78,FC5,243,3.398,S1O
78,FC5,244,3.398,S1O
78,FC5,245,1.444,S1O
78,FC5,246,-0.020,S1O
78,FC5,247,-2.950,S1O
78,FC5,248,-5.880,S1O
78,FC5,249,-8.809,S1O
78,FC5,250,-11.251,S1O
78,FC5,251,-12.716,S1O
78,FC5,252,-13.204,S1O
78,FC5,253,-11.739,S1O
78,FC5,254,-10.763,S1O
78,FC5,255,-9.298,S1O
78,FC2,0,-1.516,S1O
78,FC2,1,-2.004,S1O
78,FC2,2,-2.004,S1O
78,FC2,3,-2.004,S1O
78,FC2,4,-2.004,S1O
78,FC2,5,-2.004,S1O
78,FC2,6,-2.004,S1O
78,FC2,7,-2.981,S1O
78,FC2,8,-3.469,S1O
78,FC2,9,-3.469,S1O
78,FC2,10,-3.469,S1O
78,FC2,11,-2.492,S1O
78,FC2,12,-2.004,S1O
78,FC2,13,-1.516,S1O
78,FC2,14,-2.004,S1O
78,FC2,15,-2.492,S1O
78,FC2,16,-2.492,S1O
78,FC2,17,-2.981,S1O
78,FC2,18,-2.981,S1O
78,FC2,19,-2.492,S1O
78,FC2,20,-2.492,S1O
78,FC2,21,-2.004,S1O
78,FC2,22,-2.004,S1O
78,FC2,23,-1.516,S1O
78,FC2,24,-1.027,S1O
78,FC2,25,-1.027,S1O
78,FC2,26,-2.004,S1O
78,FC2,27,-2.492,S1O
78,FC2,28,-2.981,S1O
78,FC2,29,-2.492,S1O
78,FC2,30,-1.516,S1O
78,FC2,31,-0.051,S1O
78,FC2,32,1.414,S1O
78,FC2,33,2.391,S1O
78,FC2,34,2.879,S1O
78,FC2,35,2.391,S1O
78,FC2,36,2.391,S1O
78,FC2,37,1.902,S1O
78,FC2,38,1.902,S1O
78,FC2,39,1.414,S1O
78,FC2,40,1.414,S1O
78,FC2,41,1.902,S1O
78,FC2,42,2.391,S1O
78,FC2,43,2.879,S1O
78,FC2,44,2.391,S1O
78,FC2,45,1.414,S1O
78,FC2,46,0.437,S1O
78,FC2,47,-0.539,S1O
78,FC2,48,-0.539,S1O
78,FC2,49,-0.539,S1O
78,FC2,50,-0.539,S1O
78,FC2,51,-0.539,S1O
78,FC2,52,-1.027,S1O
78,FC2,53,-0.539,S1O
78,FC2,54,0.437,S1O
78,FC2,55,0.926,S1O
78,FC2,56,1.414,S1O
78,FC2,57,0.926,S1O
78,FC2,58,-0.051,S1O
78,FC2,59,-1.027,S1O
78,FC2,60,-1.027,S1O
78,FC2,61,-0.051,S1O
78,FC2,62,0.437,S1O
78,FC2,63,0.926,S1O
78,FC2,64,1.414,S1O
78,FC2,65,0.926,S1O
78,FC2,66,0.926,S1O
78,FC2,67,1.414,S1O
78,FC2,68,1.414,S1O
78,FC2,69,1.902,S1O
78,FC2,70,1.902,S1O
78,FC2,71,0.926,S1O
78,FC2,72,-0.051,S1O
78,FC2,73,-1.027,S1O
78,FC2,74,-2.004,S1O
78,FC2,75,-2.004,S1O
78,FC2,76,-2.004,S1O
78,FC2,77,-1.516,S1O
78,FC2,78,-1.516,S1O
78,FC2,79,-1.027,S1O
78,FC2,80,-1.027,S1O
78,FC2,81,-1.027,S1O
78,FC2,82,-0.539,S1O
78,FC2,83,-0.051,S1O
78,FC2,84,0.437,S1O
78,FC2,85,0.437,S1O
78,FC2,86,0.926,S1O
78,FC2,87,0.926,S1O
78,FC2,88,1.902,S1O
78,FC2,89,2.879,S1O
78,FC2,90,3.367,S1O
78,FC2,91,3.855,S1O
78,FC2,92,3.367,S1O
78,FC2,93,2.879,S1O
78,FC2,94,2.879,S1O
78,FC2,95,2.879,S1O
78,FC2,96,2.879,S1O
78,FC2,97,2.879,S1O
78,FC2,98,2.391,S1O
78,FC2,99,1.902,S1O
78,FC2,100,1.414,S1O
78,FC2,101,1.414,S1O
78,FC2,102,1.414,S1O
78,FC2,103,1.414,S1O
78,FC2,104,1.414,S1O
78,FC2,105,1.902,S1O
78,FC2,106,1.902,S1O
78,FC2,107,1.902,S1O
78,FC2,108,1.902,S1O
78,FC2,109,1.902,S1O
78,FC2,110,1.414,S1O
78,FC2,111,1.414,S1O
78,FC2,112,1.414,S1O
78,FC2,113,1.902,S1O
78,FC2,114,2.879,S1O
78,FC2,115,3.855,S1O
78,FC2,116,3.855,S1O
78,FC2,117,3.367,S1O
78,FC2,118,2.879,S1O
78,FC2,119,2.879,S1O
78,FC2,120,3.367,S1O
78,FC2,121,4.344,S1O
78,FC2,122,5.320,S1O
78,FC2,123,5.320,S1O
78,FC2,124,4.832,S1O
78,FC2,125,3.855,S1O
78,FC2,126,2.391,S1O
78,FC2,127,0.926,S1O
78,FC2,128,-0.051,S1O
78,FC2,129,-0.051,S1O
78,FC2,130,-0.051,S1O
78,FC2,131,0.437,S1O
78,FC2,132,0.926,S1O
78,FC2,133,0.437,S1O
78,FC2,134,-0.539,S1O
78,FC2,135,-2.004,S1O
78,FC2,136,-2.981,S1O
78,FC2,137,-2.981,S1O
78,FC2,138,-2.004,S1O
78,FC2,139,-0.051,S1O
78,FC2,140,0.926,S1O
78,FC2,141,1.902,S1O
78,FC2,142,2.391,S1O
78,FC2,143,1.902,S1O
78,FC2,144,1.902,S1O
78,FC2,145,1.414,S1O
78,FC2,146,1.414,S1O
78,FC2,147,1.414,S1O
78,FC2,148,2.879,S1O
78,FC2,149,3.855,S1O
78,FC2,150,4.832,S1O
78,FC2,151,5.320,S1O
78,FC2,152,5.320,S1O
78,FC2,153,4.344,S1O
78,FC2,154,3.855,S1O
78,FC2,155,3.367,S1O
78,FC2,156,2.879,S1O
78,FC2,157,2.391,S1O
78,FC2,158,1.902,S1O
78,FC2,159,0.926,S1O
78,FC2,160,-0.539,S1O
78,FC2,161,-1.027,S1O
78,FC2,162,-1.516,S1O
78,FC2,163,-1.027,S1O
78,FC2,164,-0.051,S1O
78,FC2,165,0.437,S1O
78,FC2,166,0.437,S1O
78,FC2,167,-0.051,S1O
78,FC2,168,-0.051,S1O
78,FC2,169,-1.027,S1O
78,FC2,170,-0.539,S1O
78,FC2,171,-0.051,S1O
78,FC2,172,0.926,S1O
78,FC2,173,2.391,S1O
78,FC2,174,3.367,S1O
78,FC2,175,3.855,S1O
78,FC2,176,4.344,S1O
78,FC2,177,4.832,S1O
78,FC2,178,5.320,S1O
78,FC2,179,5.320,S1O
78,FC2,180,5.320,S1O
78,FC2,181,4.832,S1O
78,FC2,182,3.855,S1O
78,FC2,183,2.879,S1O
78,FC2,184,2.879,S1O
78,FC2,185,2.879,S1O
78,FC2,186,3.855,S1O
78,FC2,187,4.832,S1O
78,FC2,188,5.320,S1O
78,FC2,189,5.320,S1O
78,FC2,190,4.832,S1O
78,FC2,191,4.344,S1O
78,FC2,192,3.855,S1O
78,FC2,193,3.367,S1O
78,FC2,194,3.367,S1O
78,FC2,195,3.367,S1O
78,FC2,196,2.879,S1O
78,FC2,197,2.879,S1O
78,FC2,198,2.879,S1O
78,FC2,199,2.879,S1O
78,FC2,200,2.879,S1O
78,FC2,201,3.367,S1O
78,FC2,202,3.855,S1O
78,FC2,203,3.855,S1O
78,FC2,204,3.855,S1O
78,FC2,205,3.855,S1O
78,FC2,206,3.855,S1O
78,FC2,207,4.344,S1O
78,FC2,208,4.344,S1O
78,FC2,209,4.344,S1O
78,FC2,210,4.344,S1O
78,FC2,211,4.344,S1O
78,FC2,212,4.344,S1O
78,FC2,213,4.344,S1O
78,FC2,214,4.832,S1O
78,FC2,215,4.832,S1O
78,FC2,216,4.832,S1O
78,FC2,217,4.832,S1O
78,FC2,218,4.344,S1O
78,FC2,219,3.367,S1O
78,FC2,220,1.902,S1O
78,FC2,221,0.437,S1O
78,FC2,222,-0.051,S1O
78,FC2,223,0.437,S1O
78,FC2,224,1.414,S1O
78,FC2,225,2.391,S1O
78,FC2,226,1.902,S1O
78,FC2,227,1.414,S1O
78,FC2,228,0.437,S1O
78,FC2,229,-0.051,S1O
78,FC2,230,-0.051,S1O
78,FC2,231,0.437,S1O
78,FC2,232,0.926,S1O
78,FC2,233,1.414,S1O
78,FC2,234,1.414,S1O
78,FC2,235,1.902,S1O
78,FC2,236,2.391,S1O
78,FC2,237,2.879,S1O
78,FC2,238,3.855,S1O
78,FC2,239,3.855,S1O
78,FC2,240,2.879,S1O
78,FC2,241,1.414,S1O
78,FC2,242,0.437,S1O
78,FC2,243,-0.539,S1O
78,FC2,244,-0.539,S1O
78,FC2,245,0.437,S1O
78,FC2,246,1.414,S1O
78,FC2,247,2.391,S1O
78,FC2,248,3.367,S1O
78,FC2,249,3.855,S1O
78,FC2,250,3.855,S1O
78,FC2,251,3.855,S1O
78,FC2,252,3.367,S1O
78,FC2,253,2.391,S1O
78,FC2,254,2.391,S1O
78,FC2,255,1.902,S1O
78,FC1,0,-1.556,S1O
78,FC1,1,-1.556,S1O
78,FC1,2,-1.556,S1O
78,FC1,3,-1.068,S1O
78,FC1,4,-0.092,S1O
78,FC1,5,0.397,S1O
78,FC1,6,0.885,S1O
78,FC1,7,0.885,S1O
78,FC1,8,0.885,S1O
78,FC1,9,0.885,S1O
78,FC1,10,1.373,S1O
78,FC1,11,2.350,S1O
78,FC1,12,2.838,S1O
78,FC1,13,2.838,S1O
78,FC1,14,2.838,S1O
78,FC1,15,1.862,S1O
78,FC1,16,0.885,S1O
78,FC1,17,-0.092,S1O
78,FC1,18,-1.068,S1O
78,FC1,19,-1.556,S1O
78,FC1,20,-1.556,S1O
78,FC1,21,-0.580,S1O
78,FC1,22,-0.580,S1O
78,FC1,23,0.397,S1O
78,FC1,24,0.397,S1O
78,FC1,25,-0.092,S1O
78,FC1,26,-1.068,S1O
78,FC1,27,-1.556,S1O
78,FC1,28,-2.045,S1O
78,FC1,29,-1.068,S1O
78,FC1,30,0.885,S1O
78,FC1,31,2.838,S1O
78,FC1,32,3.815,S1O
78,FC1,33,5.280,S1O
78,FC1,34,5.280,S1O
78,FC1,35,5.280,S1O
78,FC1,36,4.791,S1O
78,FC1,37,3.815,S1O
78,FC1,38,3.815,S1O
78,FC1,39,3.815,S1O
78,FC1,40,4.303,S1O
78,FC1,41,5.280,S1O
78,FC1,42,5.280,S1O
78,FC1,43,5.280,S1O
78,FC1,44,4.303,S1O
78,FC1,45,3.326,S1O
78,FC1,46,2.350,S1O
78,FC1,47,1.373,S1O
78,FC1,48,0.885,S1O
78,FC1,49,0.885,S1O
78,FC1,50,-0.092,S1O
78,FC1,51,-0.092,S1O
78,FC1,52,-0.092,S1O
78,FC1,53,0.885,S1O
78,FC1,54,1.862,S1O
78,FC1,55,2.838,S1O
78,FC1,56,2.350,S1O
78,FC1,57,1.373,S1O
78,FC1,58,0.397,S1O
78,FC1,59,-0.092,S1O
78,FC1,60,0.397,S1O
78,FC1,61,0.885,S1O
78,FC1,62,1.373,S1O
78,FC1,63,1.373,S1O
78,FC1,64,0.885,S1O
78,FC1,65,0.397,S1O
78,FC1,66,0.397,S1O
78,FC1,67,0.397,S1O
78,FC1,68,0.397,S1O
78,FC1,69,0.397,S1O
78,FC1,70,0.397,S1O
78,FC1,71,-0.092,S1O
78,FC1,72,-0.092,S1O
78,FC1,73,-0.092,S1O
78,FC1,74,-0.092,S1O
78,FC1,75,-0.580,S1O
78,FC1,76,-1.068,S1O
78,FC1,77,-1.556,S1O
78,FC1,78,-1.556,S1O
78,FC1,79,-1.556,S1O
78,FC1,80,-1.556,S1O
78,FC1,81,-1.556,S1O
78,FC1,82,-1.556,S1O
78,FC1,83,-1.068,S1O
78,FC1,84,-0.580,S1O
78,FC1,85,-0.092,S1O
78,FC1,86,0.397,S1O
78,FC1,87,0.397,S1O
78,FC1,88,0.885,S1O
78,FC1,89,0.885,S1O
78,FC1,90,1.373,S1O
78,FC1,91,1.862,S1O
78,FC1,92,1.862,S1O
78,FC1,93,1.862,S1O
78,FC1,94,1.373,S1O
78,FC1,95,1.373,S1O
78,FC1,96,1.862,S1O
78,FC1,97,2.838,S1O
78,FC1,98,3.326,S1O
78,FC1,99,3.326,S1O
78,FC1,100,2.838,S1O
78,FC1,101,1.373,S1O
78,FC1,102,-0.092,S1O
78,FC1,103,-1.068,S1O
78,FC1,104,-1.068,S1O
78,FC1,105,-0.580,S1O
78,FC1,106,0.397,S1O
78,FC1,107,0.885,S1O
78,FC1,108,0.885,S1O
78,FC1,109,0.397,S1O
78,FC1,110,-1.068,S1O
78,FC1,111,-2.045,S1O
78,FC1,112,-2.533,S1O
78,FC1,113,-3.021,S1O
78,FC1,114,-3.021,S1O
78,FC1,115,-2.045,S1O
78,FC1,116,-1.068,S1O
78,FC1,117,-0.092,S1O
78,FC1,118,0.885,S1O
78,FC1,119,1.373,S1O
78,FC1,120,1.862,S1O
78,FC1,121,2.838,S1O
78,FC1,122,3.815,S1O
78,FC1,123,3.815,S1O
78,FC1,124,3.815,S1O
78,FC1,125,3.326,S1O
78,FC1,126,2.350,S1O
78,FC1,127,0.885,S1O
78,FC1,128,-0.580,S1O
78,FC1,129,-2.045,S1O
78,FC1,130,-2.533,S1O
78,FC1,131,-2.045,S1O
78,FC1,132,-1.556,S1O
78,FC1,133,-1.556,S1O
78,FC1,134,-2.045,S1O
78,FC1,135,-3.021,S1O
78,FC1,136,-3.998,S1O
78,FC1,137,-3.510,S1O
78,FC1,138,-2.533,S1O
78,FC1,139,-0.580,S1O
78,FC1,140,0.885,S1O
78,FC1,141,1.862,S1O
78,FC1,142,1.862,S1O
78,FC1,143,0.885,S1O
78,FC1,144,-0.092,S1O
78,FC1,145,-1.068,S1O
78,FC1,146,-1.068,S1O
78,FC1,147,-0.092,S1O
78,FC1,148,1.373,S1O
78,FC1,149,2.838,S1O
78,FC1,150,3.815,S1O
78,FC1,151,4.791,S1O
78,FC1,152,4.791,S1O
78,FC1,153,4.303,S1O
78,FC1,154,3.815,S1O
78,FC1,155,2.838,S1O
78,FC1,156,1.862,S1O
78,FC1,157,0.885,S1O
78,FC1,158,-0.092,S1O
78,FC1,159,-1.068,S1O
78,FC1,160,-2.045,S1O
78,FC1,161,-3.021,S1O
78,FC1,162,-3.510,S1O
78,FC1,163,-3.021,S1O
78,FC1,164,-2.045,S1O
78,FC1,165,-1.556,S1O
78,FC1,166,-1.068,S1O
78,FC1,167,-1.068,S1O
78,FC1,168,-1.068,S1O
78,FC1,169,-1.556,S1O
78,FC1,170,-2.045,S1O
78,FC1,171,-2.045,S1O
78,FC1,172,-1.556,S1O
78,FC1,173,-0.580,S1O
78,FC1,174,0.885,S1O
78,FC1,175,2.350,S1O
78,FC1,176,3.815,S1O
78,FC1,177,4.303,S1O
78,FC1,178,4.791,S1O
78,FC1,179,4.791,S1O
78,FC1,180,4.303,S1O
78,FC1,181,3.815,S1O
78,FC1,182,3.815,S1O
78,FC1,183,3.326,S1O
78,FC1,184,3.326,S1O
78,FC1,185,2.838,S1O
78,FC1,186,1.862,S1O
78,FC1,187,1.862,S1O
78,FC1,188,1.862,S1O
78,FC1,189,1.862,S1O
78,FC1,190,1.862,S1O
78,FC1,191,1.862,S1O
78,FC1,192,1.862,S1O
78,FC1,193,1.862,S1O
78,FC1,194,2.350,S1O
78,FC1,195,2.838,S1O
78,FC1,196,3.326,S1O
78,FC1,197,3.326,S1O
78,FC1,198,2.838,S1O
78,FC1,199,2.350,S1O
78,FC1,200,2.350,S1O
78,FC1,201,2.838,S1O
78,FC1,202,4.303,S1O
78,FC1,203,5.280,S1O
78,FC1,204,5.768,S1O
78,FC1,205,6.256,S1O
78,FC1,206,5.768,S1O
78,FC1,207,5.280,S1O
78,FC1,208,4.303,S1O
78,FC1,209,3.326,S1O
78,FC1,210,2.838,S1O
78,FC1,211,3.326,S1O
78,FC1,212,4.791,S1O
78,FC1,213,5.768,S1O
78,FC1,214,6.744,S1O
78,FC1,215,7.233,S1O
78,FC1,216,6.256,S1O
78,FC1,217,5.280,S1O
78,FC1,218,4.303,S1O
78,FC1,219,3.815,S1O
78,FC1,220,2.838,S1O
78,FC1,221,2.350,S1O
78,FC1,222,1.862,S1O
78,FC1,223,1.373,S1O
78,FC1,224,1.862,S1O
78,FC1,225,1.862,S1O
78,FC1,226,1.862,S1O
78,FC1,227,1.862,S1O
78,FC1,228,1.862,S1O
78,FC1,229,2.838,S1O
78,FC1,230,3.815,S1O
78,FC1,231,4.791,S1O
78,FC1,232,4.791,S1O
78,FC1,233,3.326,S1O
78,FC1,234,1.373,S1O
78,FC1,235,-0.092,S1O
78,FC1,236,-0.092,S1O
78,FC1,237,1.373,S1O
78,FC1,238,2.838,S1O
78,FC1,239,4.303,S1O
78,FC1,240,4.791,S1O
78,FC1,241,5.280,S1O
78,FC1,242,5.280,S1O
78,FC1,243,5.280,S1O
78,FC1,244,4.791,S1O
78,FC1,245,3.815,S1O
78,FC1,246,1.862,S1O
78,FC1,247,0.397,S1O
78,FC1,248,0.397,S1O
78,FC1,249,0.885,S1O
78,FC1,250,2.838,S1O
78,FC1,251,4.303,S1O
78,FC1,252,5.280,S1O
78,FC1,253,5.280,S1O
78,FC1,254,4.303,S1O
78,FC1,255,3.326,S1O
78,T8,0,-5.819,S1O
78,T8,1,-7.284,S1O
78,T8,2,-6.307,S1O
78,T8,3,-4.354,S1O
78,T8,4,-2.401,S1O
78,T8,5,-1.912,S1O
78,T8,6,-3.377,S1O
78,T8,7,-5.330,S1O
78,T8,8,-6.307,S1O
78,T8,9,-5.819,S1O
78,T8,10,-4.842,S1O
78,T8,11,-4.354,S1O
78,T8,12,-4.842,S1O
78,T8,13,-5.330,S1O
78,T8,14,-5.330,S1O
78,T8,15,-3.866,S1O
78,T8,16,-2.889,S1O
78,T8,17,-3.866,S1O
78,T8,18,-5.819,S1O
78,T8,19,-9.237,S1O
78,T8,20,-11.190,S1O
78,T8,21,-10.701,S1O
78,T8,22,-8.260,S1O
78,T8,23,-4.842,S1O
78,T8,24,-1.912,S1O
78,T8,25,-0.448,S1O
78,T8,26,0.041,S1O
78,T8,27,-0.448,S1O
78,T8,28,-0.936,S1O
78,T8,29,-1.912,S1O
78,T8,30,-2.401,S1O
78,T8,31,-2.401,S1O
78,T8,32,-1.424,S1O
78,T8,33,1.506,S1O
78,T8,34,4.435,S1O
78,T8,35,6.388,S1O
78,T8,36,6.877,S1O
78,T8,37,6.388,S1O
78,T8,38,4.924,S1O
78,T8,39,3.947,S1O
78,T8,40,4.435,S1O
78,T8,41,4.924,S1O
78,T8,42,4.435,S1O
78,T8,43,2.970,S1O
78,T8,44,0.041,S1O
78,T8,45,-2.889,S1O
78,T8,46,-3.866,S1O
78,T8,47,-2.401,S1O
78,T8,48,0.041,S1O
78,T8,49,1.994,S1O
78,T8,50,2.482,S1O
78,T8,51,0.041,S1O
78,T8,52,-2.401,S1O
78,T8,53,-3.377,S1O
78,T8,54,-2.889,S1O
78,T8,55,-1.424,S1O
78,T8,56,-0.448,S1O
78,T8,57,-0.448,S1O
78,T8,58,-1.912,S1O
78,T8,59,-2.889,S1O
78,T8,60,-2.889,S1O
78,T8,61,-1.424,S1O
78,T8,62,0.041,S1O
78,T8,63,1.017,S1O
78,T8,64,1.506,S1O
78,T8,65,1.506,S1O
78,T8,66,1.994,S1O
78,T8,67,2.482,S1O
78,T8,68,2.970,S1O
78,T8,69,3.459,S1O
78,T8,70,3.459,S1O
78,T8,71,3.947,S1O
78,T8,72,3.947,S1O
78,T8,73,3.947,S1O
78,T8,74,3.459,S1O
78,T8,75,2.482,S1O
78,T8,76,1.017,S1O
78,T8,77,0.041,S1O
78,T8,78,0.041,S1O
78,T8,79,0.529,S1O
78,T8,80,1.506,S1O
78,T8,81,2.482,S1O
78,T8,82,2.970,S1O
78,T8,83,3.459,S1O
78,T8,84,4.435,S1O
78,T8,85,4.924,S1O
78,T8,86,5.900,S1O
78,T8,87,6.388,S1O
78,T8,88,5.900,S1O
78,T8,89,6.388,S1O
78,T8,90,6.877,S1O
78,T8,91,8.341,S1O
78,T8,92,9.806,S1O
78,T8,93,10.783,S1O
78,T8,94,11.271,S1O
78,T8,95,10.295,S1O
78,T8,96,9.318,S1O
78,T8,97,8.341,S1O
78,T8,98,9.318,S1O
78,T8,99,11.271,S1O
78,T8,100,14.201,S1O
78,T8,101,16.154,S1O
78,T8,102,17.131,S1O
78,T8,103,16.154,S1O
78,T8,104,14.201,S1O
78,T8,105,12.248,S1O
78,T8,106,10.295,S1O
78,T8,107,9.806,S1O
78,T8,108,9.318,S1O
78,T8,109,8.830,S1O
78,T8,110,8.830,S1O
78,T8,111,8.341,S1O
78,T8,112,7.853,S1O
78,T8,113,7.365,S1O
78,T8,114,6.877,S1O
78,T8,115,7.365,S1O
78,T8,116,8.341,S1O
78,T8,117,10.295,S1O
78,T8,118,11.271,S1O
78,T8,119,11.759,S1O
78,T8,120,11.271,S1O
78,T8,121,10.295,S1O
78,T8,122,8.830,S1O
78,T8,123,7.853,S1O
78,T8,124,7.365,S1O
78,T8,125,7.365,S1O
78,T8,126,7.853,S1O
78,T8,127,8.341,S1O
78,T8,128,8.830,S1O
78,T8,129,8.830,S1O
78,T8,130,8.341,S1O
78,T8,131,7.365,S1O
78,T8,132,5.412,S1O
78,T8,133,3.947,S1O
78,T8,134,2.482,S1O
78,T8,135,1.994,S1O
78,T8,136,1.506,S1O
78,T8,137,1.017,S1O
78,T8,138,0.529,S1O
78,T8,139,-0.448,S1O
78,T8,140,-0.936,S1O
78,T8,141,-0.448,S1O
78,T8,142,1.994,S1O
78,T8,143,4.924,S1O
78,T8,144,7.853,S1O
78,T8,145,9.318,S1O
78,T8,146,9.806,S1O
78,T8,147,9.318,S1O
78,T8,148,7.853,S1O
78,T8,149,6.877,S1O
78,T8,150,5.900,S1O
78,T8,151,5.412,S1O
78,T8,152,4.924,S1O
78,T8,153,4.435,S1O
78,T8,154,4.435,S1O
78,T8,155,4.435,S1O
78,T8,156,3.947,S1O
78,T8,157,2.970,S1O
78,T8,158,1.506,S1O
78,T8,159,0.529,S1O
78,T8,160,0.041,S1O
78,T8,161,0.041,S1O
78,T8,162,0.529,S1O
78,T8,163,1.017,S1O
78,T8,164,1.994,S1O
78,T8,165,2.482,S1O
78,T8,166,2.970,S1O
78,T8,167,3.459,S1O
78,T8,168,3.947,S1O
78,T8,169,5.412,S1O
78,T8,170,7.365,S1O
78,T8,171,9.806,S1O
78,T8,172,11.271,S1O
78,T8,173,12.248,S1O
78,T8,174,11.271,S1O
78,T8,175,9.318,S1O
78,T8,176,7.365,S1O
78,T8,177,6.388,S1O
78,T8,178,6.877,S1O
78,T8,179,8.341,S1O
78,T8,180,9.318,S1O
78,T8,181,8.830,S1O
78,T8,182,6.877,S1O
78,T8,183,4.924,S1O
78,T8,184,3.947,S1O
78,T8,185,4.924,S1O
78,T8,186,7.365,S1O
78,T8,187,10.295,S1O
78,T8,188,12.248,S1O
78,T8,189,12.248,S1O
78,T8,190,10.783,S1O
78,T8,191,8.341,S1O
78,T8,192,6.388,S1O
78,T8,193,5.412,S1O
78,T8,194,5.412,S1O
78,T8,195,5.412,S1O
78,T8,196,5.412,S1O
78,T8,197,4.924,S1O
78,T8,198,3.947,S1O
78,T8,199,3.947,S1O
78,T8,200,4.435,S1O
78,T8,201,6.388,S1O
78,T8,202,9.318,S1O
78,T8,203,12.248,S1O
78,T8,204,13.224,S1O
78,T8,205,13.713,S1O
78,T8,206,13.224,S1O
78,T8,207,12.248,S1O
78,T8,208,12.248,S1O
78,T8,209,11.759,S1O
78,T8,210,11.271,S1O
78,T8,211,10.783,S1O
78,T8,212,10.295,S1O
78,T8,213,9.318,S1O
78,T8,214,8.830,S1O
78,T8,215,8.341,S1O
78,T8,216,7.365,S1O
78,T8,217,5.900,S1O
78,T8,218,3.459,S1O
78,T8,219,1.017,S1O
78,T8,220,-1.424,S1O
78,T8,221,-3.377,S1O
78,T8,222,-3.866,S1O
78,T8,223,-2.889,S1O
78,T8,224,-0.448,S1O
78,T8,225,2.482,S1O
78,T8,226,5.412,S1O
78,T8,227,7.365,S1O
78,T8,228,7.365,S1O
78,T8,229,6.388,S1O
78,T8,230,4.924,S1O
78,T8,231,3.459,S1O
78,T8,232,2.482,S1O
78,T8,233,3.459,S1O
78,T8,234,5.900,S1O
78,T8,235,8.830,S1O
78,T8,236,11.271,S1O
78,T8,237,12.736,S1O
78,T8,238,12.248,S1O
78,T8,239,10.295,S1O
78,T8,240,7.365,S1O
78,T8,241,4.924,S1O
78,T8,242,3.459,S1O
78,T8,243,3.947,S1O
78,T8,244,6.388,S1O
78,T8,245,9.806,S1O
78,T8,246,12.736,S1O
78,T8,247,13.713,S1O
78,T8,248,11.759,S1O
78,T8,249,7.853,S1O
78,T8,250,3.947,S1O
78,T8,251,1.017,S1O
78,T8,252,0.529,S1O
78,T8,253,2.482,S1O
78,T8,254,4.435,S1O
78,T8,255,6.388,S1O
78,T7,0,-5.076,S1O
78,T7,1,-4.588,S1O
78,T7,2,-3.611,S1O
78,T7,3,-2.146,S1O
78,T7,4,-1.170,S1O
78,T7,5,-1.170,S1O
78,T7,6,-1.658,S1O
78,T7,7,-1.658,S1O
78,T7,8,-1.170,S1O
78,T7,9,0.295,S1O
78,T7,10,1.760,S1O
78,T7,11,2.736,S1O
78,T7,12,2.248,S1O
78,T7,13,1.272,S1O
78,T7,14,-0.193,S1O
78,T7,15,-1.170,S1O
78,T7,16,-1.658,S1O
78,T7,17,-2.146,S1O
78,T7,18,-3.611,S1O
78,T7,19,-5.076,S1O
78,T7,20,-7.517,S1O
78,T7,21,-8.982,S1O
78,T7,22,-9.959,S1O
78,T7,23,-9.959,S1O
78,T7,24,-9.471,S1O
78,T7,25,-8.006,S1O
78,T7,26,-7.517,S1O
78,T7,27,-7.029,S1O
78,T7,28,-6.541,S1O
78,T7,29,-6.053,S1O
78,T7,30,-5.564,S1O
78,T7,31,-4.588,S1O
78,T7,32,-3.123,S1O
78,T7,33,-2.146,S1O
78,T7,34,-1.170,S1O
78,T7,35,-0.682,S1O
78,T7,36,-0.682,S1O
78,T7,37,-0.193,S1O
78,T7,38,0.295,S1O
78,T7,39,1.272,S1O
78,T7,40,1.760,S1O
78,T7,41,0.783,S1O
78,T7,42,-1.170,S1O
78,T7,43,-4.588,S1O
78,T7,44,-8.006,S1O
78,T7,45,-9.959,S1O
78,T7,46,-9.959,S1O
78,T7,47,-8.982,S1O
78,T7,48,-8.494,S1O
78,T7,49,-8.982,S1O
78,T7,50,-10.447,S1O
78,T7,51,-12.400,S1O
78,T7,52,-13.377,S1O
78,T7,53,-12.400,S1O
78,T7,54,-10.447,S1O
78,T7,55,-8.494,S1O
78,T7,56,-7.029,S1O
78,T7,57,-7.517,S1O
78,T7,58,-8.494,S1O
78,T7,59,-8.982,S1O
78,T7,60,-8.494,S1O
78,T7,61,-7.029,S1O
78,T7,62,-5.076,S1O
78,T7,63,-3.611,S1O
78,T7,64,-3.123,S1O
78,T7,65,-3.611,S1O
78,T7,66,-4.100,S1O
78,T7,67,-3.611,S1O
78,T7,68,-3.123,S1O
78,T7,69,-2.146,S1O
78,T7,70,-2.635,S1O
78,T7,71,-3.123,S1O
78,T7,72,-3.611,S1O
78,T7,73,-4.100,S1O
78,T7,74,-4.100,S1O
78,T7,75,-4.588,S1O
78,T7,76,-5.076,S1O
78,T7,77,-6.541,S1O
78,T7,78,-7.517,S1O
78,T7,79,-8.006,S1O
78,T7,80,-8.006,S1O
78,T7,81,-7.517,S1O
78,T7,82,-8.006,S1O
78,T7,83,-8.982,S1O
78,T7,84,-10.447,S1O
78,T7,85,-10.447,S1O
78,T7,86,-8.982,S1O
78,T7,87,-7.029,S1O
78,T7,88,-5.076,S1O
78,T7,89,-4.100,S1O
78,T7,90,-4.588,S1O
78,T7,91,-4.100,S1O
78,T7,92,-3.123,S1O
78,T7,93,-1.170,S1O
78,T7,94,0.783,S1O
78,T7,95,1.760,S1O
78,T7,96,1.760,S1O
78,T7,97,1.272,S1O
78,T7,98,1.760,S1O
78,T7,99,3.713,S1O
78,T7,100,5.666,S1O
78,T7,101,6.643,S1O
78,T7,102,5.666,S1O
78,T7,103,2.736,S1O
78,T7,104,-0.193,S1O
78,T7,105,-2.146,S1O
78,T7,106,-2.146,S1O
78,T7,107,-1.170,S1O
78,T7,108,-0.682,S1O
78,T7,109,-0.682,S1O
78,T7,110,-1.658,S1O
78,T7,111,-3.123,S1O
78,T7,112,-4.588,S1O
78,T7,113,-5.564,S1O
78,T7,114,-6.541,S1O
78,T7,115,-6.541,S1O
78,T7,116,-6.541,S1O
78,T7,117,-5.564,S1O
78,T7,118,-3.611,S1O
78,T7,119,-1.658,S1O
78,T7,120,1.272,S1O
78,T7,121,2.248,S1O
78,T7,122,3.225,S1O
78,T7,123,2.736,S1O
78,T7,124,2.248,S1O
78,T7,125,1.760,S1O
78,T7,126,1.760,S1O
78,T7,127,1.272,S1O
78,T7,128,-0.682,S1O
78,T7,129,-2.635,S1O
78,T7,130,-5.564,S1O
78,T7,131,-7.517,S1O
78,T7,132,-8.006,S1O
78,T7,133,-7.029,S1O
78,T7,134,-6.053,S1O
78,T7,135,-5.076,S1O
78,T7,136,-5.564,S1O
78,T7,137,-6.053,S1O
78,T7,138,-7.029,S1O
78,T7,139,-6.541,S1O
78,T7,140,-5.564,S1O
78,T7,141,-4.100,S1O
78,T7,142,-2.635,S1O
78,T7,143,-1.658,S1O
78,T7,144,-1.170,S1O
78,T7,145,-1.658,S1O
78,T7,146,-1.658,S1O
78,T7,147,-1.170,S1O
78,T7,148,-0.682,S1O
78,T7,149,-0.193,S1O
78,T7,150,-0.682,S1O
78,T7,151,-2.635,S1O
78,T7,152,-5.076,S1O
78,T7,153,-8.006,S1O
78,T7,154,-9.471,S1O
78,T7,155,-9.471,S1O
78,T7,156,-8.494,S1O
78,T7,157,-7.029,S1O
78,T7,158,-6.541,S1O
78,T7,159,-7.029,S1O
78,T7,160,-8.982,S1O
78,T7,161,-10.935,S1O
78,T7,162,-11.424,S1O
78,T7,163,-10.935,S1O
78,T7,164,-9.471,S1O
78,T7,165,-8.006,S1O
78,T7,166,-7.029,S1O
78,T7,167,-5.564,S1O
78,T7,168,-4.100,S1O
78,T7,169,-2.146,S1O
78,T7,170,0.295,S1O
78,T7,171,1.272,S1O
78,T7,172,1.272,S1O
78,T7,173,0.783,S1O
78,T7,174,0.295,S1O
78,T7,175,-0.193,S1O
78,T7,176,-0.193,S1O
78,T7,177,-0.682,S1O
78,T7,178,-1.170,S1O
78,T7,179,-2.635,S1O
78,T7,180,-3.123,S1O
78,T7,181,-2.146,S1O
78,T7,182,0.783,S1O
78,T7,183,5.178,S1O
78,T7,184,9.572,S1O
78,T7,185,12.014,S1O
78,T7,186,11.525,S1O
78,T7,187,8.108,S1O
78,T7,188,3.713,S1O
78,T7,189,-0.193,S1O
78,T7,190,-3.123,S1O
78,T7,191,-4.588,S1O
78,T7,192,-5.076,S1O
78,T7,193,-4.588,S1O
78,T7,194,-4.100,S1O
78,T7,195,-3.123,S1O
78,T7,196,-2.146,S1O
78,T7,197,-0.193,S1O
78,T7,198,0.783,S1O
78,T7,199,1.760,S1O
78,T7,200,2.248,S1O
78,T7,201,2.736,S1O
78,T7,202,3.713,S1O
78,T7,203,6.154,S1O
78,T7,204,8.596,S1O
78,T7,205,11.037,S1O
78,T7,206,12.014,S1O
78,T7,207,12.502,S1O
78,T7,208,11.037,S1O
78,T7,209,8.108,S1O
78,T7,210,5.666,S1O
78,T7,211,4.201,S1O
78,T7,212,4.201,S1O
78,T7,213,4.690,S1O
78,T7,214,4.690,S1O
78,T7,215,4.201,S1O
78,T7,216,2.248,S1O
78,T7,217,0.295,S1O
78,T7,218,-1.170,S1O
78,T7,219,-2.635,S1O
78,T7,220,-4.100,S1O
78,T7,221,-6.053,S1O
78,T7,222,-8.494,S1O
78,T7,223,-10.447,S1O
78,T7,224,-10.447,S1O
78,T7,225,-8.494,S1O
78,T7,226,-5.564,S1O
78,T7,227,-1.658,S1O
78,T7,228,0.783,S1O
78,T7,229,2.248,S1O
78,T7,230,3.225,S1O
78,T7,231,3.225,S1O
78,T7,232,2.736,S1O
78,T7,233,2.248,S1O
78,T7,234,2.736,S1O
78,T7,235,3.713,S1O
78,T7,236,5.178,S1O
78,T7,237,7.131,S1O
78,T7,238,8.596,S1O
78,T7,239,8.108,S1O
78,T7,240,7.131,S1O
78,T7,241,5.666,S1O
78,T7,242,5.178,S1O
78,T7,243,5.178,S1O
78,T7,244,5.666,S1O
78,T7,245,5.666,S1O
78,T7,246,4.690,S1O
78,T7,247,1.760,S1O
78,T7,248,-1.658,S1O
78,T7,249,-6.053,S1O
78,T7,250,-9.471,S1O
78,T7,251,-12.400,S1O
78,T7,252,-13.377,S1O
78,T7,253,-13.377,S1O
78,T7,254,-11.912,S1O
78,T7,255,-9.959,S1O
78,CZ,0,-8.199,S1O
78,CZ,1,-8.199,S1O
78,CZ,2,-6.246,S1O
78,CZ,3,-3.805,S1O
78,CZ,4,-2.340,S1O
78,CZ,5,-2.828,S1O
78,CZ,6,-3.805,S1O
78,CZ,7,-5.269,S1O
78,CZ,8,-5.269,S1O
78,CZ,9,-4.293,S1O
78,CZ,10,-3.805,S1O
78,CZ,11,-3.805,S1O
78,CZ,12,-5.269,S1O
78,CZ,13,-6.734,S1O
78,CZ,14,-8.199,S1O
78,CZ,15,-8.687,S1O
78,CZ,16,-8.687,S1O
78,CZ,17,-8.687,S1O
78,CZ,18,-9.176,S1O
78,CZ,19,-10.640,S1O
78,CZ,20,-12.594,S1O
78,CZ,21,-14.547,S1O
78,CZ,22,-15.035,S1O
78,CZ,23,-14.547,S1O
78,CZ,24,-12.594,S1O
78,CZ,25,-10.152,S1O
78,CZ,26,-8.199,S1O
78,CZ,27,-7.711,S1O
78,CZ,28,-7.711,S1O
78,CZ,29,-8.199,S1O
78,CZ,30,-6.734,S1O
78,CZ,31,-4.293,S1O
78,CZ,32,-0.875,S1O
78,CZ,33,2.543,S1O
78,CZ,34,4.985,S1O
78,CZ,35,6.449,S1O
78,CZ,36,7.914,S1O
78,CZ,37,8.403,S1O
78,CZ,38,9.379,S1O
78,CZ,39,9.379,S1O
78,CZ,40,8.891,S1O
78,CZ,41,7.426,S1O
78,CZ,42,4.985,S1O
78,CZ,43,1.078,S1O
78,CZ,44,-2.340,S1O
78,CZ,45,-4.293,S1O
78,CZ,46,-3.316,S1O
78,CZ,47,-0.387,S1O
78,CZ,48,3.031,S1O
78,CZ,49,4.496,S1O
78,CZ,50,2.543,S1O
78,CZ,51,-1.851,S1O
78,CZ,52,-5.758,S1O
78,CZ,53,-6.246,S1O
78,CZ,54,-3.805,S1O
78,CZ,55,0.590,S1O
78,CZ,56,3.031,S1O
78,CZ,57,2.543,S1O
78,CZ,58,0.102,S1O
78,CZ,59,-2.340,S1O
78,CZ,60,-2.828,S1O
78,CZ,61,-0.387,S1O
78,CZ,62,3.031,S1O
78,CZ,63,5.473,S1O
78,CZ,64,7.914,S1O
78,CZ,65,8.403,S1O
78,CZ,66,8.403,S1O
78,CZ,67,8.403,S1O
78,CZ,68,7.914,S1O
78,CZ,69,6.938,S1O
78,CZ,70,6.449,S1O
78,CZ,71,6.449,S1O
78,CZ,72,7.426,S1O
78,CZ,73,7.914,S1O
78,CZ,74,7.426,S1O
78,CZ,75,4.985,S1O
78,CZ,76,2.543,S1O
78,CZ,77,0.590,S1O
78,CZ,78,0.102,S1O
78,CZ,79,0.590,S1O
78,CZ,80,1.567,S1O
78,CZ,81,2.055,S1O
78,CZ,82,2.055,S1O
78,CZ,83,1.567,S1O
78,CZ,84,2.543,S1O
78,CZ,85,4.008,S1O
78,CZ,86,5.961,S1O
78,CZ,87,6.449,S1O
78,CZ,88,5.961,S1O
78,CZ,89,4.496,S1O
78,CZ,90,3.520,S1O
78,CZ,91,4.008,S1O
78,CZ,92,6.938,S1O
78,CZ,93,9.867,S1O
78,CZ,94,11.820,S1O
78,CZ,95,11.820,S1O
78,CZ,96,9.867,S1O
78,CZ,97,8.403,S1O
78,CZ,98,10.356,S1O
78,CZ,99,15.727,S1O
78,CZ,100,21.586,S1O
78,CZ,101,25.004,S1O
78,CZ,102,24.028,S1O
78,CZ,103,18.656,S1O
78,CZ,104,12.309,S1O
78,CZ,105,8.891,S1O
78,CZ,106,9.379,S1O
78,CZ,107,12.309,S1O
78,CZ,108,15.238,S1O
78,CZ,109,15.238,S1O
78,CZ,110,12.797,S1O
78,CZ,111,9.867,S1O
78,CZ,112,7.426,S1O
78,CZ,113,7.426,S1O
78,CZ,114,8.403,S1O
78,CZ,115,9.867,S1O
78,CZ,116,11.332,S1O
78,CZ,117,12.309,S1O
78,CZ,118,13.285,S1O
78,CZ,119,15.238,S1O
78,CZ,120,16.215,S1O
78,CZ,121,17.680,S1O
78,CZ,122,17.680,S1O
78,CZ,123,16.703,S1O
78,CZ,124,15.238,S1O
78,CZ,125,13.285,S1O
78,CZ,126,11.332,S1O
78,CZ,127,9.379,S1O
78,CZ,128,6.938,S1O
78,CZ,129,4.985,S1O
78,CZ,130,3.520,S1O
78,CZ,131,2.055,S1O
78,CZ,132,0.590,S1O
78,CZ,133,-0.387,S1O
78,CZ,134,-1.363,S1O
78,CZ,135,-2.828,S1O
78,CZ,136,-3.805,S1O
78,CZ,137,-4.781,S1O
78,CZ,138,-4.293,S1O
78,CZ,139,-2.828,S1O
78,CZ,140,-0.387,S1O
78,CZ,141,2.543,S1O
78,CZ,142,4.985,S1O
78,CZ,143,5.961,S1O
78,CZ,144,5.961,S1O
78,CZ,145,4.985,S1O
78,CZ,146,4.008,S1O
78,CZ,147,4.008,S1O
78,CZ,148,4.496,S1O
78,CZ,149,4.496,S1O
78,CZ,150,3.520,S1O
78,CZ,151,1.078,S1O
78,CZ,152,-1.851,S1O
78,CZ,153,-3.805,S1O
78,CZ,154,-4.781,S1O
78,CZ,155,-3.805,S1O
78,CZ,156,-3.316,S1O
78,CZ,157,-3.316,S1O
78,CZ,158,-5.269,S1O
78,CZ,159,-7.222,S1O
78,CZ,160,-9.176,S1O
78,CZ,161,-10.640,S1O
78,CZ,162,-11.129,S1O
78,CZ,163,-10.640,S1O
78,CZ,164,-10.152,S1O
78,CZ,165,-9.176,S1O
78,CZ,166,-8.199,S1O
78,CZ,167,-6.246,S1O
78,CZ,168,-3.805,S1O
78,CZ,169,-0.387,S1O
78,CZ,170,2.055,S1O
78,CZ,171,4.496,S1O
78,CZ,172,6.449,S1O
78,CZ,173,7.426,S1O
78,CZ,174,6.938,S1O
78,CZ,175,5.961,S1O
78,CZ,176,4.985,S1O
78,CZ,177,4.496,S1O
78,CZ,178,4.008,S1O
78,CZ,179,4.008,S1O
78,CZ,180,4.008,S1O
78,CZ,181,3.520,S1O
78,CZ,182,3.031,S1O
78,CZ,183,2.055,S1O
78,CZ,184,0.590,S1O
78,CZ,185,-0.387,S1O
78,CZ,186,-1.363,S1O
78,CZ,187,-0.875,S1O
78,CZ,188,1.078,S1O
78,CZ,189,3.520,S1O
78,CZ,190,4.985,S1O
78,CZ,191,3.520,S1O
78,CZ,192,1.078,S1O
78,CZ,193,-1.851,S1O
78,CZ,194,-1.851,S1O
78,CZ,195,0.102,S1O
78,CZ,196,3.031,S1O
78,CZ,197,4.985,S1O
78,CZ,198,4.496,S1O
78,CZ,199,3.031,S1O
78,CZ,200,2.543,S1O
78,CZ,201,4.008,S1O
78,CZ,202,8.403,S1O
78,CZ,203,13.774,S1O
78,CZ,204,17.680,S1O
78,CZ,205,19.633,S1O
78,CZ,206,19.145,S1O
78,CZ,207,17.680,S1O
78,CZ,208,16.215,S1O
78,CZ,209,14.750,S1O
78,CZ,210,14.262,S1O
78,CZ,211,14.262,S1O
78,CZ,212,14.262,S1O
78,CZ,213,14.262,S1O
78,CZ,214,13.285,S1O
78,CZ,215,11.820,S1O
78,CZ,216,9.379,S1O
78,CZ,217,7.914,S1O
78,CZ,218,5.961,S1O
78,CZ,219,3.520,S1O
78,CZ,220,0.590,S1O
78,CZ,221,-2.828,S1O
78,CZ,222,-5.269,S1O
78,CZ,223,-5.758,S1O
78,CZ,224,-3.805,S1O
78,CZ,225,-0.387,S1O
78,CZ,226,3.520,S1O
78,CZ,227,5.961,S1O
78,CZ,228,6.938,S1O
78,CZ,229,6.938,S1O
78,CZ,230,5.961,S1O
78,CZ,231,4.496,S1O
78,CZ,232,3.520,S1O
78,CZ,233,4.008,S1O
78,CZ,234,4.985,S1O
78,CZ,235,7.426,S1O
78,CZ,236,10.356,S1O
78,CZ,237,12.797,S1O
78,CZ,238,13.774,S1O
78,CZ,239,11.332,S1O
78,CZ,240,7.914,S1O
78,CZ,241,4.008,S1O
78,CZ,242,1.567,S1O
78,CZ,243,2.543,S1O
78,CZ,244,4.985,S1O
78,CZ,245,8.403,S1O
78,CZ,246,10.356,S1O
78,CZ,247,10.844,S1O
78,CZ,248,8.403,S1O
78,CZ,249,4.985,S1O
78,CZ,250,1.567,S1O
78,CZ,251,-0.387,S1O
78,CZ,252,0.102,S1O
78,CZ,253,1.078,S1O
78,CZ,254,1.567,S1O
78,CZ,255,1.078,S1O
78,C3,0,-0.773,S1O
78,C3,1,-0.773,S1O
78,C3,2,-0.773,S1O
78,C3,3,-0.285,S1O
78,C3,4,0.203,S1O
78,C3,5,0.692,S1O
78,C3,6,0.692,S1O
78,C3,7,1.180,S1O
78,C3,8,1.180,S1O
78,C3,9,1.668,S1O
78,C3,10,2.645,S1O
78,C3,11,3.621,S1O
78,C3,12,3.621,S1O
78,C3,13,3.133,S1O
78,C3,14,2.157,S1O
78,C3,15,1.180,S1O
78,C3,16,0.203,S1O
78,C3,17,-0.773,S1O
78,C3,18,-1.261,S1O
78,C3,19,-1.750,S1O
78,C3,20,-2.726,S1O
78,C3,21,-4.191,S1O
78,C3,22,-4.679,S1O
78,C3,23,-5.168,S1O
78,C3,24,-5.656,S1O
78,C3,25,-5.656,S1O
78,C3,26,-5.656,S1O
78,C3,27,-5.168,S1O
78,C3,28,-5.168,S1O
78,C3,29,-4.679,S1O
78,C3,30,-3.703,S1O
78,C3,31,-3.215,S1O
78,C3,32,-2.726,S1O
78,C3,33,-2.726,S1O
78,C3,34,-2.726,S1O
78,C3,35,-2.726,S1O
78,C3,36,-2.726,S1O
78,C3,37,-2.726,S1O
78,C3,38,-2.238,S1O
78,C3,39,-2.238,S1O
78,C3,40,-2.726,S1O
78,C3,41,-2.726,S1O
78,C3,42,-3.703,S1O
78,C3,43,-4.679,S1O
78,C3,44,-5.168,S1O
78,C3,45,-6.144,S1O
78,C3,46,-6.632,S1O
78,C3,47,-6.632,S1O
78,C3,48,-6.632,S1O
78,C3,49,-6.144,S1O
78,C3,50,-6.632,S1O
78,C3,51,-6.632,S1O
78,C3,52,-6.144,S1O
78,C3,53,-5.656,S1O
78,C3,54,-5.168,S1O
78,C3,55,-4.679,S1O
78,C3,56,-4.679,S1O
78,C3,57,-5.168,S1O
78,C3,58,-5.656,S1O
78,C3,59,-5.656,S1O
78,C3,60,-5.656,S1O
78,C3,61,-5.168,S1O
78,C3,62,-4.191,S1O
78,C3,63,-4.191,S1O
78,C3,64,-4.191,S1O
78,C3,65,-4.679,S1O
78,C3,66,-4.679,S1O
78,C3,67,-4.679,S1O
78,C3,68,-4.679,S1O
78,C3,69,-4.191,S1O
78,C3,70,-4.191,S1O
78,C3,71,-4.191,S1O
78,C3,72,-4.191,S1O
78,C3,73,-3.703,S1O
78,C3,74,-3.215,S1O
78,C3,75,-3.215,S1O
78,C3,76,-3.703,S1O
78,C3,77,-4.191,S1O
78,C3,78,-5.168,S1O
78,C3,79,-5.168,S1O
78,C3,80,-5.168,S1O
78,C3,81,-4.679,S1O
78,C3,82,-4.679,S1O
78,C3,83,-5.656,S1O
78,C3,84,-6.632,S1O
78,C3,85,-6.632,S1O
78,C3,86,-6.144,S1O
78,C3,87,-5.168,S1O
78,C3,88,-4.679,S1O
78,C3,89,-4.679,S1O
78,C3,90,-5.656,S1O
78,C3,91,-5.656,S1O
78,C3,92,-5.168,S1O
78,C3,93,-4.191,S1O
78,C3,94,-3.215,S1O
78,C3,95,-3.215,S1O
78,C3,96,-3.703,S1O
78,C3,97,-3.703,S1O
78,C3,98,-3.215,S1O
78,C3,99,-2.238,S1O
78,C3,100,-1.750,S1O
78,C3,101,-1.750,S1O
78,C3,102,-2.238,S1O
78,C3,103,-3.703,S1O
78,C3,104,-4.191,S1O
78,C3,105,-4.679,S1O
78,C3,106,-4.679,S1O
78,C3,107,-4.191,S1O
78,C3,108,-4.679,S1O
78,C3,109,-4.679,S1O
78,C3,110,-5.168,S1O
78,C3,111,-5.656,S1O
78,C3,112,-6.632,S1O
78,C3,113,-7.609,S1O
78,C3,114,-8.097,S1O
78,C3,115,-8.586,S1O
78,C3,116,-8.097,S1O
78,C3,117,-7.609,S1O
78,C3,118,-6.144,S1O
78,C3,119,-5.168,S1O
78,C3,120,-4.679,S1O
78,C3,121,-3.703,S1O
78,C3,122,-3.215,S1O
78,C3,123,-2.726,S1O
78,C3,124,-1.750,S1O
78,C3,125,-1.750,S1O
78,C3,126,-1.261,S1O
78,C3,127,-1.750,S1O
78,C3,128,-2.726,S1O
78,C3,129,-4.191,S1O
78,C3,130,-5.168,S1O
78,C3,131,-5.656,S1O
78,C3,132,-5.656,S1O
78,C3,133,-5.168,S1O
78,C3,134,-4.679,S1O
78,C3,135,-4.679,S1O
78,C3,136,-4.679,S1O
78,C3,137,-5.168,S1O
78,C3,138,-6.144,S1O
78,C3,139,-6.144,S1O
78,C3,140,-5.656,S1O
78,C3,141,-5.168,S1O
78,C3,142,-4.679,S1O
78,C3,143,-4.679,S1O
78,C3,144,-4.679,S1O
78,C3,145,-5.168,S1O
78,C3,146,-5.168,S1O
78,C3,147,-4.679,S1O
78,C3,148,-4.191,S1O
78,C3,149,-3.215,S1O
78,C3,150,-2.726,S1O
78,C3,151,-3.703,S1O
78,C3,152,-4.191,S1O
78,C3,153,-5.656,S1O
78,C3,154,-5.656,S1O
78,C3,155,-5.656,S1O
78,C3,156,-5.168,S1O
78,C3,157,-4.679,S1O
78,C3,158,-4.191,S1O
78,C3,159,-4.191,S1O
78,C3,160,-4.679,S1O
78,C3,161,-5.656,S1O
78,C3,162,-5.656,S1O
78,C3,163,-5.656,S1O
78,C3,164,-5.656,S1O
78,C3,165,-5.168,S1O
78,C3,166,-5.168,S1O
78,C3,167,-4.679,S1O
78,C3,168,-4.191,S1O
78,C3,169,-3.215,S1O
78,C3,170,-2.726,S1O
78,C3,171,-2.238,S1O
78,C3,172,-2.726,S1O
78,C3,173,-2.726,S1O
78,C3,174,-2.726,S1O
78,C3,175,-2.238,S1O
78,C3,176,-2.238,S1O
78,C3,177,-2.238,S1O
78,C3,178,-3.215,S1O
78,C3,179,-4.679,S1O
78,C3,180,-5.656,S1O
78,C3,181,-4.679,S1O
78,C3,182,-2.726,S1O
78,C3,183,-0.285,S1O
78,C3,184,2.157,S1O
78,C3,185,3.621,S1O
78,C3,186,3.133,S1O
78,C3,187,1.180,S1O
78,C3,188,-0.773,S1O
78,C3,189,-2.726,S1O
78,C3,190,-4.191,S1O
78,C3,191,-4.191,S1O
78,C3,192,-4.191,S1O
78,C3,193,-3.703,S1O
78,C3,194,-2.238,S1O
78,C3,195,-1.261,S1O
78,C3,196,-0.285,S1O
78,C3,197,0.203,S1O
78,C3,198,-0.285,S1O
78,C3,199,0.203,S1O
78,C3,200,0.203,S1O
78,C3,201,0.203,S1O
78,C3,202,0.692,S1O
78,C3,203,1.180,S1O
78,C3,204,2.157,S1O
78,C3,205,2.645,S1O
78,C3,206,3.133,S1O
78,C3,207,2.645,S1O
78,C3,208,1.668,S1O
78,C3,209,0.203,S1O
78,C3,210,-0.773,S1O
78,C3,211,-0.773,S1O
78,C3,212,0.203,S1O
78,C3,213,2.157,S1O
78,C3,214,2.157,S1O
78,C3,215,1.668,S1O
78,C3,216,-0.285,S1O
78,C3,217,-1.750,S1O
78,C3,218,-2.238,S1O
78,C3,219,-1.750,S1O
78,C3,220,-1.261,S1O
78,C3,221,-1.750,S1O
78,C3,222,-2.726,S1O
78,C3,223,-4.679,S1O
78,C3,224,-5.656,S1O
78,C3,225,-5.656,S1O
78,C3,226,-4.679,S1O
78,C3,227,-2.726,S1O
78,C3,228,-0.773,S1O
78,C3,229,1.180,S1O
78,C3,230,2.645,S1O
78,C3,231,2.645,S1O
78,C3,232,2.157,S1O
78,C3,233,0.692,S1O
78,C3,234,-1.261,S1O
78,C3,235,-1.750,S1O
78,C3,236,-1.750,S1O
78,C3,237,-0.773,S1O
78,C3,238,0.692,S1O
78,C3,239,1.668,S1O
78,C3,240,3.133,S1O
78,C3,241,3.621,S1O
78,C3,242,3.621,S1O
78,C3,243,3.621,S1O
78,C3,244,2.645,S1O
78,C3,245,0.692,S1O
78,C3,246,-1.750,S1O
78,C3,247,-3.703,S1O
78,C3,248,-5.656,S1O
78,C3,249,-7.609,S1O
78,C3,250,-8.586,S1O
78,C3,251,-9.562,S1O
78,C3,252,-10.050,S1O
78,C3,253,-10.050,S1O
78,C3,254,-9.562,S1O
78,C3,255,-8.586,S1O
78,C4,0,0.498,S1O
78,C4,1,-0.478,S1O
78,C4,2,-0.966,S1O
78,C4,3,-0.966,S1O
78,C4,4,-1.455,S1O
78,C4,5,-1.455,S1O
78,C4,6,-2.431,S1O
78,C4,7,-3.408,S1O
78,C4,8,-4.384,S1O
78,C4,9,-4.873,S1O
78,C4,10,-4.873,S1O
78,C4,11,-4.873,S1O
78,C4,12,-4.873,S1O
78,C4,13,-4.873,S1O
78,C4,14,-4.384,S1O
78,C4,15,-2.920,S1O
78,C4,16,-1.455,S1O
78,C4,17,-0.478,S1O
78,C4,18,0.010,S1O
78,C4,19,0.010,S1O
78,C4,20,0.010,S1O
78,C4,21,0.498,S1O
78,C4,22,0.498,S1O
78,C4,23,0.987,S1O
78,C4,24,0.987,S1O
78,C4,25,1.475,S1O
78,C4,26,1.963,S1O
78,C4,27,1.963,S1O
78,C4,28,1.963,S1O
78,C4,29,0.987,S1O
78,C4,30,-0.478,S1O
78,C4,31,-0.966,S1O
78,C4,32,-0.966,S1O
78,C4,33,-0.478,S1O
78,C4,34,0.498,S1O
78,C4,35,1.475,S1O
78,C4,36,2.452,S1O
78,C4,37,2.452,S1O
78,C4,38,1.963,S1O
78,C4,39,1.475,S1O
78,C4,40,1.475,S1O
78,C4,41,1.475,S1O
78,C4,42,1.475,S1O
78,C4,43,0.498,S1O
78,C4,44,-0.478,S1O
78,C4,45,-1.455,S1O
78,C4,46,-1.943,S1O
78,C4,47,-1.943,S1O
78,C4,48,-0.478,S1O
78,C4,49,0.987,S1O
78,C4,50,1.475,S1O
78,C4,51,1.475,S1O
78,C4,52,0.010,S1O
78,C4,53,-0.478,S1O
78,C4,54,-0.966,S1O
78,C4,55,0.010,S1O
78,C4,56,1.475,S1O
78,C4,57,1.963,S1O
78,C4,58,1.475,S1O
78,C4,59,0.010,S1O
78,C4,60,-0.478,S1O
78,C4,61,-0.478,S1O
78,C4,62,0.010,S1O
78,C4,63,0.987,S1O
78,C4,64,1.475,S1O
78,C4,65,0.987,S1O
78,C4,66,0.987,S1O
78,C4,67,0.987,S1O
78,C4,68,1.475,S1O
78,C4,69,2.452,S1O
78,C4,70,2.452,S1O
78,C4,71,1.963,S1O
78,C4,72,0.987,S1O
78,C4,73,-0.478,S1O
78,C4,74,-1.455,S1O
78,C4,75,-1.943,S1O
78,C4,76,-1.943,S1O
78,C4,77,-1.455,S1O
78,C4,78,-0.478,S1O
78,C4,79,0.010,S1O
78,C4,80,0.498,S1O
78,C4,81,0.987,S1O
78,C4,82,0.987,S1O
78,C4,83,1.475,S1O
78,C4,84,1.475,S1O
78,C4,85,1.963,S1O
78,C4,86,1.963,S1O
78,C4,87,2.452,S1O
78,C4,88,2.940,S1O
78,C4,89,3.428,S1O
78,C4,90,3.916,S1O
78,C4,91,4.405,S1O
78,C4,92,4.405,S1O
78,C4,93,3.916,S1O
78,C4,94,3.428,S1O
78,C4,95,2.940,S1O
78,C4,96,2.452,S1O
78,C4,97,1.963,S1O
78,C4,98,1.475,S1O
78,C4,99,0.987,S1O
78,C4,100,1.475,S1O
78,C4,101,2.452,S1O
78,C4,102,3.916,S1O
78,C4,103,5.381,S1O
78,C4,104,5.870,S1O
78,C4,105,5.381,S1O
78,C4,106,3.916,S1O
78,C4,107,2.940,S1O
78,C4,108,2.452,S1O
78,C4,109,2.940,S1O
78,C4,110,3.916,S1O
78,C4,111,3.916,S1O
78,C4,112,3.916,S1O
78,C4,113,3.428,S1O
78,C4,114,3.428,S1O
78,C4,115,3.428,S1O
78,C4,116,3.428,S1O
78,C4,117,3.428,S1O
78,C4,118,2.452,S1O
78,C4,119,1.475,S1O
78,C4,120,0.498,S1O
78,C4,121,0.498,S1O
78,C4,122,0.498,S1O
78,C4,123,0.498,S1O
78,C4,124,0.010,S1O
78,C4,125,-0.478,S1O
78,C4,126,0.010,S1O
78,C4,127,0.987,S1O
78,C4,128,2.452,S1O
78,C4,129,3.428,S1O
78,C4,130,4.405,S1O
78,C4,131,4.893,S1O
78,C4,132,3.916,S1O
78,C4,133,2.940,S1O
78,C4,134,1.963,S1O
78,C4,135,0.987,S1O
78,C4,136,1.475,S1O
78,C4,137,1.475,S1O
78,C4,138,0.987,S1O
78,C4,139,0.987,S1O
78,C4,140,0.498,S1O
78,C4,141,0.498,S1O
78,C4,142,0.498,S1O
78,C4,143,0.987,S1O
78,C4,144,1.475,S1O
78,C4,145,1.475,S1O
78,C4,146,0.987,S1O
78,C4,147,1.475,S1O
78,C4,148,1.475,S1O
78,C4,149,1.963,S1O
78,C4,150,1.963,S1O
78,C4,151,1.475,S1O
78,C4,152,0.987,S1O
78,C4,153,0.498,S1O
78,C4,154,0.498,S1O
78,C4,155,1.475,S1O
78,C4,156,1.475,S1O
78,C4,157,1.475,S1O
78,C4,158,0.987,S1O
78,C4,159,0.010,S1O
78,C4,160,-0.478,S1O
78,C4,161,0.010,S1O
78,C4,162,0.498,S1O
78,C4,163,1.475,S1O
78,C4,164,2.452,S1O
78,C4,165,2.452,S1O
78,C4,166,2.452,S1O
78,C4,167,2.452,S1O
78,C4,168,1.963,S1O
78,C4,169,2.452,S1O
78,C4,170,2.452,S1O
78,C4,171,2.940,S1O
78,C4,172,2.940,S1O
78,C4,173,2.940,S1O
78,C4,174,2.940,S1O
78,C4,175,1.963,S1O
78,C4,176,0.987,S1O
78,C4,177,0.498,S1O
78,C4,178,0.987,S1O
78,C4,179,1.475,S1O
78,C4,180,2.452,S1O
78,C4,181,2.452,S1O
78,C4,182,1.963,S1O
78,C4,183,1.475,S1O
78,C4,184,0.987,S1O
78,C4,185,1.475,S1O
78,C4,186,2.940,S1O
78,C4,187,4.405,S1O
78,C4,188,5.381,S1O
78,C4,189,5.381,S1O
78,C4,190,4.893,S1O
78,C4,191,3.916,S1O
78,C4,192,2.940,S1O
78,C4,193,1.963,S1O
78,C4,194,1.475,S1O
78,C4,195,1.475,S1O
78,C4,196,1.475,S1O
78,C4,197,1.475,S1O
78,C4,198,0.987,S1O
78,C4,199,0.498,S1O
78,C4,200,0.010,S1O
78,C4,201,0.498,S1O
78,C4,202,1.475,S1O
78,C4,203,2.940,S1O
78,C4,204,3.916,S1O
78,C4,205,3.428,S1O
78,C4,206,2.940,S1O
78,C4,207,2.452,S1O
78,C4,208,2.452,S1O
78,C4,209,3.428,S1O
78,C4,210,4.405,S1O
78,C4,211,4.405,S1O
78,C4,212,3.428,S1O
78,C4,213,1.963,S1O
78,C4,214,0.987,S1O
78,C4,215,1.475,S1O
78,C4,216,2.452,S1O
78,C4,217,3.428,S1O
78,C4,218,3.428,S1O
78,C4,219,1.963,S1O
78,C4,220,0.010,S1O
78,C4,221,-0.966,S1O
78,C4,222,-1.455,S1O
78,C4,223,-0.966,S1O
78,C4,224,0.498,S1O
78,C4,225,1.963,S1O
78,C4,226,2.452,S1O
78,C4,227,2.940,S1O
78,C4,228,2.452,S1O
78,C4,229,0.987,S1O
78,C4,230,0.010,S1O
78,C4,231,-0.966,S1O
78,C4,232,-0.478,S1O
78,C4,233,0.987,S1O
78,C4,234,3.428,S1O
78,C4,235,5.870,S1O
78,C4,236,7.334,S1O
78,C4,237,7.823,S1O
78,C4,238,7.334,S1O
78,C4,239,6.358,S1O
78,C4,240,5.381,S1O
78,C4,241,3.428,S1O
78,C4,242,2.452,S1O
78,C4,243,1.475,S1O
78,C4,244,1.963,S1O
78,C4,245,3.428,S1O
78,C4,246,5.870,S1O
78,C4,247,7.823,S1O
78,C4,248,8.311,S1O
78,C4,249,6.846,S1O
78,C4,250,4.405,S1O
78,C4,251,1.475,S1O
78,C4,252,0.498,S1O
78,C4,253,0.498,S1O
78,C4,254,2.452,S1O
78,C4,255,4.893,S1O
78,CP5,0,-0.621,S1O
78,CP5,1,-0.132,S1O
78,CP5,2,-0.132,S1O
78,CP5,3,-0.132,S1O
78,CP5,4,-0.132,S1O
78,CP5,5,-0.132,S1O
78,CP5,6,0.356,S1O
78,CP5,7,0.844,S1O
78,CP5,8,2.309,S1O
78,CP5,9,4.262,S1O
78,CP5,10,5.727,S1O
78,CP5,11,6.704,S1O
78,CP5,12,6.215,S1O
78,CP5,13,4.751,S1O
78,CP5,14,3.286,S1O
78,CP5,15,1.821,S1O
78,CP5,16,1.821,S1O
78,CP5,17,2.309,S1O
78,CP5,18,3.286,S1O
78,CP5,19,2.797,S1O
78,CP5,20,1.821,S1O
78,CP5,21,0.356,S1O
78,CP5,22,-1.109,S1O
78,CP5,23,-1.597,S1O
78,CP5,24,-1.109,S1O
78,CP5,25,-0.132,S1O
78,CP5,26,0.356,S1O
78,CP5,27,0.844,S1O
78,CP5,28,1.333,S1O
78,CP5,29,0.844,S1O
78,CP5,30,0.356,S1O
78,CP5,31,-0.132,S1O
78,CP5,32,-0.621,S1O
78,CP5,33,-0.132,S1O
78,CP5,34,0.356,S1O
78,CP5,35,1.333,S1O
78,CP5,36,1.821,S1O
78,CP5,37,1.821,S1O
78,CP5,38,0.844,S1O
78,CP5,39,0.356,S1O
78,CP5,40,-0.132,S1O
78,CP5,41,-1.109,S1O
78,CP5,42,-2.574,S1O
78,CP5,43,-4.527,S1O
78,CP5,44,-5.992,S1O
78,CP5,45,-6.968,S1O
78,CP5,46,-6.480,S1O
78,CP5,47,-5.015,S1O
78,CP5,48,-3.062,S1O
78,CP5,49,-1.597,S1O
78,CP5,50,-1.597,S1O
78,CP5,51,-1.597,S1O
78,CP5,52,-2.085,S1O
78,CP5,53,-2.085,S1O
78,CP5,54,-1.109,S1O
78,CP5,55,-0.132,S1O
78,CP5,56,0.356,S1O
78,CP5,57,0.356,S1O
78,CP5,58,0.356,S1O
78,CP5,59,0.356,S1O
78,CP5,60,0.356,S1O
78,CP5,61,1.821,S1O
78,CP5,62,3.286,S1O
78,CP5,63,3.774,S1O
78,CP5,64,3.286,S1O
78,CP5,65,2.309,S1O
78,CP5,66,1.333,S1O
78,CP5,67,1.333,S1O
78,CP5,68,2.309,S1O
78,CP5,69,3.774,S1O
78,CP5,70,4.262,S1O
78,CP5,71,4.262,S1O
78,CP5,72,3.286,S1O
78,CP5,73,2.797,S1O
78,CP5,74,2.797,S1O
78,CP5,75,2.797,S1O
78,CP5,76,2.797,S1O
78,CP5,77,1.821,S1O
78,CP5,78,0.356,S1O
78,CP5,79,-0.621,S1O
78,CP5,80,-1.109,S1O
78,CP5,81,-0.621,S1O
78,CP5,82,-0.621,S1O
78,CP5,83,-1.109,S1O
78,CP5,84,-1.597,S1O
78,CP5,85,-1.597,S1O
78,CP5,86,-1.109,S1O
78,CP5,87,0.356,S1O
78,CP5,88,1.333,S1O
78,CP5,89,1.821,S1O
78,CP5,90,1.333,S1O
78,CP5,91,1.821,S1O
78,CP5,92,2.797,S1O
78,CP5,93,4.751,S1O
78,CP5,94,6.215,S1O
78,CP5,95,7.192,S1O
78,CP5,96,6.215,S1O
78,CP5,97,5.239,S1O
78,CP5,98,4.751,S1O
78,CP5,99,6.215,S1O
78,CP5,100,8.169,S1O
78,CP5,101,9.633,S1O
78,CP5,102,9.633,S1O
78,CP5,103,8.169,S1O
78,CP5,104,5.727,S1O
78,CP5,105,3.286,S1O
78,CP5,106,2.797,S1O
78,CP5,107,3.286,S1O
78,CP5,108,4.262,S1O
78,CP5,109,5.239,S1O
78,CP5,110,5.239,S1O
78,CP5,111,4.262,S1O
78,CP5,112,2.797,S1O
78,CP5,113,0.844,S1O
78,CP5,114,-0.132,S1O
78,CP5,115,-0.621,S1O
78,CP5,116,-0.621,S1O
78,CP5,117,0.356,S1O
78,CP5,118,0.844,S1O
78,CP5,119,1.333,S1O
78,CP5,120,2.309,S1O
78,CP5,121,3.286,S1O
78,CP5,122,4.262,S1O
78,CP5,123,5.239,S1O
78,CP5,124,5.239,S1O
78,CP5,125,5.727,S1O
78,CP5,126,5.727,S1O
78,CP5,127,5.239,S1O
78,CP5,128,4.751,S1O
78,CP5,129,4.262,S1O
78,CP5,130,3.286,S1O
78,CP5,131,2.309,S1O
78,CP5,132,1.333,S1O
78,CP5,133,1.333,S1O
78,CP5,134,1.821,S1O
78,CP5,135,2.309,S1O
78,CP5,136,2.309,S1O
78,CP5,137,1.821,S1O
78,CP5,138,0.844,S1O
78,CP5,139,-0.132,S1O
78,CP5,140,-1.109,S1O
78,CP5,141,-0.621,S1O
78,CP5,142,0.356,S1O
78,CP5,143,1.333,S1O
78,CP5,144,2.309,S1O
78,CP5,145,2.309,S1O
78,CP5,146,2.797,S1O
78,CP5,147,2.797,S1O
78,CP5,148,2.797,S1O
78,CP5,149,3.286,S1O
78,CP5,150,2.797,S1O
78,CP5,151,1.333,S1O
78,CP5,152,-0.132,S1O
78,CP5,153,-1.597,S1O
78,CP5,154,-2.085,S1O
78,CP5,155,-1.597,S1O
78,CP5,156,-0.621,S1O
78,CP5,157,0.844,S1O
78,CP5,158,0.844,S1O
78,CP5,159,0.356,S1O
78,CP5,160,-0.621,S1O
78,CP5,161,-1.597,S1O
78,CP5,162,-2.085,S1O
78,CP5,163,-2.085,S1O
78,CP5,164,-2.085,S1O
78,CP5,165,-2.085,S1O
78,CP5,166,-2.574,S1O
78,CP5,167,-2.574,S1O
78,CP5,168,-0.621,S1O
78,CP5,169,0.356,S1O
78,CP5,170,1.821,S1O
78,CP5,171,2.309,S1O
78,CP5,172,1.333,S1O
78,CP5,173,0.356,S1O
78,CP5,174,-1.109,S1O
78,CP5,175,-1.109,S1O
78,CP5,176,-0.621,S1O
78,CP5,177,-1.109,S1O
78,CP5,178,-2.085,S1O
78,CP5,179,-3.062,S1O
78,CP5,180,-3.062,S1O
78,CP5,181,-1.597,S1O
78,CP5,182,2.309,S1O
78,CP5,183,6.215,S1O
78,CP5,184,10.122,S1O
78,CP5,185,12.075,S1O
78,CP5,186,12.075,S1O
78,CP5,187,10.122,S1O
78,CP5,188,7.680,S1O
78,CP5,189,5.239,S1O
78,CP5,190,3.774,S1O
78,CP5,191,2.797,S1O
78,CP5,192,2.309,S1O
78,CP5,193,2.797,S1O
78,CP5,194,3.286,S1O
78,CP5,195,4.262,S1O
78,CP5,196,4.751,S1O
78,CP5,197,5.239,S1O
78,CP5,198,5.239,S1O
78,CP5,199,5.727,S1O
78,CP5,200,5.727,S1O
78,CP5,201,6.215,S1O
78,CP5,202,6.215,S1O
78,CP5,203,6.704,S1O
78,CP5,204,7.680,S1O
78,CP5,205,8.657,S1O
78,CP5,206,9.145,S1O
78,CP5,207,9.145,S1O
78,CP5,208,7.680,S1O
78,CP5,209,5.727,S1O
78,CP5,210,4.751,S1O
78,CP5,211,4.751,S1O
78,CP5,212,6.215,S1O
78,CP5,213,7.192,S1O
78,CP5,214,7.192,S1O
78,CP5,215,5.727,S1O
78,CP5,216,3.286,S1O
78,CP5,217,1.821,S1O
78,CP5,218,1.333,S1O
78,CP5,219,1.333,S1O
78,CP5,220,1.821,S1O
78,CP5,221,0.356,S1O
78,CP5,222,-2.085,S1O
78,CP5,223,-4.527,S1O
78,CP5,224,-5.015,S1O
78,CP5,225,-3.062,S1O
78,CP5,226,0.356,S1O
78,CP5,227,4.262,S1O
78,CP5,228,7.192,S1O
78,CP5,229,8.657,S1O
78,CP5,230,9.633,S1O
78,CP5,231,9.633,S1O
78,CP5,232,9.145,S1O
78,CP5,233,9.145,S1O
78,CP5,234,8.657,S1O
78,CP5,235,9.633,S1O
78,CP5,236,10.610,S1O
78,CP5,237,12.563,S1O
78,CP5,238,13.540,S1O
78,CP5,239,13.540,S1O
78,CP5,240,12.563,S1O
78,CP5,241,11.098,S1O
78,CP5,242,10.610,S1O
78,CP5,243,10.122,S1O
78,CP5,244,10.122,S1O
78,CP5,245,9.145,S1O
78,CP5,246,7.680,S1O
78,CP5,247,5.239,S1O
78,CP5,248,3.286,S1O
78,CP5,249,0.844,S1O
78,CP5,250,-1.109,S1O
78,CP5,251,-3.550,S1O
78,CP5,252,-5.503,S1O
78,CP5,253,-5.992,S1O
78,CP5,254,-5.992,S1O
78,CP5,255,-4.038,S1O
78,CP6,0,-1.851,S1O
78,CP6,1,-2.340,S1O
78,CP6,2,-2.828,S1O
78,CP6,3,-2.340,S1O
78,CP6,4,-1.851,S1O
78,CP6,5,-2.340,S1O
78,CP6,6,-2.828,S1O
78,CP6,7,-4.293,S1O
78,CP6,8,-5.758,S1O
78,CP6,9,-6.246,S1O
78,CP6,10,-6.246,S1O
78,CP6,11,-6.246,S1O
78,CP6,12,-6.246,S1O
78,CP6,13,-6.246,S1O
78,CP6,14,-6.246,S1O
78,CP6,15,-5.758,S1O
78,CP6,16,-4.781,S1O
78,CP6,17,-3.805,S1O
78,CP6,18,-3.805,S1O
78,CP6,19,-4.293,S1O
78,CP6,20,-5.269,S1O
78,CP6,21,-5.758,S1O
78,CP6,22,-5.758,S1O
78,CP6,23,-5.758,S1O
78,CP6,24,-4.781,S1O
78,CP6,25,-2.828,S1O
78,CP6,26,-0.875,S1O
78,CP6,27,-0.387,S1O
78,CP6,28,-0.387,S1O
78,CP6,29,-1.851,S1O
78,CP6,30,-3.805,S1O
78,CP6,31,-4.293,S1O
78,CP6,32,-3.805,S1O
78,CP6,33,-2.340,S1O
78,CP6,34,0.102,S1O
78,CP6,35,1.078,S1O
78,CP6,36,1.078,S1O
78,CP6,37,0.102,S1O
78,CP6,38,-0.875,S1O
78,CP6,39,-0.875,S1O
78,CP6,40,-0.875,S1O
78,CP6,41,-0.875,S1O
78,CP6,42,-0.875,S1O
78,CP6,43,-2.340,S1O
78,CP6,44,-3.805,S1O
78,CP6,45,-5.269,S1O
78,CP6,46,-5.758,S1O
78,CP6,47,-5.269,S1O
78,CP6,48,-3.805,S1O
78,CP6,49,-2.340,S1O
78,CP6,50,-1.363,S1O
78,CP6,51,-1.363,S1O
78,CP6,52,-3.316,S1O
78,CP6,53,-4.781,S1O
78,CP6,54,-5.758,S1O
78,CP6,55,-5.269,S1O
78,CP6,56,-3.805,S1O
78,CP6,57,-2.828,S1O
78,CP6,58,-2.828,S1O
78,CP6,59,-3.805,S1O
78,CP6,60,-4.293,S1O
78,CP6,61,-4.293,S1O
78,CP6,62,-3.316,S1O
78,CP6,63,-1.851,S1O
78,CP6,64,-0.875,S1O
78,CP6,65,-0.387,S1O
78,CP6,66,-0.387,S1O
78,CP6,67,0.102,S1O
78,CP6,68,1.078,S1O
78,CP6,69,2.543,S1O
78,CP6,70,3.520,S1O
78,CP6,71,4.496,S1O
78,CP6,72,3.520,S1O
78,CP6,73,2.543,S1O
78,CP6,74,1.567,S1O
78,CP6,75,0.590,S1O
78,CP6,76,1.078,S1O
78,CP6,77,1.567,S1O
78,CP6,78,2.055,S1O
78,CP6,79,1.567,S1O
78,CP6,80,1.078,S1O
78,CP6,81,0.590,S1O
78,CP6,82,0.102,S1O
78,CP6,83,0.590,S1O
78,CP6,84,2.055,S1O
78,CP6,85,2.543,S1O
78,CP6,86,3.031,S1O
78,CP6,87,2.543,S1O
78,CP6,88,1.567,S1O
78,CP6,89,1.567,S1O
78,CP6,90,2.055,S1O
78,CP6,91,3.520,S1O
78,CP6,92,4.496,S1O
78,CP6,93,5.473,S1O
78,CP6,94,5.473,S1O
78,CP6,95,5.473,S1O
78,CP6,96,5.961,S1O
78,CP6,97,5.961,S1O
78,CP6,98,6.449,S1O
78,CP6,99,6.938,S1O
78,CP6,100,8.403,S1O
78,CP6,101,9.867,S1O
78,CP6,102,10.844,S1O
78,CP6,103,11.332,S1O
78,CP6,104,10.356,S1O
78,CP6,105,7.426,S1O
78,CP6,106,5.473,S1O
78,CP6,107,4.008,S1O
78,CP6,108,3.520,S1O
78,CP6,109,4.008,S1O
78,CP6,110,4.985,S1O
78,CP6,111,5.473,S1O
78,CP6,112,4.496,S1O
78,CP6,113,4.008,S1O
78,CP6,114,2.543,S1O
78,CP6,115,1.567,S1O
78,CP6,116,2.055,S1O
78,CP6,117,2.055,S1O
78,CP6,118,2.543,S1O
78,CP6,119,3.031,S1O
78,CP6,120,3.031,S1O
78,CP6,121,3.031,S1O
78,CP6,122,3.031,S1O
78,CP6,123,3.031,S1O
78,CP6,124,3.031,S1O
78,CP6,125,3.031,S1O
78,CP6,126,3.031,S1O
78,CP6,127,3.520,S1O
78,CP6,128,4.496,S1O
78,CP6,129,5.473,S1O
78,CP6,130,5.961,S1O
78,CP6,131,5.961,S1O
78,CP6,132,4.985,S1O
78,CP6,133,3.031,S1O
78,CP6,134,2.055,S1O
78,CP6,135,1.078,S1O
78,CP6,136,1.567,S1O
78,CP6,137,1.567,S1O
78,CP6,138,1.078,S1O
78,CP6,139,0.590,S1O
78,CP6,140,-0.387,S1O
78,CP6,141,-0.875,S1O
78,CP6,142,0.102,S1O
78,CP6,143,1.567,S1O
78,CP6,144,3.031,S1O
78,CP6,145,4.008,S1O
78,CP6,146,4.496,S1O
78,CP6,147,4.985,S1O
78,CP6,148,4.985,S1O
78,CP6,149,4.496,S1O
78,CP6,150,3.520,S1O
78,CP6,151,2.543,S1O
78,CP6,152,1.078,S1O
78,CP6,153,0.590,S1O
78,CP6,154,1.078,S1O
78,CP6,155,2.543,S1O
78,CP6,156,3.031,S1O
78,CP6,157,2.543,S1O
78,CP6,158,2.055,S1O
78,CP6,159,1.567,S1O
78,CP6,160,1.567,S1O
78,CP6,161,2.055,S1O
78,CP6,162,2.543,S1O
78,CP6,163,3.031,S1O
78,CP6,164,3.031,S1O
78,CP6,165,2.543,S1O
78,CP6,166,2.543,S1O
78,CP6,167,2.543,S1O
78,CP6,168,3.031,S1O
78,CP6,169,4.008,S1O
78,CP6,170,4.496,S1O
78,CP6,171,4.985,S1O
78,CP6,172,5.961,S1O
78,CP6,173,5.473,S1O
78,CP6,174,4.496,S1O
78,CP6,175,2.543,S1O
78,CP6,176,0.590,S1O
78,CP6,177,-0.875,S1O
78,CP6,178,-0.875,S1O
78,CP6,179,0.590,S1O
78,CP6,180,2.055,S1O
78,CP6,181,3.031,S1O
78,CP6,182,3.031,S1O
78,CP6,183,2.543,S1O
78,CP6,184,3.031,S1O
78,CP6,185,4.496,S1O
78,CP6,186,6.449,S1O
78,CP6,187,8.403,S1O
78,CP6,188,8.891,S1O
78,CP6,189,7.914,S1O
78,CP6,190,5.961,S1O
78,CP6,191,4.008,S1O
78,CP6,192,2.543,S1O
78,CP6,193,2.055,S1O
78,CP6,194,1.567,S1O
78,CP6,195,1.078,S1O
78,CP6,196,0.590,S1O
78,CP6,197,0.102,S1O
78,CP6,198,-0.875,S1O
78,CP6,199,-2.340,S1O
78,CP6,200,-2.340,S1O
78,CP6,201,-1.363,S1O
78,CP6,202,1.078,S1O
78,CP6,203,4.008,S1O
78,CP6,204,5.961,S1O
78,CP6,205,6.449,S1O
78,CP6,206,5.473,S1O
78,CP6,207,4.008,S1O
78,CP6,208,3.520,S1O
78,CP6,209,3.520,S1O
78,CP6,210,4.008,S1O
78,CP6,211,4.008,S1O
78,CP6,212,3.031,S1O
78,CP6,213,2.055,S1O
78,CP6,214,1.078,S1O
78,CP6,215,1.078,S1O
78,CP6,216,1.567,S1O
78,CP6,217,1.567,S1O
78,CP6,218,0.590,S1O
78,CP6,219,-1.851,S1O
78,CP6,220,-3.805,S1O
78,CP6,221,-5.269,S1O
78,CP6,222,-4.781,S1O
78,CP6,223,-3.316,S1O
78,CP6,224,-2.340,S1O
78,CP6,225,-0.875,S1O
78,CP6,226,0.590,S1O
78,CP6,227,2.055,S1O
78,CP6,228,3.520,S1O
78,CP6,229,4.008,S1O
78,CP6,230,2.543,S1O
78,CP6,231,0.102,S1O
78,CP6,232,-1.363,S1O
78,CP6,233,-0.875,S1O
78,CP6,234,1.567,S1O
78,CP6,235,5.473,S1O
78,CP6,236,8.403,S1O
78,CP6,237,8.891,S1O
78,CP6,238,7.426,S1O
78,CP6,239,4.985,S1O
78,CP6,240,2.543,S1O
78,CP6,241,0.590,S1O
78,CP6,242,-0.387,S1O
78,CP6,243,-0.387,S1O
78,CP6,244,1.078,S1O
78,CP6,245,3.031,S1O
78,CP6,246,5.473,S1O
78,CP6,247,6.938,S1O
78,CP6,248,5.961,S1O
78,CP6,249,2.543,S1O
78,CP6,250,-1.851,S1O
78,CP6,251,-4.781,S1O
78,CP6,252,-5.758,S1O
78,CP6,253,-3.805,S1O
78,CP6,254,0.102,S1O
78,CP6,255,2.543,S1O
78,CP1,0,1.648,S1O
78,CP1,1,1.648,S1O
78,CP1,2,1.160,S1O
78,CP1,3,1.160,S1O
78,CP1,4,0.671,S1O
78,CP1,5,1.160,S1O
78,CP1,6,1.648,S1O
78,CP1,7,1.648,S1O
78,CP1,8,2.136,S1O
78,CP1,9,2.136,S1O
78,CP1,10,2.625,S1O
78,CP1,11,2.625,S1O
78,CP1,12,2.625,S1O
78,CP1,13,2.136,S1O
78,CP1,14,1.160,S1O
78,CP1,15,0.671,S1O
78,CP1,16,0.671,S1O
78,CP1,17,0.671,S1O
78,CP1,18,0.671,S1O
78,CP1,19,0.183,S1O
78,CP1,20,-0.793,S1O
78,CP1,21,-1.770,S1O
78,CP1,22,-3.235,S1O
78,CP1,23,-3.723,S1O
78,CP1,24,-3.723,S1O
78,CP1,25,-3.235,S1O
78,CP1,26,-2.747,S1O
78,CP1,27,-2.258,S1O
78,CP1,28,-2.258,S1O
78,CP1,29,-3.235,S1O
78,CP1,30,-4.211,S1O
78,CP1,31,-5.676,S1O
78,CP1,32,-6.165,S1O
78,CP1,33,-5.676,S1O
78,CP1,34,-5.188,S1O
78,CP1,35,-4.700,S1O
78,CP1,36,-4.700,S1O
78,CP1,37,-5.188,S1O
78,CP1,38,-5.676,S1O
78,CP1,39,-6.165,S1O
78,CP1,40,-6.165,S1O
78,CP1,41,-6.165,S1O
78,CP1,42,-6.165,S1O
78,CP1,43,-6.165,S1O
78,CP1,44,-6.165,S1O
78,CP1,45,-6.653,S1O
78,CP1,46,-6.653,S1O
78,CP1,47,-6.165,S1O
78,CP1,48,-5.676,S1O
78,CP1,49,-4.700,S1O
78,CP1,50,-4.700,S1O
78,CP1,51,-4.700,S1O
78,CP1,52,-5.188,S1O
78,CP1,53,-5.676,S1O
78,CP1,54,-6.165,S1O
78,CP1,55,-6.165,S1O
78,CP1,56,-5.676,S1O
78,CP1,57,-5.188,S1O
78,CP1,58,-4.700,S1O
78,CP1,59,-5.188,S1O
78,CP1,60,-5.676,S1O
78,CP1,61,-5.676,S1O
78,CP1,62,-5.676,S1O
78,CP1,63,-5.676,S1O
78,CP1,64,-5.188,S1O
78,CP1,65,-4.700,S1O
78,CP1,66,-5.188,S1O
78,CP1,67,-5.188,S1O
78,CP1,68,-5.188,S1O
78,CP1,69,-4.700,S1O
78,CP1,70,-4.211,S1O
78,CP1,71,-3.723,S1O
78,CP1,72,-2.747,S1O
78,CP1,73,-2.258,S1O
78,CP1,74,-1.770,S1O
78,CP1,75,-0.793,S1O
78,CP1,76,-0.793,S1O
78,CP1,77,-1.282,S1O
78,CP1,78,-2.258,S1O
78,CP1,79,-2.747,S1O
78,CP1,80,-2.747,S1O
78,CP1,81,-2.747,S1O
78,CP1,82,-2.747,S1O
78,CP1,83,-3.235,S1O
78,CP1,84,-3.723,S1O
78,CP1,85,-4.211,S1O
78,CP1,86,-4.211,S1O
78,CP1,87,-3.723,S1O
78,CP1,88,-4.211,S1O
78,CP1,89,-4.700,S1O
78,CP1,90,-5.188,S1O
78,CP1,91,-5.188,S1O
78,CP1,92,-4.700,S1O
78,CP1,93,-3.723,S1O
78,CP1,94,-2.747,S1O
78,CP1,95,-2.747,S1O
78,CP1,96,-3.235,S1O
78,CP1,97,-3.723,S1O
78,CP1,98,-4.211,S1O
78,CP1,99,-3.723,S1O
78,CP1,100,-2.747,S1O
78,CP1,101,-1.770,S1O
78,CP1,102,-1.282,S1O
78,CP1,103,-1.770,S1O
78,CP1,104,-2.258,S1O
78,CP1,105,-3.235,S1O
78,CP1,106,-3.235,S1O
78,CP1,107,-3.723,S1O
78,CP1,108,-3.235,S1O
78,CP1,109,-2.747,S1O
78,CP1,110,-2.258,S1O
78,CP1,111,-2.747,S1O
78,CP1,112,-3.235,S1O
78,CP1,113,-3.723,S1O
78,CP1,114,-4.700,S1O
78,CP1,115,-5.188,S1O
78,CP1,116,-5.188,S1O
78,CP1,117,-5.188,S1O
78,CP1,118,-4.700,S1O
78,CP1,119,-4.700,S1O
78,CP1,120,-5.188,S1O
78,CP1,121,-5.188,S1O
78,CP1,122,-5.188,S1O
78,CP1,123,-4.211,S1O
78,CP1,124,-3.235,S1O
78,CP1,125,-2.258,S1O
78,CP1,126,-1.282,S1O
78,CP1,127,-0.793,S1O
78,CP1,128,-0.305,S1O
78,CP1,129,-0.793,S1O
78,CP1,130,-1.282,S1O
78,CP1,131,-1.770,S1O
78,CP1,132,-1.770,S1O
78,CP1,133,-1.282,S1O
78,CP1,134,-0.305,S1O
78,CP1,135,0.183,S1O
78,CP1,136,0.183,S1O
78,CP1,137,-0.793,S1O
78,CP1,138,-1.770,S1O
78,CP1,139,-2.747,S1O
78,CP1,140,-3.235,S1O
78,CP1,141,-2.747,S1O
78,CP1,142,-2.258,S1O
78,CP1,143,-1.770,S1O
78,CP1,144,-1.770,S1O
78,CP1,145,-1.770,S1O
78,CP1,146,-2.258,S1O
78,CP1,147,-2.258,S1O
78,CP1,148,-2.258,S1O
78,CP1,149,-2.747,S1O
78,CP1,150,-3.235,S1O
78,CP1,151,-3.723,S1O
78,CP1,152,-4.700,S1O
78,CP1,153,-5.188,S1O
78,CP1,154,-5.188,S1O
78,CP1,155,-4.211,S1O
78,CP1,156,-3.235,S1O
78,CP1,157,-1.282,S1O
78,CP1,158,0.183,S1O
78,CP1,159,1.160,S1O
78,CP1,160,1.648,S1O
78,CP1,161,1.160,S1O
78,CP1,162,0.671,S1O
78,CP1,163,0.183,S1O
78,CP1,164,0.183,S1O
78,CP1,165,0.183,S1O
78,CP1,166,0.183,S1O
78,CP1,167,0.183,S1O
78,CP1,168,0.183,S1O
78,CP1,169,0.183,S1O
78,CP1,170,0.671,S1O
78,CP1,171,0.671,S1O
78,CP1,172,0.671,S1O
78,CP1,173,0.183,S1O
78,CP1,174,-0.793,S1O
78,CP1,175,-1.770,S1O
78,CP1,176,-2.747,S1O
78,CP1,177,-2.747,S1O
78,CP1,178,-3.235,S1O
78,CP1,179,-3.723,S1O
78,CP1,180,-4.211,S1O
78,CP1,181,-3.723,S1O
78,CP1,182,-2.258,S1O
78,CP1,183,-0.305,S1O
78,CP1,184,1.648,S1O
78,CP1,185,3.601,S1O
78,CP1,186,4.089,S1O
78,CP1,187,3.601,S1O
78,CP1,188,2.625,S1O
78,CP1,189,1.160,S1O
78,CP1,190,0.671,S1O
78,CP1,191,0.183,S1O
78,CP1,192,0.183,S1O
78,CP1,193,0.183,S1O
78,CP1,194,0.671,S1O
78,CP1,195,1.160,S1O
78,CP1,196,1.648,S1O
78,CP1,197,1.648,S1O
78,CP1,198,1.160,S1O
78,CP1,199,0.671,S1O
78,CP1,200,-0.305,S1O
78,CP1,201,-0.305,S1O
78,CP1,202,-0.305,S1O
78,CP1,203,0.671,S1O
78,CP1,204,1.160,S1O
78,CP1,205,2.136,S1O
78,CP1,206,2.625,S1O
78,CP1,207,2.625,S1O
78,CP1,208,1.648,S1O
78,CP1,209,0.183,S1O
78,CP1,210,-0.793,S1O
78,CP1,211,-1.282,S1O
78,CP1,212,-1.282,S1O
78,CP1,213,-0.305,S1O
78,CP1,214,0.671,S1O
78,CP1,215,0.671,S1O
78,CP1,216,0.671,S1O
78,CP1,217,0.671,S1O
78,CP1,218,0.671,S1O
78,CP1,219,1.160,S1O
78,CP1,220,1.648,S1O
78,CP1,221,1.648,S1O
78,CP1,222,0.671,S1O
78,CP1,223,-0.305,S1O
78,CP1,224,-0.793,S1O
78,CP1,225,-0.793,S1O
78,CP1,226,0.671,S1O
78,CP1,227,2.136,S1O
78,CP1,228,3.113,S1O
78,CP1,229,3.601,S1O
78,CP1,230,3.601,S1O
78,CP1,231,2.625,S1O
78,CP1,232,1.160,S1O
78,CP1,233,0.671,S1O
78,CP1,234,0.183,S1O
78,CP1,235,0.671,S1O
78,CP1,236,1.648,S1O
78,CP1,237,2.136,S1O
78,CP1,238,2.625,S1O
78,CP1,239,2.136,S1O
78,CP1,240,2.136,S1O
78,CP1,241,2.136,S1O
78,CP1,242,2.625,S1O
78,CP1,243,2.625,S1O
78,CP1,244,2.625,S1O
78,CP1,245,2.136,S1O
78,CP1,246,1.648,S1O
78,CP1,247,1.160,S1O
78,CP1,248,0.183,S1O
78,CP1,249,-1.282,S1O
78,CP1,250,-3.723,S1O
78,CP1,251,-5.188,S1O
78,CP1,252,-5.676,S1O
78,CP1,253,-4.700,S1O
78,CP1,254,-2.747,S1O
78,CP1,255,-1.282,S1O
78,CP2,0,2.940,S1O
78,CP2,1,2.940,S1O
78,CP2,2,1.963,S1O
78,CP2,3,0.987,S1O
78,CP2,4,0.498,S1O
78,CP2,5,0.498,S1O
78,CP2,6,0.010,S1O
78,CP2,7,0.010,S1O
78,CP2,8,-0.478,S1O
78,CP2,9,-0.478,S1O
78,CP2,10,-0.966,S1O
78,CP2,11,-0.966,S1O
78,CP2,12,-1.455,S1O
78,CP2,13,-1.943,S1O
78,CP2,14,-2.431,S1O
78,CP2,15,-1.943,S1O
78,CP2,16,-0.478,S1O
78,CP2,17,0.987,S1O
78,CP2,18,1.963,S1O
78,CP2,19,1.963,S1O
78,CP2,20,1.475,S1O
78,CP2,21,0.987,S1O
78,CP2,22,0.498,S1O
78,CP2,23,0.987,S1O
78,CP2,24,0.987,S1O
78,CP2,25,1.963,S1O
78,CP2,26,2.940,S1O
78,CP2,27,2.940,S1O
78,CP2,28,2.940,S1O
78,CP2,29,1.475,S1O
78,CP2,30,-0.478,S1O
78,CP2,31,-2.431,S1O
78,CP2,32,-2.920,S1O
78,CP2,33,-2.431,S1O
78,CP2,34,-0.966,S1O
78,CP2,35,-0.478,S1O
78,CP2,36,-0.478,S1O
78,CP2,37,-0.966,S1O
78,CP2,38,-1.943,S1O
78,CP2,39,-2.431,S1O
78,CP2,40,-2.431,S1O
78,CP2,41,-2.431,S1O
78,CP2,42,-2.431,S1O
78,CP2,43,-2.920,S1O
78,CP2,44,-3.408,S1O
78,CP2,45,-3.896,S1O
78,CP2,46,-3.896,S1O
78,CP2,47,-3.896,S1O
78,CP2,48,-2.920,S1O
78,CP2,49,-1.455,S1O
78,CP2,50,-0.478,S1O
78,CP2,51,-0.478,S1O
78,CP2,52,-1.455,S1O
78,CP2,53,-3.896,S1O
78,CP2,54,-3.408,S1O
78,CP2,55,-2.920,S1O
78,CP2,56,-1.943,S1O
78,CP2,57,-0.966,S1O
78,CP2,58,-0.478,S1O
78,CP2,59,-0.966,S1O
78,CP2,60,-1.943,S1O
78,CP2,61,-2.431,S1O
78,CP2,62,-2.431,S1O
78,CP2,63,-0.966,S1O
78,CP2,64,-0.478,S1O
78,CP2,65,0.010,S1O
78,CP2,66,-0.478,S1O
78,CP2,67,-0.966,S1O
78,CP2,68,-0.478,S1O
78,CP2,69,0.010,S1O
78,CP2,70,0.498,S1O
78,CP2,71,0.987,S1O
78,CP2,72,0.987,S1O
78,CP2,73,0.987,S1O
78,CP2,74,1.475,S1O
78,CP2,75,1.475,S1O
78,CP2,76,1.963,S1O
78,CP2,77,2.452,S1O
78,CP2,78,1.963,S1O
78,CP2,79,1.475,S1O
78,CP2,80,0.987,S1O
78,CP2,81,0.987,S1O
78,CP2,82,0.987,S1O
78,CP2,83,1.475,S1O
78,CP2,84,1.475,S1O
78,CP2,85,0.987,S1O
78,CP2,86,0.987,S1O
78,CP2,87,0.498,S1O
78,CP2,88,0.498,S1O
78,CP2,89,0.498,S1O
78,CP2,90,0.498,S1O
78,CP2,91,0.498,S1O
78,CP2,92,0.498,S1O
78,CP2,93,0.498,S1O
78,CP2,94,0.987,S1O
78,CP2,95,0.987,S1O
78,CP2,96,0.498,S1O
78,CP2,97,0.010,S1O
78,CP2,98,-0.966,S1O
78,CP2,99,-0.966,S1O
78,CP2,100,0.010,S1O
78,CP2,101,1.963,S1O
78,CP2,102,3.916,S1O
78,CP2,103,4.893,S1O
78,CP2,104,4.893,S1O
78,CP2,105,3.428,S1O
78,CP2,106,1.963,S1O
78,CP2,107,1.475,S1O
78,CP2,108,1.475,S1O
78,CP2,109,2.940,S1O
78,CP2,110,3.428,S1O
78,CP2,111,3.916,S1O
78,CP2,112,3.428,S1O
78,CP2,113,2.452,S1O
78,CP2,114,1.475,S1O
78,CP2,115,0.987,S1O
78,CP2,116,0.987,S1O
78,CP2,117,0.498,S1O
78,CP2,118,0.010,S1O
78,CP2,119,-0.478,S1O
78,CP2,120,-1.455,S1O
78,CP2,121,-1.943,S1O
78,CP2,122,-2.431,S1O
78,CP2,123,-2.431,S1O
78,CP2,124,-2.431,S1O
78,CP2,125,-1.455,S1O
78,CP2,126,0.010,S1O
78,CP2,127,1.475,S1O
78,CP2,128,2.940,S1O
78,CP2,129,3.916,S1O
78,CP2,130,3.916,S1O
78,CP2,131,3.916,S1O
78,CP2,132,3.428,S1O
78,CP2,133,3.428,S1O
78,CP2,134,3.916,S1O
78,CP2,135,4.405,S1O
78,CP2,136,4.405,S1O
78,CP2,137,3.916,S1O
78,CP2,138,2.452,S1O
78,CP2,139,0.987,S1O
78,CP2,140,-0.478,S1O
78,CP2,141,-0.478,S1O
78,CP2,142,0.987,S1O
78,CP2,143,1.963,S1O
78,CP2,144,2.940,S1O
78,CP2,145,2.940,S1O
78,CP2,146,1.963,S1O
78,CP2,147,0.987,S1O
78,CP2,148,0.498,S1O
78,CP2,149,0.010,S1O
78,CP2,150,0.010,S1O
78,CP2,151,0.010,S1O
78,CP2,152,-0.478,S1O
78,CP2,153,-0.966,S1O
78,CP2,154,-0.478,S1O
78,CP2,155,0.010,S1O
78,CP2,156,0.987,S1O
78,CP2,157,1.963,S1O
78,CP2,158,2.452,S1O
78,CP2,159,2.940,S1O
78,CP2,160,2.940,S1O
78,CP2,161,3.428,S1O
78,CP2,162,3.916,S1O
78,CP2,163,3.916,S1O
78,CP2,164,4.405,S1O
78,CP2,165,3.916,S1O
78,CP2,166,3.916,S1O
78,CP2,167,3.916,S1O
78,CP2,168,3.916,S1O
78,CP2,169,4.405,S1O
78,CP2,170,4.893,S1O
78,CP2,171,4.893,S1O
78,CP2,172,4.893,S1O
78,CP2,173,4.405,S1O
78,CP2,174,3.916,S1O
78,CP2,175,2.452,S1O
78,CP2,176,0.987,S1O
78,CP2,177,0.010,S1O
78,CP2,178,-0.478,S1O
78,CP2,179,0.010,S1O
78,CP2,180,0.498,S1O
78,CP2,181,0.987,S1O
78,CP2,182,1.475,S1O
78,CP2,183,2.452,S1O
78,CP2,184,2.940,S1O
78,CP2,185,3.916,S1O
78,CP2,186,4.893,S1O
78,CP2,187,5.381,S1O
78,CP2,188,5.381,S1O
78,CP2,189,4.893,S1O
78,CP2,190,4.405,S1O
78,CP2,191,3.916,S1O
78,CP2,192,3.428,S1O
78,CP2,193,2.940,S1O
78,CP2,194,2.452,S1O
78,CP2,195,2.452,S1O
78,CP2,196,2.452,S1O
78,CP2,197,2.940,S1O
78,CP2,198,2.940,S1O
78,CP2,199,1.963,S1O
78,CP2,200,1.475,S1O
78,CP2,201,1.475,S1O
78,CP2,202,1.963,S1O
78,CP2,203,2.940,S1O
78,CP2,204,3.428,S1O
78,CP2,205,3.916,S1O
78,CP2,206,3.916,S1O
78,CP2,207,3.428,S1O
78,CP2,208,3.428,S1O
78,CP2,209,3.428,S1O
78,CP2,210,3.428,S1O
78,CP2,211,2.452,S1O
78,CP2,212,1.475,S1O
78,CP2,213,0.987,S1O
78,CP2,214,0.987,S1O
78,CP2,215,1.475,S1O
78,CP2,216,2.452,S1O
78,CP2,217,2.940,S1O
78,CP2,218,3.428,S1O
78,CP2,219,2.940,S1O
78,CP2,220,2.452,S1O
78,CP2,221,1.963,S1O
78,CP2,222,1.963,S1O
78,CP2,223,1.963,S1O
78,CP2,224,2.940,S1O
78,CP2,225,4.405,S1O
78,CP2,226,5.870,S1O
78,CP2,227,6.358,S1O
78,CP2,228,6.358,S1O
78,CP2,229,5.381,S1O
78,CP2,230,3.916,S1O
78,CP2,231,1.963,S1O
78,CP2,232,1.475,S1O
78,CP2,233,1.963,S1O
78,CP2,234,3.428,S1O
78,CP2,235,5.381,S1O
78,CP2,236,6.846,S1O
78,CP2,237,6.846,S1O
78,CP2,238,5.870,S1O
78,CP2,239,4.893,S1O
78,CP2,240,3.916,S1O
78,CP2,241,2.452,S1O
78,CP2,242,2.452,S1O
78,CP2,243,2.940,S1O
78,CP2,244,3.916,S1O
78,CP2,245,5.381,S1O
78,CP2,246,6.846,S1O
78,CP2,247,7.823,S1O
78,CP2,248,7.334,S1O
78,CP2,249,4.893,S1O
78,CP2,250,1.963,S1O
78,CP2,251,0.498,S1O
78,CP2,252,0.498,S1O
78,CP2,253,1.963,S1O
78,CP2,254,4.405,S1O
78,CP2,255,6.358,S1O
78,P3,0,2.360,S1O
78,P3,1,2.360,S1O
78,P3,2,2.360,S1O
78,P3,3,2.360,S1O
78,P3,4,2.848,S1O
78,P3,5,4.313,S1O
78,P3,6,5.290,S1O
78,P3,7,5.778,S1O
78,P3,8,6.755,S1O
78,P3,9,7.243,S1O
78,P3,10,7.731,S1O
78,P3,11,8.219,S1O
78,P3,12,7.731,S1O
78,P3,13,6.266,S1O
78,P3,14,5.290,S1O
78,P3,15,4.801,S1O
78,P3,16,5.290,S1O
78,P3,17,5.778,S1O
78,P3,18,5.778,S1O
78,P3,19,4.801,S1O
78,P3,20,2.360,S1O
78,P3,21,0.407,S1O
78,P3,22,-1.546,S1O
78,P3,23,-2.035,S1O
78,P3,24,-2.035,S1O
78,P3,25,-1.546,S1O
78,P3,26,-1.058,S1O
78,P3,27,-1.058,S1O
78,P3,28,-1.058,S1O
78,P3,29,-2.035,S1O
78,P3,30,-3.499,S1O
78,P3,31,-4.964,S1O
78,P3,32,-5.941,S1O
78,P3,33,-5.941,S1O
78,P3,34,-4.964,S1O
78,P3,35,-3.988,S1O
78,P3,36,-3.988,S1O
78,P3,37,-4.476,S1O
78,P3,38,-5.452,S1O
78,P3,39,-5.941,S1O
78,P3,40,-6.429,S1O
78,P3,41,-5.941,S1O
78,P3,42,-6.429,S1O
78,P3,43,-7.406,S1O
78,P3,44,-8.382,S1O
78,P3,45,-8.870,S1O
78,P3,46,-8.870,S1O
78,P3,47,-7.894,S1O
78,P3,48,-6.429,S1O
78,P3,49,-4.964,S1O
78,P3,50,-3.988,S1O
78,P3,51,-4.476,S1O
78,P3,52,-4.964,S1O
78,P3,53,-5.941,S1O
78,P3,54,-5.452,S1O
78,P3,55,-4.964,S1O
78,P3,56,-3.988,S1O
78,P3,57,-3.499,S1O
78,P3,58,-3.499,S1O
78,P3,59,-3.988,S1O
78,P3,60,-4.476,S1O
78,P3,61,-3.499,S1O
78,P3,62,-2.035,S1O
78,P3,63,-1.058,S1O
78,P3,64,-1.058,S1O
78,P3,65,-1.546,S1O
78,P3,66,-2.035,S1O
78,P3,67,-1.546,S1O
78,P3,68,-0.570,S1O
78,P3,69,0.407,S1O
78,P3,70,0.895,S1O
78,P3,71,0.895,S1O
78,P3,72,0.407,S1O
78,P3,73,0.895,S1O
78,P3,74,1.383,S1O
78,P3,75,1.872,S1O
78,P3,76,1.383,S1O
78,P3,77,-0.081,S1O
78,P3,78,-2.523,S1O
78,P3,79,-3.499,S1O
78,P3,80,-3.499,S1O
78,P3,81,-3.499,S1O
78,P3,82,-3.011,S1O
78,P3,83,-3.499,S1O
78,P3,84,-3.988,S1O
78,P3,85,-4.476,S1O
78,P3,86,-3.499,S1O
78,P3,87,-2.035,S1O
78,P3,88,-1.058,S1O
78,P3,89,-1.546,S1O
78,P3,90,-2.523,S1O
78,P3,91,-2.523,S1O
78,P3,92,-1.546,S1O
78,P3,93,0.407,S1O
78,P3,94,2.360,S1O
78,P3,95,2.848,S1O
78,P3,96,2.360,S1O
78,P3,97,0.895,S1O
78,P3,98,0.407,S1O
78,P3,99,0.895,S1O
78,P3,100,1.872,S1O
78,P3,101,3.337,S1O
78,P3,102,3.825,S1O
78,P3,103,2.360,S1O
78,P3,104,0.895,S1O
78,P3,105,-1.058,S1O
78,P3,106,-2.035,S1O
78,P3,107,-1.546,S1O
78,P3,108,-1.058,S1O
78,P3,109,-0.570,S1O
78,P3,110,-1.058,S1O
78,P3,111,-2.035,S1O
78,P3,112,-3.011,S1O
78,P3,113,-4.476,S1O
78,P3,114,-4.964,S1O
78,P3,115,-5.452,S1O
78,P3,116,-5.452,S1O
78,P3,117,-4.964,S1O
78,P3,118,-4.476,S1O
78,P3,119,-3.988,S1O
78,P3,120,-3.988,S1O
78,P3,121,-3.988,S1O
78,P3,122,-3.011,S1O
78,P3,123,-2.523,S1O
78,P3,124,-1.058,S1O
78,P3,125,-0.081,S1O
78,P3,126,1.383,S1O
78,P3,127,1.872,S1O
78,P3,128,2.360,S1O
78,P3,129,1.872,S1O
78,P3,130,0.407,S1O
78,P3,131,-0.570,S1O
78,P3,132,-1.058,S1O
78,P3,133,-0.570,S1O
78,P3,134,0.895,S1O
78,P3,135,1.872,S1O
78,P3,136,1.383,S1O
78,P3,137,-0.570,S1O
78,P3,138,-3.011,S1O
78,P3,139,-4.964,S1O
78,P3,140,-4.964,S1O
78,P3,141,-3.988,S1O
78,P3,142,-2.523,S1O
78,P3,143,-1.546,S1O
78,P3,144,-1.546,S1O
78,P3,145,-2.035,S1O
78,P3,146,-2.035,S1O
78,P3,147,-1.546,S1O
78,P3,148,-1.546,S1O
78,P3,149,-1.546,S1O
78,P3,150,-2.523,S1O
78,P3,151,-3.988,S1O
78,P3,152,-5.941,S1O
78,P3,153,-6.917,S1O
78,P3,154,-7.406,S1O
78,P3,155,-6.917,S1O
78,P3,156,-5.941,S1O
78,P3,157,-3.988,S1O
78,P3,158,-2.035,S1O
78,P3,159,-1.058,S1O
78,P3,160,-0.570,S1O
78,P3,161,-0.570,S1O
78,P3,162,-1.058,S1O
78,P3,163,-1.546,S1O
78,P3,164,-2.035,S1O
78,P3,165,-2.035,S1O
78,P3,166,-1.546,S1O
78,P3,167,-1.546,S1O
78,P3,168,-1.058,S1O
78,P3,169,-0.081,S1O
78,P3,170,0.895,S1O
78,P3,171,1.872,S1O
78,P3,172,1.383,S1O
78,P3,173,0.407,S1O
78,P3,174,-1.058,S1O
78,P3,175,-3.011,S1O
78,P3,176,-3.988,S1O
78,P3,177,-4.964,S1O
78,P3,178,-5.941,S1O
78,P3,179,-6.429,S1O
78,P3,180,-5.941,S1O
78,P3,181,-4.476,S1O
78,P3,182,-1.058,S1O
78,P3,183,3.337,S1O
78,P3,184,7.243,S1O
78,P3,185,9.684,S1O
78,P3,186,9.684,S1O
78,P3,187,8.219,S1O
78,P3,188,4.801,S1O
78,P3,189,1.872,S1O
78,P3,190,-0.081,S1O
78,P3,191,-1.058,S1O
78,P3,192,-1.058,S1O
78,P3,193,-1.058,S1O
78,P3,194,-1.058,S1O
78,P3,195,-1.058,S1O
78,P3,196,-1.058,S1O
78,P3,197,-1.058,S1O
78,P3,198,-1.058,S1O
78,P3,199,-1.058,S1O
78,P3,200,-1.546,S1O
78,P3,201,-2.035,S1O
78,P3,202,-1.546,S1O
78,P3,203,-0.081,S1O
78,P3,204,1.872,S1O
78,P3,205,3.825,S1O
78,P3,206,4.801,S1O
78,P3,207,4.313,S1O
78,P3,208,2.848,S1O
78,P3,209,0.895,S1O
78,P3,210,-0.570,S1O
78,P3,211,-1.058,S1O
78,P3,212,-0.081,S1O
78,P3,213,0.895,S1O
78,P3,214,1.383,S1O
78,P3,215,1.383,S1O
78,P3,216,-0.081,S1O
78,P3,217,-1.058,S1O
78,P3,218,-1.546,S1O
78,P3,219,-1.546,S1O
78,P3,220,-1.058,S1O
78,P3,221,-1.058,S1O
78,P3,222,-1.546,S1O
78,P3,223,-2.523,S1O
78,P3,224,-2.523,S1O
78,P3,225,-2.035,S1O
78,P3,226,-0.570,S1O
78,P3,227,0.895,S1O
78,P3,228,2.848,S1O
78,P3,229,4.313,S1O
78,P3,230,4.313,S1O
78,P3,231,3.825,S1O
78,P3,232,2.848,S1O
78,P3,233,2.360,S1O
78,P3,234,3.337,S1O
78,P3,235,4.801,S1O
78,P3,236,7.243,S1O
78,P3,237,8.708,S1O
78,P3,238,9.196,S1O
78,P3,239,8.708,S1O
78,P3,240,7.731,S1O
78,P3,241,7.243,S1O
78,P3,242,6.755,S1O
78,P3,243,6.755,S1O
78,P3,244,6.755,S1O
78,P3,245,6.755,S1O
78,P3,246,6.266,S1O
78,P3,247,5.778,S1O
78,P3,248,4.313,S1O
78,P3,249,1.383,S1O
78,P3,250,-2.035,S1O
78,P3,251,-5.452,S1O
78,P3,252,-6.429,S1O
78,P3,253,-4.964,S1O
78,P3,254,-2.523,S1O
78,P3,255,-0.570,S1O
78,P4,0,2.533,S1O
78,P4,1,2.045,S1O
78,P4,2,1.556,S1O
78,P4,3,1.068,S1O
78,P4,4,0.580,S1O
78,P4,5,0.580,S1O
78,P4,6,0.092,S1O
78,P4,7,-0.397,S1O
78,P4,8,-0.397,S1O
78,P4,9,-0.397,S1O
78,P4,10,-0.397,S1O
78,P4,11,-0.885,S1O
78,P4,12,-1.373,S1O
78,P4,13,-2.350,S1O
78,P4,14,-2.350,S1O
78,P4,15,-1.862,S1O
78,P4,16,-0.885,S1O
78,P4,17,0.092,S1O
78,P4,18,0.580,S1O
78,P4,19,0.580,S1O
78,P4,20,-0.397,S1O
78,P4,21,-1.373,S1O
78,P4,22,-2.350,S1O
78,P4,23,-2.350,S1O
78,P4,24,-1.373,S1O
78,P4,25,-0.397,S1O
78,P4,26,1.556,S1O
78,P4,27,2.045,S1O
78,P4,28,2.045,S1O
78,P4,29,0.092,S1O
78,P4,30,-2.350,S1O
78,P4,31,-4.303,S1O
78,P4,32,-4.791,S1O
78,P4,33,-3.326,S1O
78,P4,34,-1.862,S1O
78,P4,35,-0.885,S1O
78,P4,36,-0.885,S1O
78,P4,37,-2.350,S1O
78,P4,38,-3.326,S1O
78,P4,39,-3.815,S1O
78,P4,40,-3.815,S1O
78,P4,41,-3.815,S1O
78,P4,42,-3.815,S1O
78,P4,43,-4.791,S1O
78,P4,44,-5.768,S1O
78,P4,45,-6.256,S1O
78,P4,46,-6.256,S1O
78,P4,47,-5.768,S1O
78,P4,48,-4.303,S1O
78,P4,49,-2.838,S1O
78,P4,50,-1.862,S1O
78,P4,51,-2.350,S1O
78,P4,52,-3.815,S1O
78,P4,53,-5.280,S1O
78,P4,54,-5.768,S1O
78,P4,55,-4.791,S1O
78,P4,56,-2.838,S1O
78,P4,57,-1.373,S1O
78,P4,58,-0.885,S1O
78,P4,59,-1.862,S1O
78,P4,60,-2.350,S1O
78,P4,61,-2.350,S1O
78,P4,62,-1.373,S1O
78,P4,63,0.092,S1O
78,P4,64,1.068,S1O
78,P4,65,1.068,S1O
78,P4,66,1.068,S1O
78,P4,67,1.556,S1O
78,P4,68,3.021,S1O
78,P4,69,3.998,S1O
78,P4,70,4.486,S1O
78,P4,71,4.486,S1O
78,P4,72,4.486,S1O
78,P4,73,4.486,S1O
78,P4,74,4.486,S1O
78,P4,75,4.486,S1O
78,P4,76,4.486,S1O
78,P4,77,3.510,S1O
78,P4,78,2.533,S1O
78,P4,79,1.556,S1O
78,P4,80,1.068,S1O
78,P4,81,1.068,S1O
78,P4,82,1.068,S1O
78,P4,83,1.068,S1O
78,P4,84,1.556,S1O
78,P4,85,1.556,S1O
78,P4,86,1.556,S1O
78,P4,87,1.556,S1O
78,P4,88,1.068,S1O
78,P4,89,1.068,S1O
78,P4,90,1.068,S1O
78,P4,91,1.556,S1O
78,P4,92,2.533,S1O
78,P4,93,3.510,S1O
78,P4,94,4.974,S1O
78,P4,95,5.463,S1O
78,P4,96,5.463,S1O
78,P4,97,4.974,S1O
78,P4,98,4.486,S1O
78,P4,99,4.974,S1O
78,P4,100,5.951,S1O
78,P4,101,8.881,S1O
78,P4,102,10.834,S1O
78,P4,103,11.322,S1O
78,P4,104,9.857,S1O
78,P4,105,6.927,S1O
78,P4,106,4.486,S1O
78,P4,107,3.021,S1O
78,P4,108,3.021,S1O
78,P4,109,4.486,S1O
78,P4,110,4.974,S1O
78,P4,111,4.974,S1O
78,P4,112,4.486,S1O
78,P4,113,3.021,S1O
78,P4,114,2.533,S1O
78,P4,115,1.556,S1O
78,P4,116,2.045,S1O
78,P4,117,2.045,S1O
78,P4,118,2.045,S1O
78,P4,119,1.556,S1O
78,P4,120,1.068,S1O
78,P4,121,1.068,S1O
78,P4,122,1.556,S1O
78,P4,123,1.556,S1O
78,P4,124,2.533,S1O
78,P4,125,3.510,S1O
78,P4,126,4.486,S1O
78,P4,127,5.463,S1O
78,P4,128,6.927,S1O
78,P4,129,7.416,S1O
78,P4,130,6.927,S1O
78,P4,131,5.951,S1O
78,P4,132,4.974,S1O
78,P4,133,4.486,S1O
78,P4,134,5.463,S1O
78,P4,135,5.951,S1O
78,P4,136,5.951,S1O
78,P4,137,4.486,S1O
78,P4,138,2.045,S1O
78,P4,139,0.580,S1O
78,P4,140,-0.397,S1O
78,P4,141,0.580,S1O
78,P4,142,2.533,S1O
78,P4,143,3.998,S1O
78,P4,144,4.974,S1O
78,P4,145,4.974,S1O
78,P4,146,4.486,S1O
78,P4,147,4.486,S1O
78,P4,148,3.998,S1O
78,P4,149,3.510,S1O
78,P4,150,3.021,S1O
78,P4,151,2.045,S1O
78,P4,152,1.068,S1O
78,P4,153,0.580,S1O
78,P4,154,1.068,S1O
78,P4,155,2.533,S1O
78,P4,156,3.510,S1O
78,P4,157,3.998,S1O
78,P4,158,3.998,S1O
78,P4,159,3.998,S1O
78,P4,160,3.998,S1O
78,P4,161,3.998,S1O
78,P4,162,3.998,S1O
78,P4,163,3.998,S1O
78,P4,164,3.998,S1O
78,P4,165,3.998,S1O
78,P4,166,3.998,S1O
78,P4,167,4.486,S1O
78,P4,168,4.974,S1O
78,P4,169,5.463,S1O
78,P4,170,6.439,S1O
78,P4,171,6.439,S1O
78,P4,172,6.927,S1O
78,P4,173,6.439,S1O
78,P4,174,4.974,S1O
78,P4,175,3.021,S1O
78,P4,176,0.580,S1O
78,P4,177,-0.885,S1O
78,P4,178,-1.373,S1O
78,P4,179,-0.397,S1O
78,P4,180,0.580,S1O
78,P4,181,1.556,S1O
78,P4,182,2.533,S1O
78,P4,183,3.998,S1O
78,P4,184,4.974,S1O
78,P4,185,6.927,S1O
78,P4,186,8.392,S1O
78,P4,187,9.369,S1O
78,P4,188,9.369,S1O
78,P4,189,7.904,S1O
78,P4,190,6.439,S1O
78,P4,191,4.974,S1O
78,P4,192,3.998,S1O
78,P4,193,3.021,S1O
78,P4,194,2.533,S1O
78,P4,195,2.045,S1O
78,P4,196,2.045,S1O
78,P4,197,1.556,S1O
78,P4,198,1.068,S1O
78,P4,199,0.092,S1O
78,P4,200,-0.397,S1O
78,P4,201,-0.397,S1O
78,P4,202,0.580,S1O
78,P4,203,2.533,S1O
78,P4,204,4.486,S1O
78,P4,205,5.463,S1O
78,P4,206,6.439,S1O
78,P4,207,5.951,S1O
78,P4,208,5.951,S1O
78,P4,209,5.463,S1O
78,P4,210,4.974,S1O
78,P4,211,3.998,S1O
78,P4,212,3.021,S1O
78,P4,213,2.533,S1O
78,P4,214,2.533,S1O
78,P4,215,3.021,S1O
78,P4,216,3.021,S1O
78,P4,217,2.533,S1O
78,P4,218,1.556,S1O
78,P4,219,0.092,S1O
78,P4,220,-0.885,S1O
78,P4,221,-0.885,S1O
78,P4,222,-0.397,S1O
78,P4,223,0.580,S1O
78,P4,224,1.556,S1O
78,P4,225,3.510,S1O
78,P4,226,4.974,S1O
78,P4,227,6.927,S1O
78,P4,228,7.904,S1O
78,P4,229,7.416,S1O
78,P4,230,5.463,S1O
78,P4,231,3.021,S1O
78,P4,232,2.045,S1O
78,P4,233,2.533,S1O
78,P4,234,4.974,S1O
78,P4,235,7.904,S1O
78,P4,236,9.857,S1O
78,P4,237,10.345,S1O
78,P4,238,9.369,S1O
78,P4,239,6.927,S1O
78,P4,240,5.463,S1O
78,P4,241,3.998,S1O
78,P4,242,3.510,S1O
78,P4,243,4.486,S1O
78,P4,244,5.951,S1O
78,P4,245,7.904,S1O
78,P4,246,9.857,S1O
78,P4,247,10.345,S1O
78,P4,248,8.881,S1O
78,P4,249,4.974,S1O
78,P4,250,1.556,S1O
78,P4,251,-0.885,S1O
78,P4,252,0.580,S1O
78,P4,253,3.998,S1O
78,P4,254,7.416,S1O
78,P4,255,8.881,S1O
78,PZ,0,2.543,S1O
78,PZ,1,2.055,S1O
78,PZ,2,1.567,S1O
78,PZ,3,0.590,S1O
78,PZ,4,0.590,S1O
78,PZ,5,1.078,S1O
78,PZ,6,1.567,S1O
78,PZ,7,2.543,S1O
78,PZ,8,3.520,S1O
78,PZ,9,4.008,S1O
78,PZ,10,4.496,S1O
78,PZ,11,4.496,S1O
78,PZ,12,3.520,S1O
78,PZ,13,2.543,S1O
78,PZ,14,1.567,S1O
78,PZ,15,1.078,S1O
78,PZ,16,1.078,S1O
78,PZ,17,1.567,S1O
78,PZ,18,1.567,S1O
78,PZ,19,0.590,S1O
78,PZ,20,-0.875,S1O
78,PZ,21,-3.316,S1O
78,PZ,22,-4.781,S1O
78,PZ,23,-5.269,S1O
78,PZ,24,-5.269,S1O
78,PZ,25,-3.805,S1O
78,PZ,26,-2.828,S1O
78,PZ,27,-1.851,S1O
78,PZ,28,-2.340,S1O
78,PZ,29,-3.805,S1O
78,PZ,30,-5.269,S1O
78,PZ,31,-6.734,S1O
78,PZ,32,-7.711,S1O
78,PZ,33,-7.222,S1O
78,PZ,34,-6.246,S1O
78,PZ,35,-5.758,S1O
78,PZ,36,-5.758,S1O
78,PZ,37,-6.734,S1O
78,PZ,38,-7.711,S1O
78,PZ,39,-8.199,S1O
78,PZ,40,-7.711,S1O
78,PZ,41,-7.222,S1O
78,PZ,42,-7.711,S1O
78,PZ,43,-7.711,S1O
78,PZ,44,-8.199,S1O
78,PZ,45,-8.687,S1O
78,PZ,46,-8.687,S1O
78,PZ,47,-7.711,S1O
78,PZ,48,-6.734,S1O
78,PZ,49,-5.758,S1O
78,PZ,50,-4.781,S1O
78,PZ,51,-5.269,S1O
78,PZ,52,-5.758,S1O
78,PZ,53,-6.734,S1O
78,PZ,54,-7.711,S1O
78,PZ,55,-7.222,S1O
78,PZ,56,-5.758,S1O
78,PZ,57,-4.781,S1O
78,PZ,58,-4.293,S1O
78,PZ,59,-4.781,S1O
78,PZ,60,-5.269,S1O
78,PZ,61,-5.269,S1O
78,PZ,62,-4.781,S1O
78,PZ,63,-3.805,S1O
78,PZ,64,-2.828,S1O
78,PZ,65,-2.828,S1O
78,PZ,66,-2.828,S1O
78,PZ,67,-2.828,S1O
78,PZ,68,-2.340,S1O
78,PZ,69,-1.363,S1O
78,PZ,70,-0.875,S1O
78,PZ,71,-0.387,S1O
78,PZ,72,-0.387,S1O
78,PZ,73,-0.387,S1O
78,PZ,74,0.102,S1O
78,PZ,75,0.590,S1O
78,PZ,76,0.590,S1O
78,PZ,77,0.102,S1O
78,PZ,78,-0.875,S1O
78,PZ,79,-1.851,S1O
78,PZ,80,-2.340,S1O
78,PZ,81,-2.828,S1O
78,PZ,82,-2.340,S1O
78,PZ,83,-2.340,S1O
78,PZ,84,-2.340,S1O
78,PZ,85,-2.340,S1O
78,PZ,86,-2.340,S1O
78,PZ,87,-2.340,S1O
78,PZ,88,-2.340,S1O
78,PZ,89,-2.828,S1O
78,PZ,90,-3.316,S1O
78,PZ,91,-3.316,S1O
78,PZ,92,-2.340,S1O
78,PZ,93,-0.875,S1O
78,PZ,94,0.102,S1O
78,PZ,95,1.078,S1O
78,PZ,96,0.590,S1O
78,PZ,97,-0.387,S1O
78,PZ,98,-1.363,S1O
78,PZ,99,-1.363,S1O
78,PZ,100,0.102,S1O
78,PZ,101,2.055,S1O
78,PZ,102,3.031,S1O
78,PZ,103,2.543,S1O
78,PZ,104,1.078,S1O
78,PZ,105,-0.387,S1O
78,PZ,106,-1.851,S1O
78,PZ,107,-1.851,S1O
78,PZ,108,-0.875,S1O
78,PZ,109,0.102,S1O
78,PZ,110,0.590,S1O
78,PZ,111,0.590,S1O
78,PZ,112,-0.387,S1O
78,PZ,113,-1.851,S1O
78,PZ,114,-2.340,S1O
78,PZ,115,-3.805,S1O
78,PZ,116,-3.805,S1O
78,PZ,117,-4.293,S1O
78,PZ,118,-3.805,S1O
78,PZ,119,-3.805,S1O
78,PZ,120,-4.293,S1O
78,PZ,121,-4.293,S1O
78,PZ,122,-3.805,S1O
78,PZ,123,-3.316,S1O
78,PZ,124,-1.851,S1O
78,PZ,125,-0.387,S1O
78,PZ,126,1.078,S1O
78,PZ,127,2.543,S1O
78,PZ,128,3.031,S1O
78,PZ,129,3.520,S1O
78,PZ,130,3.031,S1O
78,PZ,131,2.055,S1O
78,PZ,132,1.567,S1O
78,PZ,133,2.055,S1O
78,PZ,134,3.031,S1O
78,PZ,135,3.520,S1O
78,PZ,136,3.520,S1O
78,PZ,137,2.055,S1O
78,PZ,138,0.102,S1O
78,PZ,139,-1.851,S1O
78,PZ,140,-2.828,S1O
78,PZ,141,-2.340,S1O
78,PZ,142,-0.875,S1O
78,PZ,143,0.102,S1O
78,PZ,144,1.078,S1O
78,PZ,145,0.590,S1O
78,PZ,146,0.590,S1O
78,PZ,147,0.590,S1O
78,PZ,148,0.102,S1O
78,PZ,149,-0.387,S1O
78,PZ,150,-0.875,S1O
78,PZ,151,-1.851,S1O
78,PZ,152,-2.828,S1O
78,PZ,153,-3.805,S1O
78,PZ,154,-3.805,S1O
78,PZ,155,-3.316,S1O
78,PZ,156,-2.340,S1O
78,PZ,157,-0.875,S1O
78,PZ,158,0.590,S1O
78,PZ,159,1.567,S1O
78,PZ,160,2.055,S1O
78,PZ,161,2.055,S1O
78,PZ,162,1.078,S1O
78,PZ,163,0.590,S1O
78,PZ,164,0.102,S1O
78,PZ,165,0.102,S1O
78,PZ,166,0.590,S1O
78,PZ,167,1.078,S1O
78,PZ,168,1.567,S1O
78,PZ,169,2.055,S1O
78,PZ,170,2.543,S1O
78,PZ,171,3.031,S1O
78,PZ,172,3.520,S1O
78,PZ,173,3.031,S1O
78,PZ,174,1.567,S1O
78,PZ,175,-0.387,S1O
78,PZ,176,-2.340,S1O
78,PZ,177,-3.805,S1O
78,PZ,178,-4.293,S1O
78,PZ,179,-4.293,S1O
78,PZ,180,-3.805,S1O
78,PZ,181,-2.828,S1O
78,PZ,182,-1.363,S1O
78,PZ,183,1.078,S1O
78,PZ,184,3.031,S1O
78,PZ,185,5.473,S1O
78,PZ,186,6.449,S1O
78,PZ,187,5.961,S1O
78,PZ,188,4.496,S1O
78,PZ,189,2.543,S1O
78,PZ,190,1.078,S1O
78,PZ,191,-0.387,S1O
78,PZ,192,-0.875,S1O
78,PZ,193,-0.875,S1O
78,PZ,194,-0.875,S1O
78,PZ,195,-0.387,S1O
78,PZ,196,0.102,S1O
78,PZ,197,0.102,S1O
78,PZ,198,-0.387,S1O
78,PZ,199,-1.363,S1O
78,PZ,200,-2.340,S1O
78,PZ,201,-2.828,S1O
78,PZ,202,-2.828,S1O
78,PZ,203,-1.363,S1O
78,PZ,204,0.590,S1O
78,PZ,205,3.031,S1O
78,PZ,206,3.520,S1O
78,PZ,207,3.031,S1O
78,PZ,208,1.567,S1O
78,PZ,209,0.102,S1O
78,PZ,210,-1.363,S1O
78,PZ,211,-1.851,S1O
78,PZ,212,-1.851,S1O
78,PZ,213,-1.363,S1O
78,PZ,214,-1.363,S1O
78,PZ,215,-0.875,S1O
78,PZ,216,-0.875,S1O
78,PZ,217,-0.875,S1O
78,PZ,218,-0.387,S1O
78,PZ,219,0.102,S1O
78,PZ,220,0.102,S1O
78,PZ,221,0.102,S1O
78,PZ,222,0.102,S1O
78,PZ,223,0.102,S1O
78,PZ,224,0.102,S1O
78,PZ,225,1.567,S1O
78,PZ,226,2.543,S1O
78,PZ,227,4.008,S1O
78,PZ,228,4.985,S1O
78,PZ,229,4.496,S1O
78,PZ,230,3.520,S1O
78,PZ,231,1.567,S1O
78,PZ,232,0.590,S1O
78,PZ,233,0.102,S1O
78,PZ,234,1.567,S1O
78,PZ,235,3.031,S1O
78,PZ,236,4.496,S1O
78,PZ,237,4.985,S1O
78,PZ,238,4.496,S1O
78,PZ,239,3.520,S1O
78,PZ,240,2.055,S1O
78,PZ,241,1.078,S1O
78,PZ,242,1.078,S1O
78,PZ,243,1.567,S1O
78,PZ,244,2.055,S1O
78,PZ,245,3.520,S1O
78,PZ,246,4.008,S1O
78,PZ,247,4.008,S1O
78,PZ,248,2.055,S1O
78,PZ,249,-0.875,S1O
78,PZ,250,-3.805,S1O
78,PZ,251,-5.758,S1O
78,PZ,252,-4.781,S1O
78,PZ,253,-2.340,S1O
78,PZ,254,1.078,S1O
78,PZ,255,2.543,S1O
78,P8,0,1.923,S1O
78,P8,1,-0.031,S1O
78,P8,2,-0.519,S1O
78,P8,3,-0.519,S1O
78,P8,4,-0.031,S1O
78,P8,5,-0.519,S1O
78,P8,6,-1.984,S1O
78,P8,7,-3.937,S1O
78,P8,8,-4.425,S1O
78,P8,9,-2.960,S1O
78,P8,10,-1.007,S1O
78,P8,11,0.458,S1O
78,P8,12,-0.031,S1O
78,P8,13,-1.007,S1O
78,P8,14,-2.472,S1O
78,P8,15,-2.960,S1O
78,P8,16,-2.960,S1O
78,P8,17,-2.960,S1O
78,P8,18,-3.937,S1O
78,P8,19,-6.866,S1O
78,P8,20,-8.820,S1O
78,P8,21,-10.284,S1O
78,P8,22,-9.796,S1O
78,P8,23,-7.355,S1O
78,P8,24,-4.425,S1O
78,P8,25,-1.495,S1O
78,P8,26,0.458,S1O
78,P8,27,1.923,S1O
78,P8,28,2.899,S1O
78,P8,29,1.923,S1O
78,P8,30,-0.519,S1O
78,P8,31,-3.448,S1O
78,P8,32,-4.425,S1O
78,P8,33,-2.960,S1O
78,P8,34,-0.519,S1O
78,P8,35,2.411,S1O
78,P8,36,3.387,S1O
78,P8,37,1.923,S1O
78,P8,38,-1.007,S1O
78,P8,39,-3.448,S1O
78,P8,40,-2.960,S1O
78,P8,41,-1.495,S1O
78,P8,42,-0.519,S1O
78,P8,43,-0.519,S1O
78,P8,44,-2.472,S1O
78,P8,45,-4.913,S1O
78,P8,46,-5.890,S1O
78,P8,47,-5.402,S1O
78,P8,48,-2.960,S1O
78,P8,49,-1.007,S1O
78,P8,50,-1.007,S1O
78,P8,51,-2.472,S1O
78,P8,52,-4.913,S1O
78,P8,53,-6.866,S1O
78,P8,54,-7.355,S1O
78,P8,55,-6.378,S1O
78,P8,56,-4.425,S1O
78,P8,57,-2.472,S1O
78,P8,58,-1.495,S1O
78,P8,59,-1.007,S1O
78,P8,60,-1.007,S1O
78,P8,61,-0.031,S1O
78,P8,62,0.946,S1O
78,P8,63,1.923,S1O
78,P8,64,2.411,S1O
78,P8,65,2.411,S1O
78,P8,66,1.923,S1O
78,P8,67,2.899,S1O
78,P8,68,3.387,S1O
78,P8,69,4.364,S1O
78,P8,70,4.364,S1O
78,P8,71,3.876,S1O
78,P8,72,3.876,S1O
78,P8,73,4.852,S1O
78,P8,74,6.317,S1O
78,P8,75,7.294,S1O
78,P8,76,6.805,S1O
78,P8,77,4.852,S1O
78,P8,78,1.434,S1O
78,P8,79,-0.519,S1O
78,P8,80,-1.495,S1O
78,P8,81,-1.495,S1O
78,P8,82,-0.519,S1O
78,P8,83,-0.031,S1O
78,P8,84,-0.031,S1O
78,P8,85,0.946,S1O
78,P8,86,2.411,S1O
78,P8,87,3.876,S1O
78,P8,88,4.852,S1O
78,P8,89,4.852,S1O
78,P8,90,3.876,S1O
78,P8,91,3.387,S1O
78,P8,92,4.852,S1O
78,P8,93,6.805,S1O
78,P8,94,9.735,S1O
78,P8,95,11.688,S1O
78,P8,96,13.153,S1O
78,P8,97,13.641,S1O
78,P8,98,14.618,S1O
78,P8,99,16.571,S1O
78,P8,100,18.524,S1O
78,P8,101,19.989,S1O
78,P8,102,20.966,S1O
78,P8,103,19.989,S1O
78,P8,104,18.036,S1O
78,P8,105,15.106,S1O
78,P8,106,12.177,S1O
78,P8,107,9.735,S1O
78,P8,108,8.270,S1O
78,P8,109,7.294,S1O
78,P8,110,7.782,S1O
78,P8,111,7.782,S1O
78,P8,112,7.782,S1O
78,P8,113,6.805,S1O
78,P8,114,6.317,S1O
78,P8,115,5.829,S1O
78,P8,116,5.829,S1O
78,P8,117,6.317,S1O
78,P8,118,6.317,S1O
78,P8,119,6.317,S1O
78,P8,120,5.341,S1O
78,P8,121,4.852,S1O
78,P8,122,4.852,S1O
78,P8,123,4.852,S1O
78,P8,124,5.341,S1O
78,P8,125,5.829,S1O
78,P8,126,6.317,S1O
78,P8,127,7.294,S1O
78,P8,128,8.759,S1O
78,P8,129,9.735,S1O
78,P8,130,10.223,S1O
78,P8,131,8.759,S1O
78,P8,132,6.805,S1O
78,P8,133,5.341,S1O
78,P8,134,5.341,S1O
78,P8,135,5.829,S1O
78,P8,136,6.317,S1O
78,P8,137,4.364,S1O
78,P8,138,0.946,S1O
78,P8,139,-2.960,S1O
78,P8,140,-4.425,S1O
78,P8,141,-2.472,S1O
78,P8,142,1.923,S1O
78,P8,143,6.317,S1O
78,P8,144,9.735,S1O
78,P8,145,9.735,S1O
78,P8,146,8.270,S1O
78,P8,147,6.317,S1O
78,P8,148,5.829,S1O
78,P8,149,5.341,S1O
78,P8,150,5.341,S1O
78,P8,151,4.364,S1O
78,P8,152,2.411,S1O
78,P8,153,0.458,S1O
78,P8,154,-1.007,S1O
78,P8,155,-0.031,S1O
78,P8,156,2.411,S1O
78,P8,157,4.852,S1O
78,P8,158,5.829,S1O
78,P8,159,5.829,S1O
78,P8,160,4.364,S1O
78,P8,161,2.899,S1O
78,P8,162,1.434,S1O
78,P8,163,0.458,S1O
78,P8,164,-0.031,S1O
78,P8,165,-0.519,S1O
78,P8,166,-0.519,S1O
78,P8,167,0.458,S1O
78,P8,168,2.411,S1O
78,P8,169,4.852,S1O
78,P8,170,7.294,S1O
78,P8,171,8.759,S1O
78,P8,172,8.270,S1O
78,P8,173,6.805,S1O
78,P8,174,5.341,S1O
78,P8,175,3.387,S1O
78,P8,176,1.923,S1O
78,P8,177,1.434,S1O
78,P8,178,1.434,S1O
78,P8,179,1.923,S1O
78,P8,180,2.411,S1O
78,P8,181,2.899,S1O
78,P8,182,2.899,S1O
78,P8,183,2.899,S1O
78,P8,184,3.387,S1O
78,P8,185,5.341,S1O
78,P8,186,8.270,S1O
78,P8,187,11.200,S1O
78,P8,188,11.688,S1O
78,P8,189,10.223,S1O
78,P8,190,6.317,S1O
78,P8,191,2.899,S1O
78,P8,192,1.434,S1O
78,P8,193,1.434,S1O
78,P8,194,2.411,S1O
78,P8,195,2.411,S1O
78,P8,196,1.434,S1O
78,P8,197,-0.519,S1O
78,P8,198,-1.495,S1O
78,P8,199,-1.495,S1O
78,P8,200,0.458,S1O
78,P8,201,2.899,S1O
78,P8,202,5.341,S1O
78,P8,203,7.782,S1O
78,P8,204,10.223,S1O
78,P8,205,12.665,S1O
78,P8,206,14.130,S1O
78,P8,207,14.130,S1O
78,P8,208,12.665,S1O
78,P8,209,10.223,S1O
78,P8,210,8.270,S1O
78,P8,211,7.294,S1O
78,P8,212,6.805,S1O
78,P8,213,6.317,S1O
78,P8,214,5.341,S1O
78,P8,215,3.876,S1O
78,P8,216,2.411,S1O
78,P8,217,-0.031,S1O
78,P8,218,-1.495,S1O
78,P8,219,-3.937,S1O
78,P8,220,-5.890,S1O
78,P8,221,-7.355,S1O
78,P8,222,-7.843,S1O
78,P8,223,-6.866,S1O
78,P8,224,-4.425,S1O
78,P8,225,-1.495,S1O
78,P8,226,1.923,S1O
78,P8,227,5.341,S1O
78,P8,228,7.782,S1O
78,P8,229,9.247,S1O
78,P8,230,8.759,S1O
78,P8,231,6.317,S1O
78,P8,232,3.876,S1O
78,P8,233,2.899,S1O
78,P8,234,4.364,S1O
78,P8,235,6.805,S1O
78,P8,236,9.735,S1O
78,P8,237,10.712,S1O
78,P8,238,9.735,S1O
78,P8,239,6.805,S1O
78,P8,240,3.876,S1O
78,P8,241,1.923,S1O
78,P8,242,1.923,S1O
78,P8,243,3.876,S1O
78,P8,244,5.829,S1O
78,P8,245,8.759,S1O
78,P8,246,10.712,S1O
78,P8,247,11.200,S1O
78,P8,248,10.223,S1O
78,P8,249,6.805,S1O
78,P8,250,3.387,S1O
78,P8,251,0.946,S1O
78,P8,252,-0.031,S1O
78,P8,253,1.923,S1O
78,P8,254,4.364,S1O
78,P8,255,5.829,S1O
78,P7,0,-0.793,S1O
78,P7,1,-0.305,S1O
78,P7,2,-0.793,S1O
78,P7,3,-0.305,S1O
78,P7,4,0.671,S1O
78,P7,5,1.648,S1O
78,P7,6,2.625,S1O
78,P7,7,3.601,S1O
78,P7,8,4.578,S1O
78,P7,9,5.066,S1O
78,P7,10,5.554,S1O
78,P7,11,6.042,S1O
78,P7,12,5.554,S1O
78,P7,13,4.089,S1O
78,P7,14,3.113,S1O
78,P7,15,2.625,S1O
78,P7,16,3.113,S1O
78,P7,17,4.089,S1O
78,P7,18,3.601,S1O
78,P7,19,2.136,S1O
78,P7,20,-0.305,S1O
78,P7,21,-3.235,S1O
78,P7,22,-5.188,S1O
78,P7,23,-5.676,S1O
78,P7,24,-5.188,S1O
78,P7,25,-4.211,S1O
78,P7,26,-3.235,S1O
78,P7,27,-2.747,S1O
78,P7,28,-2.747,S1O
78,P7,29,-2.747,S1O
78,P7,30,-3.723,S1O
78,P7,31,-4.700,S1O
78,P7,32,-5.676,S1O
78,P7,33,-6.165,S1O
78,P7,34,-5.676,S1O
78,P7,35,-5.188,S1O
78,P7,36,-4.211,S1O
78,P7,37,-4.211,S1O
78,P7,38,-4.700,S1O
78,P7,39,-5.188,S1O
78,P7,40,-5.676,S1O
78,P7,41,-5.676,S1O
78,P7,42,-6.165,S1O
78,P7,43,-7.629,S1O
78,P7,44,-9.583,S1O
78,P7,45,-11.047,S1O
78,P7,46,-11.536,S1O
78,P7,47,-10.071,S1O
78,P7,48,-7.629,S1O
78,P7,49,-6.165,S1O
78,P7,50,-6.165,S1O
78,P7,51,-7.141,S1O
78,P7,52,-9.094,S1O
78,P7,53,-10.071,S1O
78,P7,54,-9.094,S1O
78,P7,55,-7.141,S1O
78,P7,56,-5.188,S1O
78,P7,57,-4.700,S1O
78,P7,58,-5.188,S1O
78,P7,59,-5.676,S1O
78,P7,60,-5.676,S1O
78,P7,61,-4.211,S1O
78,P7,62,-2.258,S1O
78,P7,63,-0.793,S1O
78,P7,64,-0.305,S1O
78,P7,65,-0.793,S1O
78,P7,66,-0.793,S1O
78,P7,67,0.183,S1O
78,P7,68,1.648,S1O
78,P7,69,2.625,S1O
78,P7,70,2.625,S1O
78,P7,71,0.671,S1O
78,P7,72,-0.793,S1O
78,P7,73,-1.770,S1O
78,P7,74,-1.282,S1O
78,P7,75,-0.305,S1O
78,P7,76,-0.305,S1O
78,P7,77,-2.258,S1O
78,P7,78,-4.211,S1O
78,P7,79,-6.165,S1O
78,P7,80,-7.141,S1O
78,P7,81,-7.141,S1O
78,P7,82,-6.653,S1O
78,P7,83,-6.653,S1O
78,P7,84,-7.141,S1O
78,P7,85,-6.653,S1O
78,P7,86,-5.676,S1O
78,P7,87,-3.723,S1O
78,P7,88,-2.258,S1O
78,P7,89,-1.282,S1O
78,P7,90,-1.282,S1O
78,P7,91,-1.282,S1O
78,P7,92,0.183,S1O
78,P7,93,2.625,S1O
78,P7,94,5.554,S1O
78,P7,95,7.507,S1O
78,P7,96,7.507,S1O
78,P7,97,6.042,S1O
78,P7,98,4.578,S1O
78,P7,99,4.578,S1O
78,P7,100,6.531,S1O
78,P7,101,8.484,S1O
78,P7,102,9.460,S1O
78,P7,103,7.996,S1O
78,P7,104,5.066,S1O
78,P7,105,2.136,S1O
78,P7,106,0.183,S1O
78,P7,107,0.671,S1O
78,P7,108,1.648,S1O
78,P7,109,2.625,S1O
78,P7,110,1.648,S1O
78,P7,111,0.183,S1O
78,P7,112,-2.258,S1O
78,P7,113,-4.211,S1O
78,P7,114,-4.700,S1O
78,P7,115,-5.188,S1O
78,P7,116,-4.700,S1O
78,P7,117,-3.235,S1O
78,P7,118,-1.770,S1O
78,P7,119,-0.305,S1O
78,P7,120,0.671,S1O
78,P7,121,1.648,S1O
78,P7,122,2.136,S1O
78,P7,123,2.625,S1O
78,P7,124,2.625,S1O
78,P7,125,3.113,S1O
78,P7,126,3.113,S1O
78,P7,127,3.601,S1O
78,P7,128,4.578,S1O
78,P7,129,4.089,S1O
78,P7,130,2.625,S1O
78,P7,131,0.183,S1O
78,P7,132,-1.770,S1O
78,P7,133,-2.258,S1O
78,P7,134,-1.282,S1O
78,P7,135,0.183,S1O
78,P7,136,0.183,S1O
78,P7,137,-1.770,S1O
78,P7,138,-4.700,S1O
78,P7,139,-6.653,S1O
78,P7,140,-6.165,S1O
78,P7,141,-4.211,S1O
78,P7,142,-1.770,S1O
78,P7,143,0.183,S1O
78,P7,144,0.183,S1O
78,P7,145,0.183,S1O
78,P7,146,0.183,S1O
78,P7,147,1.160,S1O
78,P7,148,2.625,S1O
78,P7,149,3.601,S1O
78,P7,150,2.136,S1O
78,P7,151,-0.793,S1O
78,P7,152,-3.723,S1O
78,P7,153,-6.653,S1O
78,P7,154,-7.629,S1O
78,P7,155,-7.141,S1O
78,P7,156,-6.165,S1O
78,P7,157,-4.700,S1O
78,P7,158,-4.211,S1O
78,P7,159,-4.211,S1O
78,P7,160,-4.700,S1O
78,P7,161,-5.676,S1O
78,P7,162,-5.676,S1O
78,P7,163,-6.165,S1O
78,P7,164,-6.165,S1O
78,P7,165,-6.165,S1O
78,P7,166,-5.188,S1O
78,P7,167,-4.700,S1O
78,P7,168,-3.235,S1O
78,P7,169,-1.282,S1O
78,P7,170,1.160,S1O
78,P7,171,2.136,S1O
78,P7,172,2.625,S1O
78,P7,173,2.136,S1O
78,P7,174,0.671,S1O
78,P7,175,-1.282,S1O
78,P7,176,-2.747,S1O
78,P7,177,-4.211,S1O
78,P7,178,-5.188,S1O
78,P7,179,-5.676,S1O
78,P7,180,-4.211,S1O
78,P7,181,-1.282,S1O
78,P7,182,4.089,S1O
78,P7,183,10.437,S1O
78,P7,184,16.296,S1O
78,P7,185,19.714,S1O
78,P7,186,18.738,S1O
78,P7,187,14.832,S1O
78,P7,188,8.484,S1O
78,P7,189,2.625,S1O
78,P7,190,-1.770,S1O
78,P7,191,-3.235,S1O
78,P7,192,-2.747,S1O
78,P7,193,-1.770,S1O
78,P7,194,-1.770,S1O
78,P7,195,-2.258,S1O
78,P7,196,-3.235,S1O
78,P7,197,-2.747,S1O
78,P7,198,-1.282,S1O
78,P7,199,-0.305,S1O
78,P7,200,0.183,S1O
78,P7,201,-0.305,S1O
78,P7,202,-0.793,S1O
78,P7,203,-0.305,S1O
78,P7,204,2.136,S1O
78,P7,205,5.554,S1O
78,P7,206,8.484,S1O
78,P7,207,9.460,S1O
78,P7,208,8.484,S1O
78,P7,209,5.554,S1O
78,P7,210,3.113,S1O
78,P7,211,2.136,S1O
78,P7,212,2.136,S1O
78,P7,213,3.113,S1O
78,P7,214,2.625,S1O
78,P7,215,1.648,S1O
78,P7,216,-0.305,S1O
78,P7,217,-2.258,S1O
78,P7,218,-3.235,S1O
78,P7,219,-3.723,S1O
78,P7,220,-3.235,S1O
78,P7,221,-2.747,S1O
78,P7,222,-2.747,S1O
78,P7,223,-2.747,S1O
78,P7,224,-3.235,S1O
78,P7,225,-3.235,S1O
78,P7,226,-2.258,S1O
78,P7,227,-0.305,S1O
78,P7,228,1.648,S1O
78,P7,229,3.601,S1O
78,P7,230,4.089,S1O
78,P7,231,3.113,S1O
78,P7,232,2.136,S1O
78,P7,233,1.648,S1O
78,P7,234,3.113,S1O
78,P7,235,6.531,S1O
78,P7,236,9.949,S1O
78,P7,237,12.390,S1O
78,P7,238,11.902,S1O
78,P7,239,9.949,S1O
78,P7,240,7.996,S1O
78,P7,241,6.531,S1O
78,P7,242,6.531,S1O
78,P7,243,7.507,S1O
78,P7,244,8.484,S1O
78,P7,245,8.972,S1O
78,P7,246,7.996,S1O
78,P7,247,7.019,S1O
78,P7,248,4.578,S1O
78,P7,249,1.648,S1O
78,P7,250,-2.258,S1O
78,P7,251,-5.188,S1O
78,P7,252,-7.141,S1O
78,P7,253,-7.141,S1O
78,P7,254,-5.676,S1O
78,P7,255,-4.211,S1O
78,PO2,0,1.882,S1O
78,PO2,1,1.394,S1O
78,PO2,2,0.905,S1O
78,PO2,3,0.905,S1O
78,PO2,4,0.905,S1O
78,PO2,5,1.394,S1O
78,PO2,6,1.882,S1O
78,PO2,7,2.370,S1O
78,PO2,8,3.347,S1O
78,PO2,9,4.323,S1O
78,PO2,10,5.788,S1O
78,PO2,11,6.276,S1O
78,PO2,12,5.300,S1O
78,PO2,13,3.835,S1O
78,PO2,14,2.370,S1O
78,PO2,15,1.882,S1O
78,PO2,16,2.370,S1O
78,PO2,17,2.858,S1O
78,PO2,18,2.858,S1O
78,PO2,19,1.882,S1O
78,PO2,20,-0.559,S1O
78,PO2,21,-3.001,S1O
78,PO2,22,-4.466,S1O
78,PO2,23,-5.442,S1O
78,PO2,24,-4.954,S1O
78,PO2,25,-3.001,S1O
78,PO2,26,-1.536,S1O
78,PO2,27,-0.071,S1O
78,PO2,28,-0.071,S1O
78,PO2,29,-1.536,S1O
78,PO2,30,-3.489,S1O
78,PO2,31,-5.931,S1O
78,PO2,32,-6.907,S1O
78,PO2,33,-6.419,S1O
78,PO2,34,-5.442,S1O
78,PO2,35,-4.466,S1O
78,PO2,36,-4.466,S1O
78,PO2,37,-5.931,S1O
78,PO2,38,-7.395,S1O
78,PO2,39,-7.884,S1O
78,PO2,40,-7.395,S1O
78,PO2,41,-5.931,S1O
78,PO2,42,-5.442,S1O
78,PO2,43,-5.931,S1O
78,PO2,44,-7.395,S1O
78,PO2,45,-8.372,S1O
78,PO2,46,-8.372,S1O
78,PO2,47,-7.884,S1O
78,PO2,48,-6.419,S1O
78,PO2,49,-4.466,S1O
78,PO2,50,-3.489,S1O
78,PO2,51,-3.489,S1O
78,PO2,52,-4.954,S1O
78,PO2,53,-6.907,S1O
78,PO2,54,-7.395,S1O
78,PO2,55,-6.907,S1O
78,PO2,56,-4.954,S1O
78,PO2,57,-3.001,S1O
78,PO2,58,-2.513,S1O
78,PO2,59,-2.513,S1O
78,PO2,60,-3.001,S1O
78,PO2,61,-2.513,S1O
78,PO2,62,-1.048,S1O
78,PO2,63,0.905,S1O
78,PO2,64,2.370,S1O
78,PO2,65,2.370,S1O
78,PO2,66,2.370,S1O
78,PO2,67,2.858,S1O
78,PO2,68,3.835,S1O
78,PO2,69,5.300,S1O
78,PO2,70,6.276,S1O
78,PO2,71,5.788,S1O
78,PO2,72,5.300,S1O
78,PO2,73,4.323,S1O
78,PO2,74,4.323,S1O
78,PO2,75,4.812,S1O
78,PO2,76,4.812,S1O
78,PO2,77,3.835,S1O
78,PO2,78,1.394,S1O
78,PO2,79,-0.559,S1O
78,PO2,80,-2.024,S1O
78,PO2,81,-2.024,S1O
78,PO2,82,-1.536,S1O
78,PO2,83,-1.048,S1O
78,PO2,84,-0.559,S1O
78,PO2,85,-0.071,S1O
78,PO2,86,0.417,S1O
78,PO2,87,0.417,S1O
78,PO2,88,0.417,S1O
78,PO2,89,-0.071,S1O
78,PO2,90,-0.071,S1O
78,PO2,91,0.417,S1O
78,PO2,92,1.882,S1O
78,PO2,93,4.323,S1O
78,PO2,94,6.276,S1O
78,PO2,95,7.741,S1O
78,PO2,96,7.741,S1O
78,PO2,97,7.253,S1O
78,PO2,98,6.765,S1O
78,PO2,99,7.253,S1O
78,PO2,100,8.718,S1O
78,PO2,101,11.159,S1O
78,PO2,102,12.136,S1O
78,PO2,103,12.136,S1O
78,PO2,104,9.694,S1O
78,PO2,105,6.765,S1O
78,PO2,106,4.323,S1O
78,PO2,107,3.347,S1O
78,PO2,108,3.835,S1O
78,PO2,109,4.812,S1O
78,PO2,110,5.300,S1O
78,PO2,111,4.812,S1O
78,PO2,112,4.323,S1O
78,PO2,113,2.858,S1O
78,PO2,114,1.882,S1O
78,PO2,115,1.394,S1O
78,PO2,116,1.394,S1O
78,PO2,117,1.394,S1O
78,PO2,118,1.882,S1O
78,PO2,119,1.882,S1O
78,PO2,120,1.882,S1O
78,PO2,121,1.882,S1O
78,PO2,122,2.858,S1O
78,PO2,123,3.835,S1O
78,PO2,124,5.300,S1O
78,PO2,125,6.276,S1O
78,PO2,126,7.253,S1O
78,PO2,127,8.230,S1O
78,PO2,128,9.206,S1O
78,PO2,129,8.718,S1O
78,PO2,130,7.741,S1O
78,PO2,131,6.276,S1O
78,PO2,132,5.300,S1O
78,PO2,133,4.812,S1O
78,PO2,134,5.300,S1O
78,PO2,135,5.788,S1O
78,PO2,136,5.300,S1O
78,PO2,137,2.858,S1O
78,PO2,138,-0.071,S1O
78,PO2,139,-2.513,S1O
78,PO2,140,-3.001,S1O
78,PO2,141,-1.048,S1O
78,PO2,142,1.394,S1O
78,PO2,143,3.347,S1O
78,PO2,144,4.323,S1O
78,PO2,145,4.323,S1O
78,PO2,146,4.323,S1O
78,PO2,147,3.835,S1O
78,PO2,148,4.323,S1O
78,PO2,149,3.835,S1O
78,PO2,150,2.858,S1O
78,PO2,151,1.394,S1O
78,PO2,152,-0.071,S1O
78,PO2,153,-1.048,S1O
78,PO2,154,-1.048,S1O
78,PO2,155,-0.559,S1O
78,PO2,156,0.417,S1O
78,PO2,157,1.394,S1O
78,PO2,158,1.882,S1O
78,PO2,159,2.370,S1O
78,PO2,160,2.370,S1O
78,PO2,161,1.882,S1O
78,PO2,162,0.905,S1O
78,PO2,163,0.417,S1O
78,PO2,164,-0.071,S1O
78,PO2,165,-0.071,S1O
78,PO2,166,0.417,S1O
78,PO2,167,1.394,S1O
78,PO2,168,2.858,S1O
78,PO2,169,3.835,S1O
78,PO2,170,5.300,S1O
78,PO2,171,5.788,S1O
78,PO2,172,6.276,S1O
78,PO2,173,5.300,S1O
78,PO2,174,3.347,S1O
78,PO2,175,0.905,S1O
78,PO2,176,-1.536,S1O
78,PO2,177,-3.001,S1O
78,PO2,178,-3.489,S1O
78,PO2,179,-3.001,S1O
78,PO2,180,-1.536,S1O
78,PO2,181,-0.071,S1O
78,PO2,182,2.370,S1O
78,PO2,183,5.300,S1O
78,PO2,184,8.718,S1O
78,PO2,185,11.159,S1O
78,PO2,186,12.624,S1O
78,PO2,187,12.136,S1O
78,PO2,188,10.183,S1O
78,PO2,189,7.253,S1O
78,PO2,190,4.323,S1O
78,PO2,191,2.370,S1O
78,PO2,192,1.394,S1O
78,PO2,193,0.905,S1O
78,PO2,194,0.905,S1O
78,PO2,195,0.905,S1O
78,PO2,196,0.417,S1O
78,PO2,197,-0.559,S1O
78,PO2,198,-1.536,S1O
78,PO2,199,-2.513,S1O
78,PO2,200,-3.977,S1O
78,PO2,201,-3.977,S1O
78,PO2,202,-2.513,S1O
78,PO2,203,-0.071,S1O
78,PO2,204,2.370,S1O
78,PO2,205,5.300,S1O
78,PO2,206,6.276,S1O
78,PO2,207,6.276,S1O
78,PO2,208,5.300,S1O
78,PO2,209,3.835,S1O
78,PO2,210,2.858,S1O
78,PO2,211,1.882,S1O
78,PO2,212,1.394,S1O
78,PO2,213,1.882,S1O
78,PO2,214,1.882,S1O
78,PO2,215,1.394,S1O
78,PO2,216,0.905,S1O
78,PO2,217,-0.071,S1O
78,PO2,218,-1.048,S1O
78,PO2,219,-2.024,S1O
78,PO2,220,-2.513,S1O
78,PO2,221,-2.513,S1O
78,PO2,222,-2.513,S1O
78,PO2,223,-1.536,S1O
78,PO2,224,-0.559,S1O
78,PO2,225,0.905,S1O
78,PO2,226,2.858,S1O
78,PO2,227,5.300,S1O
78,PO2,228,6.276,S1O
78,PO2,229,6.276,S1O
78,PO2,230,5.300,S1O
78,PO2,231,3.347,S1O
78,PO2,232,1.394,S1O
78,PO2,233,1.882,S1O
78,PO2,234,3.835,S1O
78,PO2,235,7.253,S1O
78,PO2,236,9.694,S1O
78,PO2,237,10.183,S1O
78,PO2,238,8.718,S1O
78,PO2,239,5.788,S1O
78,PO2,240,3.835,S1O
78,PO2,241,2.858,S1O
78,PO2,242,3.347,S1O
78,PO2,243,4.323,S1O
78,PO2,244,5.788,S1O
78,PO2,245,7.741,S1O
78,PO2,246,8.230,S1O
78,PO2,247,8.230,S1O
78,PO2,248,6.276,S1O
78,PO2,249,2.370,S1O
78,PO2,250,-1.536,S1O
78,PO2,251,-3.489,S1O
78,PO2,252,-2.513,S1O
78,PO2,253,1.394,S1O
78,PO2,254,5.300,S1O
78,PO2,255,6.765,S1O
78,PO1,0,2.319,S1O
78,PO1,1,1.343,S1O
78,PO1,2,0.366,S1O
78,PO1,3,0.366,S1O
78,PO1,4,0.854,S1O
78,PO1,5,1.831,S1O
78,PO1,6,3.296,S1O
78,PO1,7,4.272,S1O
78,PO1,8,5.737,S1O
78,PO1,9,7.202,S1O
78,PO1,10,7.690,S1O
78,PO1,11,7.690,S1O
78,PO1,12,6.714,S1O
78,PO1,13,5.249,S1O
78,PO1,14,3.784,S1O
78,PO1,15,3.296,S1O
78,PO1,16,3.784,S1O
78,PO1,17,3.784,S1O
78,PO1,18,3.296,S1O
78,PO1,19,1.343,S1O
78,PO1,20,-1.099,S1O
78,PO1,21,-4.028,S1O
78,PO1,22,-5.981,S1O
78,PO1,23,-6.470,S1O
78,PO1,24,-6.470,S1O
78,PO1,25,-5.005,S1O
78,PO1,26,-4.028,S1O
78,PO1,27,-3.540,S1O
78,PO1,28,-4.028,S1O
78,PO1,29,-5.493,S1O
78,PO1,30,-7.935,S1O
78,PO1,31,-10.376,S1O
78,PO1,32,-10.864,S1O
78,PO1,33,-10.864,S1O
78,PO1,34,-9.399,S1O
78,PO1,35,-8.911,S1O
78,PO1,36,-8.911,S1O
78,PO1,37,-9.399,S1O
78,PO1,38,-10.376,S1O
78,PO1,39,-10.376,S1O
78,PO1,40,-10.376,S1O
78,PO1,41,-9.888,S1O
78,PO1,42,-9.399,S1O
78,PO1,43,-9.888,S1O
78,PO1,44,-10.864,S1O
78,PO1,45,-11.353,S1O
78,PO1,46,-10.864,S1O
78,PO1,47,-9.888,S1O
78,PO1,48,-8.423,S1O
78,PO1,49,-6.958,S1O
78,PO1,50,-6.470,S1O
78,PO1,51,-6.470,S1O
78,PO1,52,-7.446,S1O
78,PO1,53,-8.423,S1O
78,PO1,54,-8.911,S1O
78,PO1,55,-7.935,S1O
78,PO1,56,-5.981,S1O
78,PO1,57,-5.005,S1O
78,PO1,58,-4.517,S1O
78,PO1,59,-5.005,S1O
78,PO1,60,-5.493,S1O
78,PO1,61,-5.005,S1O
78,PO1,62,-3.540,S1O
78,PO1,63,-2.075,S1O
78,PO1,64,-1.587,S1O
78,PO1,65,-1.587,S1O
78,PO1,66,-1.587,S1O
78,PO1,67,-1.099,S1O
78,PO1,68,-0.122,S1O
78,PO1,69,1.343,S1O
78,PO1,70,1.343,S1O
78,PO1,71,0.854,S1O
78,PO1,72,0.366,S1O
78,PO1,73,0.366,S1O
78,PO1,74,0.854,S1O
78,PO1,75,1.831,S1O
78,PO1,76,1.343,S1O
78,PO1,77,-0.122,S1O
78,PO1,78,-2.075,S1O
78,PO1,79,-4.028,S1O
78,PO1,80,-4.517,S1O
78,PO1,81,-4.517,S1O
78,PO1,82,-4.028,S1O
78,PO1,83,-3.540,S1O
78,PO1,84,-3.540,S1O
78,PO1,85,-3.540,S1O
78,PO1,86,-3.052,S1O
78,PO1,87,-2.563,S1O
78,PO1,88,-1.587,S1O
78,PO1,89,-1.587,S1O
78,PO1,90,-2.075,S1O
78,PO1,91,-1.587,S1O
78,PO1,92,-0.122,S1O
78,PO1,93,1.831,S1O
78,PO1,94,4.272,S1O
78,PO1,95,5.249,S1O
78,PO1,96,5.249,S1O
78,PO1,97,4.272,S1O
78,PO1,98,3.296,S1O
78,PO1,99,3.296,S1O
78,PO1,100,4.272,S1O
78,PO1,101,6.226,S1O
78,PO1,102,6.714,S1O
78,PO1,103,5.737,S1O
78,PO1,104,3.296,S1O
78,PO1,105,0.854,S1O
78,PO1,106,-0.610,S1O
78,PO1,107,-0.610,S1O
78,PO1,108,0.854,S1O
78,PO1,109,2.319,S1O
78,PO1,110,2.319,S1O
78,PO1,111,1.343,S1O
78,PO1,112,-0.122,S1O
78,PO1,113,-1.587,S1O
78,PO1,114,-3.052,S1O
78,PO1,115,-3.540,S1O
78,PO1,116,-3.540,S1O
78,PO1,117,-3.052,S1O
78,PO1,118,-2.563,S1O
78,PO1,119,-2.563,S1O
78,PO1,120,-2.075,S1O
78,PO1,121,-1.587,S1O
78,PO1,122,-0.610,S1O
78,PO1,123,0.854,S1O
78,PO1,124,2.808,S1O
78,PO1,125,3.784,S1O
78,PO1,126,5.249,S1O
78,PO1,127,6.226,S1O
78,PO1,128,6.226,S1O
78,PO1,129,6.226,S1O
78,PO1,130,4.761,S1O
78,PO1,131,3.296,S1O
78,PO1,132,1.831,S1O
78,PO1,133,2.319,S1O
78,PO1,134,3.784,S1O
78,PO1,135,4.761,S1O
78,PO1,136,4.272,S1O
78,PO1,137,1.343,S1O
78,PO1,138,-2.075,S1O
78,PO1,139,-4.517,S1O
78,PO1,140,-5.493,S1O
78,PO1,141,-4.028,S1O
78,PO1,142,-2.563,S1O
78,PO1,143,-1.099,S1O
78,PO1,144,-0.122,S1O
78,PO1,145,0.854,S1O
78,PO1,146,1.343,S1O
78,PO1,147,1.831,S1O
78,PO1,148,1.831,S1O
78,PO1,149,1.343,S1O
78,PO1,150,0.366,S1O
78,PO1,151,-1.099,S1O
78,PO1,152,-2.563,S1O
78,PO1,153,-3.540,S1O
78,PO1,154,-4.028,S1O
78,PO1,155,-4.028,S1O
78,PO1,156,-3.540,S1O
78,PO1,157,-1.587,S1O
78,PO1,158,-0.122,S1O
78,PO1,159,0.854,S1O
78,PO1,160,1.343,S1O
78,PO1,161,0.366,S1O
78,PO1,162,-0.610,S1O
78,PO1,163,-1.587,S1O
78,PO1,164,-2.075,S1O
78,PO1,165,-1.587,S1O
78,PO1,166,-1.587,S1O
78,PO1,167,-1.099,S1O
78,PO1,168,-0.122,S1O
78,PO1,169,0.854,S1O
78,PO1,170,1.831,S1O
78,PO1,171,3.296,S1O
78,PO1,172,3.784,S1O
78,PO1,173,3.296,S1O
78,PO1,174,1.343,S1O
78,PO1,175,-1.099,S1O
78,PO1,176,-3.540,S1O
78,PO1,177,-4.517,S1O
78,PO1,178,-5.493,S1O
78,PO1,179,-5.493,S1O
78,PO1,180,-5.493,S1O
78,PO1,181,-3.540,S1O
78,PO1,182,-0.122,S1O
78,PO1,183,4.761,S1O
78,PO1,184,9.644,S1O
78,PO1,185,12.085,S1O
78,PO1,186,12.573,S1O
78,PO1,187,10.132,S1O
78,PO1,188,6.226,S1O
78,PO1,189,2.808,S1O
78,PO1,190,0.366,S1O
78,PO1,191,-0.610,S1O
78,PO1,192,-0.610,S1O
78,PO1,193,-1.099,S1O
78,PO1,194,-1.587,S1O
78,PO1,195,-1.587,S1O
78,PO1,196,-1.587,S1O
78,PO1,197,-1.587,S1O
78,PO1,198,-1.587,S1O
78,PO1,199,-2.563,S1O
78,PO1,200,-3.540,S1O
78,PO1,201,-4.028,S1O
78,PO1,202,-3.540,S1O
78,PO1,203,-1.099,S1O
78,PO1,204,1.831,S1O
78,PO1,205,4.272,S1O
78,PO1,206,5.737,S1O
78,PO1,207,5.249,S1O
78,PO1,208,3.784,S1O
78,PO1,209,1.831,S1O
78,PO1,210,0.366,S1O
78,PO1,211,0.366,S1O
78,PO1,212,0.366,S1O
78,PO1,213,0.854,S1O
78,PO1,214,0.854,S1O
78,PO1,215,0.366,S1O
78,PO1,216,-0.610,S1O
78,PO1,217,-1.587,S1O
78,PO1,218,-1.587,S1O
78,PO1,219,-1.099,S1O
78,PO1,220,-0.610,S1O
78,PO1,221,-0.122,S1O
78,PO1,222,-0.122,S1O
78,PO1,223,-0.122,S1O
78,PO1,224,0.366,S1O
78,PO1,225,1.343,S1O
78,PO1,226,2.808,S1O
78,PO1,227,4.272,S1O
78,PO1,228,5.249,S1O
78,PO1,229,5.249,S1O
78,PO1,230,4.272,S1O
78,PO1,231,2.319,S1O
78,PO1,232,1.343,S1O
78,PO1,233,1.343,S1O
78,PO1,234,3.296,S1O
78,PO1,235,5.737,S1O
78,PO1,236,8.179,S1O
78,PO1,237,9.155,S1O
78,PO1,238,8.667,S1O
78,PO1,239,7.202,S1O
78,PO1,240,5.737,S1O
78,PO1,241,4.761,S1O
78,PO1,242,5.249,S1O
78,PO1,243,5.249,S1O
78,PO1,244,5.737,S1O
78,PO1,245,6.226,S1O
78,PO1,246,6.714,S1O
78,PO1,247,6.226,S1O
78,PO1,248,4.761,S1O
78,PO1,249,1.343,S1O
78,PO1,250,-2.563,S1O
78,PO1,251,-4.517,S1O
78,PO1,252,-4.028,S1O
78,PO1,253,-1.099,S1O
78,PO1,254,2.319,S1O
78,PO1,255,3.296,S1O
78,O2,0,0.326,S1O
78,O2,1,-0.163,S1O
78,O2,2,-0.163,S1O
78,O2,3,-0.163,S1O
78,O2,4,0.326,S1O
78,O2,5,0.814,S1O
78,O2,6,1.302,S1O
78,O2,7,1.302,S1O
78,O2,8,1.302,S1O
78,O2,9,2.279,S1O
78,O2,10,3.743,S1O
78,O2,11,4.232,S1O
78,O2,12,3.743,S1O
78,O2,13,2.279,S1O
78,O2,14,0.814,S1O
78,O2,15,0.326,S1O
78,O2,16,0.326,S1O
78,O2,17,0.814,S1O
78,O2,18,0.814,S1O
78,O2,19,-0.651,S1O
78,O2,20,-2.604,S1O
78,O2,21,-5.046,S1O
78,O2,22,-7.487,S1O
78,O2,23,-8.464,S1O
78,O2,24,-7.487,S1O
78,O2,25,-6.022,S1O
78,O2,26,-3.581,S1O
78,O2,27,-2.116,S1O
78,O2,28,-1.628,S1O
78,O2,29,-3.581,S1O
78,O2,30,-6.022,S1O
78,O2,31,-7.975,S1O
78,O2,32,-8.464,S1O
78,O2,33,-6.999,S1O
78,O2,34,-5.534,S1O
78,O2,35,-4.557,S1O
78,O2,36,-5.534,S1O
78,O2,37,-7.487,S1O
78,O2,38,-8.952,S1O
78,O2,39,-8.952,S1O
78,O2,40,-7.975,S1O
78,O2,41,-6.999,S1O
78,O2,42,-6.999,S1O
78,O2,43,-7.975,S1O
78,O2,44,-9.928,S1O
78,O2,45,-11.393,S1O
78,O2,46,-11.882,S1O
78,O2,47,-10.905,S1O
78,O2,48,-9.440,S1O
78,O2,49,-8.464,S1O
78,O2,50,-8.464,S1O
78,O2,51,-8.952,S1O
78,O2,52,-10.417,S1O
78,O2,53,-11.882,S1O
78,O2,54,-11.882,S1O
78,O2,55,-10.905,S1O
78,O2,56,-8.952,S1O
78,O2,57,-7.487,S1O
78,O2,58,-6.999,S1O
78,O2,59,-7.487,S1O
78,O2,60,-7.487,S1O
78,O2,61,-6.510,S1O
78,O2,62,-4.557,S1O
78,O2,63,-2.604,S1O
78,O2,64,-1.628,S1O
78,O2,65,-1.139,S1O
78,O2,66,-1.139,S1O
78,O2,67,-0.651,S1O
78,O2,68,0.814,S1O
78,O2,69,2.279,S1O
78,O2,70,2.767,S1O
78,O2,71,2.279,S1O
78,O2,72,0.814,S1O
78,O2,73,0.326,S1O
78,O2,74,-0.163,S1O
78,O2,75,-0.163,S1O
78,O2,76,-0.651,S1O
78,O2,77,-2.116,S1O
78,O2,78,-3.581,S1O
78,O2,79,-5.534,S1O
78,O2,80,-6.510,S1O
78,O2,81,-6.510,S1O
78,O2,82,-6.022,S1O
78,O2,83,-5.534,S1O
78,O2,84,-4.557,S1O
78,O2,85,-4.557,S1O
78,O2,86,-4.069,S1O
78,O2,87,-4.069,S1O
78,O2,88,-4.557,S1O
78,O2,89,-4.557,S1O
78,O2,90,-4.069,S1O
78,O2,91,-3.092,S1O
78,O2,92,-1.139,S1O
78,O2,93,1.302,S1O
78,O2,94,3.743,S1O
78,O2,95,5.208,S1O
78,O2,96,5.697,S1O
78,O2,97,5.697,S1O
78,O2,98,6.185,S1O
78,O2,99,7.161,S1O
78,O2,100,9.603,S1O
78,O2,101,11.556,S1O
78,O2,102,12.533,S1O
78,O2,103,11.556,S1O
78,O2,104,9.115,S1O
78,O2,105,5.697,S1O
78,O2,106,2.767,S1O
78,O2,107,1.790,S1O
78,O2,108,1.790,S1O
78,O2,109,2.767,S1O
78,O2,110,2.767,S1O
78,O2,111,2.279,S1O
78,O2,112,1.790,S1O
78,O2,113,0.326,S1O
78,O2,114,-0.651,S1O
78,O2,115,-0.651,S1O
78,O2,116,-0.651,S1O
78,O2,117,0.326,S1O
78,O2,118,0.814,S1O
78,O2,119,1.302,S1O
78,O2,120,1.790,S1O
78,O2,121,2.767,S1O
78,O2,122,3.743,S1O
78,O2,123,4.720,S1O
78,O2,124,5.697,S1O
78,O2,125,6.185,S1O
78,O2,126,6.673,S1O
78,O2,127,6.673,S1O
78,O2,128,6.673,S1O
78,O2,129,6.185,S1O
78,O2,130,4.720,S1O
78,O2,131,3.255,S1O
78,O2,132,2.279,S1O
78,O2,133,1.790,S1O
78,O2,134,2.279,S1O
78,O2,135,2.279,S1O
78,O2,136,1.790,S1O
78,O2,137,-0.651,S1O
78,O2,138,-3.092,S1O
78,O2,139,-4.557,S1O
78,O2,140,-4.557,S1O
78,O2,141,-2.604,S1O
78,O2,142,0.326,S1O
78,O2,143,2.767,S1O
78,O2,144,3.743,S1O
78,O2,145,4.232,S1O
78,O2,146,4.232,S1O
78,O2,147,4.232,S1O
78,O2,148,4.720,S1O
78,O2,149,4.720,S1O
78,O2,150,3.743,S1O
78,O2,151,1.790,S1O
78,O2,152,0.326,S1O
78,O2,153,-1.139,S1O
78,O2,154,-1.628,S1O
78,O2,155,-0.651,S1O
78,O2,156,-0.163,S1O
78,O2,157,0.814,S1O
78,O2,158,0.326,S1O
78,O2,159,0.326,S1O
78,O2,160,-0.163,S1O
78,O2,161,-0.651,S1O
78,O2,162,-1.628,S1O
78,O2,163,-2.116,S1O
78,O2,164,-3.092,S1O
78,O2,165,-3.092,S1O
78,O2,166,-2.604,S1O
78,O2,167,-1.628,S1O
78,O2,168,0.326,S1O
78,O2,169,1.790,S1O
78,O2,170,3.743,S1O
78,O2,171,5.208,S1O
78,O2,172,4.720,S1O
78,O2,173,4.720,S1O
78,O2,174,2.767,S1O
78,O2,175,0.326,S1O
78,O2,176,-2.116,S1O
78,O2,177,-3.581,S1O
78,O2,178,-4.069,S1O
78,O2,179,-3.581,S1O
78,O2,180,-1.628,S1O
78,O2,181,1.302,S1O
78,O2,182,4.720,S1O
78,O2,183,9.115,S1O
78,O2,184,13.509,S1O
78,O2,185,16.927,S1O
78,O2,186,18.392,S1O
78,O2,187,17.415,S1O
78,O2,188,14.486,S1O
78,O2,189,10.091,S1O
78,O2,190,5.697,S1O
78,O2,191,2.767,S1O
78,O2,192,1.790,S1O
78,O2,193,1.790,S1O
78,O2,194,1.790,S1O
78,O2,195,0.814,S1O
78,O2,196,-0.651,S1O
78,O2,197,-2.116,S1O
78,O2,198,-3.092,S1O
78,O2,199,-3.092,S1O
78,O2,200,-2.604,S1O
78,O2,201,-1.628,S1O
78,O2,202,-0.163,S1O
78,O2,203,1.790,S1O
78,O2,204,4.232,S1O
78,O2,205,7.161,S1O
78,O2,206,9.115,S1O
78,O2,207,10.091,S1O
78,O2,208,9.115,S1O
78,O2,209,7.161,S1O
78,O2,210,5.697,S1O
78,O2,211,4.720,S1O
78,O2,212,4.720,S1O
78,O2,213,5.208,S1O
78,O2,214,4.720,S1O
78,O2,215,3.743,S1O
78,O2,216,2.279,S1O
78,O2,217,0.326,S1O
78,O2,218,-1.628,S1O
78,O2,219,-3.092,S1O
78,O2,220,-4.069,S1O
78,O2,221,-4.069,S1O
78,O2,222,-3.581,S1O
78,O2,223,-2.604,S1O
78,O2,224,-0.651,S1O
78,O2,225,1.302,S1O
78,O2,226,3.255,S1O
78,O2,227,5.697,S1O
78,O2,228,7.161,S1O
78,O2,229,7.650,S1O
78,O2,230,6.185,S1O
78,O2,231,3.743,S1O
78,O2,232,2.279,S1O
78,O2,233,2.279,S1O
78,O2,234,4.720,S1O
78,O2,235,8.138,S1O
78,O2,236,11.068,S1O
78,O2,237,12.044,S1O
78,O2,238,10.091,S1O
78,O2,239,6.673,S1O
78,O2,240,4.232,S1O
78,O2,241,3.255,S1O
78,O2,242,4.232,S1O
78,O2,243,6.185,S1O
78,O2,244,8.138,S1O
78,O2,245,10.091,S1O
78,O2,246,11.556,S1O
78,O2,247,11.068,S1O
78,O2,248,8.626,S1O
78,O2,249,3.743,S1O
78,O2,250,-0.651,S1O
78,O2,251,-3.581,S1O
78,O2,252,-2.604,S1O
78,O2,253,0.326,S1O
78,O2,254,3.743,S1O
78,O2,255,4.232,S1O
78,O1,0,-1.699,S1O
78,O1,1,-1.211,S1O
78,O1,2,-0.722,S1O
78,O1,3,0.254,S1O
78,O1,4,0.743,S1O
78,O1,5,1.231,S1O
78,O1,6,1.231,S1O
78,O1,7,2.207,S1O
78,O1,8,3.184,S1O
78,O1,9,4.161,S1O
78,O1,10,5.137,S1O
78,O1,11,5.137,S1O
78,O1,12,4.649,S1O
78,O1,13,3.184,S1O
78,O1,14,2.696,S1O
78,O1,15,3.184,S1O
78,O1,16,4.161,S1O
78,O1,17,5.137,S1O
78,O1,18,5.137,S1O
78,O1,19,3.184,S1O
78,O1,20,0.254,S1O
78,O1,21,-2.675,S1O
78,O1,22,-4.628,S1O
78,O1,23,-5.605,S1O
78,O1,24,-5.605,S1O
78,O1,25,-5.117,S1O
78,O1,26,-4.628,S1O
78,O1,27,-4.140,S1O
78,O1,28,-4.140,S1O
78,O1,29,-5.117,S1O
78,O1,30,-6.093,S1O
78,O1,31,-7.558,S1O
78,O1,32,-8.046,S1O
78,O1,33,-7.558,S1O
78,O1,34,-6.582,S1O
78,O1,35,-5.605,S1O
78,O1,36,-6.093,S1O
78,O1,37,-7.070,S1O
78,O1,38,-7.558,S1O
78,O1,39,-8.046,S1O
78,O1,40,-7.558,S1O
78,O1,41,-6.582,S1O
78,O1,42,-6.582,S1O
78,O1,43,-7.558,S1O
78,O1,44,-9.511,S1O
78,O1,45,-10.976,S1O
78,O1,46,-10.976,S1O
78,O1,47,-10.000,S1O
78,O1,48,-8.535,S1O
78,O1,49,-7.558,S1O
78,O1,50,-7.558,S1O
78,O1,51,-8.535,S1O
78,O1,52,-10.000,S1O
78,O1,53,-10.488,S1O
78,O1,54,-10.000,S1O
78,O1,55,-8.535,S1O
78,O1,56,-7.070,S1O
78,O1,57,-6.582,S1O
78,O1,58,-6.093,S1O
78,O1,59,-6.093,S1O
78,O1,60,-5.605,S1O
78,O1,61,-3.652,S1O
78,O1,62,-1.699,S1O
78,O1,63,-0.234,S1O
78,O1,64,-0.234,S1O
78,O1,65,-0.234,S1O
78,O1,66,-0.234,S1O
78,O1,67,1.231,S1O
78,O1,68,3.184,S1O
78,O1,69,4.161,S1O
78,O1,70,4.161,S1O
78,O1,71,2.696,S1O
78,O1,72,0.743,S1O
78,O1,73,-0.234,S1O
78,O1,74,-0.722,S1O
78,O1,75,-0.722,S1O
78,O1,76,-1.211,S1O
78,O1,77,-3.164,S1O
78,O1,78,-5.605,S1O
78,O1,79,-7.558,S1O
78,O1,80,-8.535,S1O
78,O1,81,-8.046,S1O
78,O1,82,-7.558,S1O
78,O1,83,-7.070,S1O
78,O1,84,-6.582,S1O
78,O1,85,-6.093,S1O
78,O1,86,-5.605,S1O
78,O1,87,-4.628,S1O
78,O1,88,-3.164,S1O
78,O1,89,-1.211,S1O
78,O1,90,0.254,S1O
78,O1,91,1.719,S1O
78,O1,92,3.184,S1O
78,O1,93,4.649,S1O
78,O1,94,6.602,S1O
78,O1,95,8.067,S1O
78,O1,96,8.555,S1O
78,O1,97,8.067,S1O
78,O1,98,7.579,S1O
78,O1,99,8.067,S1O
78,O1,100,9.532,S1O
78,O1,101,11.485,S1O
78,O1,102,12.461,S1O
78,O1,103,11.973,S1O
78,O1,104,8.555,S1O
78,O1,105,5.137,S1O
78,O1,106,2.696,S1O
78,O1,107,2.207,S1O
78,O1,108,3.184,S1O
78,O1,109,4.161,S1O
78,O1,110,3.672,S1O
78,O1,111,2.696,S1O
78,O1,112,1.719,S1O
78,O1,113,0.743,S1O
78,O1,114,0.743,S1O
78,O1,115,1.719,S1O
78,O1,116,1.719,S1O
78,O1,117,2.207,S1O
78,O1,118,2.696,S1O
78,O1,119,2.696,S1O
78,O1,120,3.184,S1O
78,O1,121,3.672,S1O
78,O1,122,4.649,S1O
78,O1,123,5.137,S1O
78,O1,124,6.114,S1O
78,O1,125,6.602,S1O
78,O1,126,7.090,S1O
78,O1,127,7.579,S1O
78,O1,128,7.090,S1O
78,O1,129,6.602,S1O
78,O1,130,5.137,S1O
78,O1,131,3.184,S1O
78,O1,132,2.207,S1O
78,O1,133,2.207,S1O
78,O1,134,2.696,S1O
78,O1,135,3.184,S1O
78,O1,136,2.696,S1O
78,O1,137,0.254,S1O
78,O1,138,-2.187,S1O
78,O1,139,-3.652,S1O
78,O1,140,-3.164,S1O
78,O1,141,-1.699,S1O
78,O1,142,0.254,S1O
78,O1,143,2.207,S1O
78,O1,144,3.184,S1O
78,O1,145,4.161,S1O
78,O1,146,5.137,S1O
78,O1,147,5.625,S1O
78,O1,148,5.625,S1O
78,O1,149,5.137,S1O
78,O1,150,4.161,S1O
78,O1,151,2.207,S1O
78,O1,152,0.743,S1O
78,O1,153,-0.722,S1O
78,O1,154,-1.211,S1O
78,O1,155,-1.211,S1O
78,O1,156,-0.722,S1O
78,O1,157,0.254,S1O
78,O1,158,1.231,S1O
78,O1,159,1.231,S1O
78,O1,160,0.743,S1O
78,O1,161,-0.722,S1O
78,O1,162,-1.699,S1O
78,O1,163,-2.675,S1O
78,O1,164,-3.164,S1O
78,O1,165,-3.652,S1O
78,O1,166,-3.164,S1O
78,O1,167,-2.187,S1O
78,O1,168,-0.722,S1O
78,O1,169,1.231,S1O
78,O1,170,3.184,S1O
78,O1,171,4.161,S1O
78,O1,172,4.649,S1O
78,O1,173,3.184,S1O
78,O1,174,1.231,S1O
78,O1,175,-1.211,S1O
78,O1,176,-3.164,S1O
78,O1,177,-4.140,S1O
78,O1,178,-3.652,S1O
78,O1,179,-3.164,S1O
78,O1,180,-1.211,S1O
78,O1,181,2.207,S1O
78,O1,182,7.090,S1O
78,O1,183,13.438,S1O
78,O1,184,19.786,S1O
78,O1,185,23.692,S1O
78,O1,186,24.180,S1O
78,O1,187,19.786,S1O
78,O1,188,12.950,S1O
78,O1,189,6.114,S1O
78,O1,190,1.231,S1O
78,O1,191,-0.234,S1O
78,O1,192,-0.234,S1O
78,O1,193,0.254,S1O
78,O1,194,-0.234,S1O
78,O1,195,-1.699,S1O
78,O1,196,-3.164,S1O
78,O1,197,-4.140,S1O
78,O1,198,-4.140,S1O
78,O1,199,-3.652,S1O
78,O1,200,-3.652,S1O
78,O1,201,-3.652,S1O
78,O1,202,-3.164,S1O
78,O1,203,-1.211,S1O
78,O1,204,2.207,S1O
78,O1,205,5.137,S1O
78,O1,206,7.579,S1O
78,O1,207,7.579,S1O
78,O1,208,6.114,S1O
78,O1,209,3.672,S1O
78,O1,210,2.207,S1O
78,O1,211,1.719,S1O
78,O1,212,1.719,S1O
78,O1,213,2.207,S1O
78,O1,214,2.207,S1O
78,O1,215,0.743,S1O
78,O1,216,-0.722,S1O
78,O1,217,-2.187,S1O
78,O1,218,-3.652,S1O
78,O1,219,-4.140,S1O
78,O1,220,-4.628,S1O
78,O1,221,-5.117,S1O
78,O1,222,-5.117,S1O
78,O1,223,-4.628,S1O
78,O1,224,-4.140,S1O
78,O1,225,-2.675,S1O
78,O1,226,-0.722,S1O
78,O1,227,1.231,S1O
78,O1,228,3.184,S1O
78,O1,229,4.161,S1O
78,O1,230,4.161,S1O
78,O1,231,3.184,S1O
78,O1,232,2.207,S1O
78,O1,233,1.719,S1O
78,O1,234,3.184,S1O
78,O1,235,6.114,S1O
78,O1,236,9.043,S1O
78,O1,237,10.508,S1O
78,O1,238,9.532,S1O
78,O1,239,7.090,S1O
78,O1,240,5.137,S1O
78,O1,241,4.649,S1O
78,O1,242,6.114,S1O
78,O1,243,8.555,S1O
78,O1,244,10.997,S1O
78,O1,245,12.950,S1O
78,O1,246,13.438,S1O
78,O1,247,11.973,S1O
78,O1,248,9.532,S1O
78,O1,249,5.625,S1O
78,O1,250,1.719,S1O
78,O1,251,-0.722,S1O
78,O1,252,-0.722,S1O
78,O1,253,1.231,S1O
78,O1,254,3.184,S1O
78,O1,255,3.672,S1O
78,X,0,-10.824,S1O
78,X,1,-11.312,S1O
78,X,2,-9.359,S1O
78,X,3,-6.429,S1O
78,X,4,-4.964,S1O
78,X,5,-5.452,S1O
78,X,6,-7.406,S1O
78,X,7,-9.847,S1O
78,X,8,-10.335,S1O
78,X,9,-9.359,S1O
78,X,10,-8.382,S1O
78,X,11,-7.894,S1O
78,X,12,-8.382,S1O
78,X,13,-9.847,S1O
78,X,14,-10.824,S1O
78,X,15,-11.800,S1O
78,X,16,-12.288,S1O
78,X,17,-13.753,S1O
78,X,18,-16.195,S1O
78,X,19,-18.148,S1O
78,X,20,-19.124,S1O
78,X,21,-18.636,S1O
78,X,22,-17.660,S1O
78,X,23,-16.195,S1O
78,X,24,-14.730,S1O
78,X,25,-14.242,S1O
78,X,26,-14.242,S1O
78,X,27,-14.730,S1O
78,X,28,-14.242,S1O
78,X,29,-12.288,S1O
78,X,30,-9.359,S1O
78,X,31,-5.452,S1O
78,X,32,-1.546,S1O
78,X,33,0.407,S1O
78,X,34,1.383,S1O
78,X,35,1.383,S1O
78,X,36,1.872,S1O
78,X,37,2.360,S1O
78,X,38,3.337,S1O
78,X,39,4.313,S1O
78,X,40,3.825,S1O
78,X,41,2.360,S1O
78,X,42,-1.058,S1O
78,X,43,-4.964,S1O
78,X,44,-8.870,S1O
78,X,45,-11.312,S1O
78,X,46,-11.800,S1O
78,X,47,-11.312,S1O
78,X,48,-11.312,S1O
78,X,49,-13.265,S1O
78,X,50,-17.660,S1O
78,X,51,-21.566,S1O
78,X,52,-22.542,S1O
78,X,53,-20.101,S1O
78,X,54,-15.706,S1O
78,X,55,-12.288,S1O
78,X,56,-11.800,S1O
78,X,57,-14.730,S1O
78,X,58,-18.148,S1O
78,X,59,-20.589,S1O
78,X,60,-19.613,S1O
78,X,61,-17.171,S1O
78,X,62,-13.753,S1O
78,X,63,-12.288,S1O
78,X,64,-11.312,S1O
78,X,65,-11.312,S1O
78,X,66,-10.335,S1O
78,X,67,-9.847,S1O
78,X,68,-9.847,S1O
78,X,69,-10.335,S1O
78,X,70,-11.312,S1O
78,X,71,-11.800,S1O
78,X,72,-11.312,S1O
78,X,73,-11.312,S1O
78,X,74,-12.288,S1O
78,X,75,-13.753,S1O
78,X,76,-15.706,S1O
78,X,77,-16.195,S1O
78,X,78,-15.706,S1O
78,X,79,-15.218,S1O
78,X,80,-14.730,S1O
78,X,81,-14.730,S1O
78,X,82,-15.218,S1O
78,X,83,-14.730,S1O
78,X,84,-13.265,S1O
78,X,85,-11.800,S1O
78,X,86,-10.335,S1O
78,X,87,-9.847,S1O
78,X,88,-11.312,S1O
78,X,89,-11.800,S1O
78,X,90,-12.288,S1O
78,X,91,-10.824,S1O
78,X,92,-8.870,S1O
78,X,93,-6.917,S1O
78,X,94,-6.917,S1O
78,X,95,-7.894,S1O
78,X,96,-8.382,S1O
78,X,97,-7.894,S1O
78,X,98,-5.452,S1O
78,X,99,-2.035,S1O
78,X,100,0.407,S1O
78,X,101,0.895,S1O
78,X,102,-1.546,S1O
78,X,103,-5.941,S1O
78,X,104,-10.335,S1O
78,X,105,-11.800,S1O
78,X,106,-10.824,S1O
78,X,107,-7.406,S1O
78,X,108,-4.964,S1O
78,X,109,-3.499,S1O
78,X,110,-5.452,S1O
78,X,111,-8.870,S1O
78,X,112,-11.800,S1O
78,X,113,-12.288,S1O
78,X,114,-10.335,S1O
78,X,115,-6.917,S1O
78,X,116,-3.988,S1O
78,X,117,-2.035,S1O
78,X,118,-1.546,S1O
78,X,119,-2.035,S1O
78,X,120,-2.523,S1O
78,X,121,-1.546,S1O
78,X,122,-1.058,S1O
78,X,123,-1.058,S1O
78,X,124,-2.035,S1O
78,X,125,-3.988,S1O
78,X,126,-6.917,S1O
78,X,127,-9.359,S1O
78,X,128,-11.800,S1O
78,X,129,-13.753,S1O
78,X,130,-15.218,S1O
78,X,131,-16.195,S1O
78,X,132,-16.683,S1O
78,X,133,-17.171,S1O
78,X,134,-18.636,S1O
78,X,135,-20.101,S1O
78,X,136,-21.566,S1O
78,X,137,-21.566,S1O
78,X,138,-20.101,S1O
78,X,139,-17.171,S1O
78,X,140,-13.265,S1O
78,X,141,-10.335,S1O
78,X,142,-8.870,S1O
78,X,143,-9.359,S1O
78,X,144,-9.847,S1O
78,X,145,-10.824,S1O
78,X,146,-9.847,S1O
78,X,147,-9.359,S1O
78,X,148,-8.382,S1O
78,X,149,-8.382,S1O
78,X,150,-9.847,S1O
78,X,151,-11.800,S1O
78,X,152,-13.753,S1O
78,X,153,-14.730,S1O
78,X,154,-15.218,S1O
78,X,155,-14.730,S1O
78,X,156,-14.730,S1O
78,X,157,-14.730,S1O
78,X,158,-16.195,S1O
78,X,159,-18.148,S1O
78,X,160,-20.101,S1O
78,X,161,-22.054,S1O
78,X,162,-23.031,S1O
78,X,163,-23.031,S1O
78,X,164,-21.566,S1O
78,X,165,-20.101,S1O
78,X,166,-17.660,S1O
78,X,167,-15.706,S1O
78,X,168,-14.242,S1O
78,X,169,-12.777,S1O
78,X,170,-11.312,S1O
78,X,171,-9.359,S1O
78,X,172,-6.917,S1O
78,X,173,-5.452,S1O
78,X,174,-4.476,S1O
78,X,175,-3.988,S1O
78,X,176,-3.988,S1O
78,X,177,-3.988,S1O
78,X,178,-3.988,S1O
78,X,179,-3.988,S1O
78,X,180,-3.499,S1O
78,X,181,-3.499,S1O
78,X,182,-3.499,S1O
78,X,183,-3.988,S1O
78,X,184,-3.988,S1O
78,X,185,-4.964,S1O
78,X,186,-5.941,S1O
78,X,187,-5.941,S1O
78,X,188,-5.452,S1O
78,X,189,-4.964,S1O
78,X,190,-4.964,S1O
78,X,191,-6.429,S1O
78,X,192,-7.894,S1O
78,X,193,-8.870,S1O
78,X,194,-7.894,S1O
78,X,195,-5.452,S1O
78,X,196,-3.499,S1O
78,X,197,-3.499,S1O
78,X,198,-4.964,S1O
78,X,199,-5.452,S1O
78,X,200,-4.964,S1O
78,X,201,-1.546,S1O
78,X,202,3.337,S1O
78,X,203,7.243,S1O
78,X,204,9.196,S1O
78,X,205,10.173,S1O
78,X,206,9.196,S1O
78,X,207,7.731,S1O
78,X,208,6.266,S1O
78,X,209,5.290,S1O
78,X,210,4.801,S1O
78,X,211,6.266,S1O
78,X,212,8.219,S1O
78,X,213,9.684,S1O
78,X,214,9.684,S1O
78,X,215,8.219,S1O
78,X,216,5.778,S1O
78,X,217,3.825,S1O
78,X,218,1.383,S1O
78,X,219,-1.546,S1O
78,X,220,-3.988,S1O
78,X,221,-6.429,S1O
78,X,222,-7.406,S1O
78,X,223,-6.917,S1O
78,X,224,-4.964,S1O
78,X,225,-2.523,S1O
78,X,226,-0.570,S1O
78,X,227,0.895,S1O
78,X,228,1.872,S1O
78,X,229,2.360,S1O
78,X,230,1.872,S1O
78,X,231,0.407,S1O
78,X,232,-1.058,S1O
78,X,233,-2.035,S1O
78,X,234,-1.546,S1O
78,X,235,0.895,S1O
78,X,236,4.313,S1O
78,X,237,7.243,S1O
78,X,238,7.731,S1O
78,X,239,6.266,S1O
78,X,240,3.337,S1O
78,X,241,0.407,S1O
78,X,242,-1.546,S1O
78,X,243,-2.035,S1O
78,X,244,-1.058,S1O
78,X,245,1.383,S1O
78,X,246,3.825,S1O
78,X,247,5.290,S1O
78,X,248,5.290,S1O
78,X,249,3.337,S1O
78,X,250,-0.081,S1O
78,X,251,-3.011,S1O
78,X,252,-4.964,S1O
78,X,253,-4.476,S1O
78,X,254,-3.499,S1O
78,X,255,-3.499,S1O
78,AF7,0,-9.847,S1O
78,AF7,1,-5.452,S1O
78,AF7,2,-0.570,S1O
78,AF7,3,0.895,S1O
78,AF7,4,-1.546,S1O
78,AF7,5,-4.476,S1O
78,AF7,6,-6.429,S1O
78,AF7,7,-6.429,S1O
78,AF7,8,-4.476,S1O
78,AF7,9,-3.988,S1O
78,AF7,10,-3.499,S1O
78,AF7,11,-3.011,S1O
78,AF7,12,-1.546,S1O
78,AF7,13,-1.058,S1O
78,AF7,14,-2.035,S1O
78,AF7,15,-5.941,S1O
78,AF7,16,-10.335,S1O
78,AF7,17,-13.753,S1O
78,AF7,18,-14.242,S1O
78,AF7,19,-12.777,S1O
78,AF7,20,-10.335,S1O
78,AF7,21,-8.870,S1O
78,AF7,22,-8.382,S1O
78,AF7,23,-9.847,S1O
78,AF7,24,-11.312,S1O
78,AF7,25,-13.265,S1O
78,AF7,26,-14.242,S1O
78,AF7,27,-13.753,S1O
78,AF7,28,-10.824,S1O
78,AF7,29,-6.429,S1O
78,AF7,30,-1.546,S1O
78,AF7,31,2.360,S1O
78,AF7,32,3.825,S1O
78,AF7,33,3.337,S1O
78,AF7,34,2.360,S1O
78,AF7,35,1.872,S1O
78,AF7,36,3.825,S1O
78,AF7,37,6.755,S1O
78,AF7,38,10.173,S1O
78,AF7,39,11.149,S1O
78,AF7,40,9.196,S1O
78,AF7,41,4.801,S1O
78,AF7,42,0.895,S1O
78,AF7,43,-1.058,S1O
78,AF7,44,-1.546,S1O
78,AF7,45,-2.523,S1O
78,AF7,46,-3.988,S1O
78,AF7,47,-5.452,S1O
78,AF7,48,-7.894,S1O
78,AF7,49,-10.335,S1O
78,AF7,50,-12.288,S1O
78,AF7,51,-11.800,S1O
78,AF7,52,-8.870,S1O
78,AF7,53,-5.941,S1O
78,AF7,54,-4.476,S1O
78,AF7,55,-5.452,S1O
78,AF7,56,-6.429,S1O
78,AF7,57,-7.406,S1O
78,AF7,58,-7.894,S1O
78,AF7,59,-8.870,S1O
78,AF7,60,-9.847,S1O
78,AF7,61,-8.870,S1O
78,AF7,62,-6.429,S1O
78,AF7,63,-3.499,S1O
78,AF7,64,-2.523,S1O
78,AF7,65,-3.499,S1O
78,AF7,66,-4.964,S1O
78,AF7,67,-4.964,S1O
78,AF7,68,-3.499,S1O
78,AF7,69,-3.499,S1O
78,AF7,70,-4.964,S1O
78,AF7,71,-7.406,S1O
78,AF7,72,-8.870,S1O
78,AF7,73,-7.406,S1O
78,AF7,74,-4.476,S1O
78,AF7,75,-2.035,S1O
78,AF7,76,-2.035,S1O
78,AF7,77,-4.476,S1O
78,AF7,78,-6.917,S1O
78,AF7,79,-8.382,S1O
78,AF7,80,-7.894,S1O
78,AF7,81,-7.406,S1O
78,AF7,82,-7.406,S1O
78,AF7,83,-8.382,S1O
78,AF7,84,-7.894,S1O
78,AF7,85,-5.941,S1O
78,AF7,86,-3.499,S1O
78,AF7,87,-3.011,S1O
78,AF7,88,-5.452,S1O
78,AF7,89,-7.406,S1O
78,AF7,90,-5.941,S1O
78,AF7,91,-2.035,S1O
78,AF7,92,1.872,S1O
78,AF7,93,2.848,S1O
78,AF7,94,0.407,S1O
78,AF7,95,-3.011,S1O
78,AF7,96,-3.988,S1O
78,AF7,97,-1.058,S1O
78,AF7,98,3.337,S1O
78,AF7,99,4.801,S1O
78,AF7,100,2.360,S1O
78,AF7,101,-2.035,S1O
78,AF7,102,-5.452,S1O
78,AF7,103,-6.429,S1O
78,AF7,104,-5.941,S1O
78,AF7,105,-4.964,S1O
78,AF7,106,-3.988,S1O
78,AF7,107,-3.011,S1O
78,AF7,108,-2.523,S1O
78,AF7,109,-3.988,S1O
78,AF7,110,-6.917,S1O
78,AF7,111,-9.359,S1O
78,AF7,112,-8.382,S1O
78,AF7,113,-5.452,S1O
78,AF7,114,-3.011,S1O
78,AF7,115,-3.011,S1O
78,AF7,116,-3.011,S1O
78,AF7,117,-3.011,S1O
78,AF7,118,-1.058,S1O
78,AF7,119,1.383,S1O
78,AF7,120,2.360,S1O
78,AF7,121,2.360,S1O
78,AF7,122,2.360,S1O
78,AF7,123,2.360,S1O
78,AF7,124,1.872,S1O
78,AF7,125,-0.081,S1O
78,AF7,126,-3.988,S1O
78,AF7,127,-7.894,S1O
78,AF7,128,-10.824,S1O
78,AF7,129,-11.312,S1O
78,AF7,130,-10.824,S1O
78,AF7,131,-9.359,S1O
78,AF7,132,-7.894,S1O
78,AF7,133,-7.894,S1O
78,AF7,134,-10.824,S1O
78,AF7,135,-14.730,S1O
78,AF7,136,-15.706,S1O
78,AF7,137,-13.265,S1O
78,AF7,138,-8.382,S1O
78,AF7,139,-4.476,S1O
78,AF7,140,-3.011,S1O
78,AF7,141,-3.499,S1O
78,AF7,142,-4.476,S1O
78,AF7,143,-4.476,S1O
78,AF7,144,-4.964,S1O
78,AF7,145,-5.452,S1O
78,AF7,146,-5.452,S1O
78,AF7,147,-4.964,S1O
78,AF7,148,-3.988,S1O
78,AF7,149,-3.499,S1O
78,AF7,150,-3.011,S1O
78,AF7,151,-3.011,S1O
78,AF7,152,-3.011,S1O
78,AF7,153,-3.011,S1O
78,AF7,154,-3.499,S1O
78,AF7,155,-4.476,S1O
78,AF7,156,-5.941,S1O
78,AF7,157,-7.406,S1O
78,AF7,158,-9.847,S1O
78,AF7,159,-12.777,S1O
78,AF7,160,-15.706,S1O
78,AF7,161,-16.683,S1O
78,AF7,162,-14.730,S1O
78,AF7,163,-11.800,S1O
78,AF7,164,-8.870,S1O
78,AF7,165,-8.382,S1O
78,AF7,166,-8.382,S1O
78,AF7,167,-6.917,S1O
78,AF7,168,-4.476,S1O
78,AF7,169,-2.523,S1O
78,AF7,170,-0.570,S1O
78,AF7,171,0.895,S1O
78,AF7,172,1.872,S1O
78,AF7,173,2.360,S1O
78,AF7,174,2.360,S1O
78,AF7,175,2.360,S1O
78,AF7,176,2.360,S1O
78,AF7,177,2.360,S1O
78,AF7,178,1.872,S1O
78,AF7,179,0.895,S1O
78,AF7,180,0.407,S1O
78,AF7,181,1.383,S1O
78,AF7,182,3.337,S1O
78,AF7,183,4.313,S1O
78,AF7,184,3.337,S1O
78,AF7,185,0.407,S1O
78,AF7,186,-2.523,S1O
78,AF7,187,-4.476,S1O
78,AF7,188,-4.476,S1O
78,AF7,189,-3.988,S1O
78,AF7,190,-3.011,S1O
78,AF7,191,-2.523,S1O
78,AF7,192,-1.546,S1O
78,AF7,193,-1.546,S1O
78,AF7,194,-1.546,S1O
78,AF7,195,-2.035,S1O
78,AF7,196,-1.546,S1O
78,AF7,197,-0.570,S1O
78,AF7,198,0.407,S1O
78,AF7,199,1.383,S1O
78,AF7,200,2.848,S1O
78,AF7,201,5.290,S1O
78,AF7,202,8.219,S1O
78,AF7,203,11.149,S1O
78,AF7,204,13.102,S1O
78,AF7,205,13.590,S1O
78,AF7,206,12.126,S1O
78,AF7,207,8.708,S1O
78,AF7,208,4.801,S1O
78,AF7,209,2.848,S1O
78,AF7,210,4.313,S1O
78,AF7,211,7.731,S1O
78,AF7,212,11.149,S1O
78,AF7,213,12.126,S1O
78,AF7,214,11.149,S1O
78,AF7,215,8.219,S1O
78,AF7,216,4.801,S1O
78,AF7,217,1.383,S1O
78,AF7,218,-2.035,S1O
78,AF7,219,-5.941,S1O
78,AF7,220,-8.870,S1O
78,AF7,221,-9.847,S1O
78,AF7,222,-8.870,S1O
78,AF7,223,-6.429,S1O
78,AF7,224,-4.476,S1O
78,AF7,225,-3.011,S1O
78,AF7,226,-1.546,S1O
78,AF7,227,-0.570,S1O
78,AF7,228,0.407,S1O
78,AF7,229,0.895,S1O
78,AF7,230,-0.081,S1O
78,AF7,231,-2.035,S1O
78,AF7,232,-3.988,S1O
78,AF7,233,-3.499,S1O
78,AF7,234,0.407,S1O
78,AF7,235,6.266,S1O
78,AF7,236,10.173,S1O
78,AF7,237,10.173,S1O
78,AF7,238,8.219,S1O
78,AF7,239,6.266,S1O
78,AF7,240,5.290,S1O
78,AF7,241,3.825,S1O
78,AF7,242,1.383,S1O
78,AF7,243,-0.081,S1O
78,AF7,244,0.407,S1O
78,AF7,245,2.848,S1O
78,AF7,246,3.825,S1O
78,AF7,247,1.872,S1O
78,AF7,248,-3.011,S1O
78,AF7,249,-7.894,S1O
78,AF7,250,-9.847,S1O
78,AF7,251,-9.359,S1O
78,AF7,252,-7.406,S1O
78,AF7,253,-5.452,S1O
78,AF7,254,-4.476,S1O
78,AF7,255,-3.988,S1O
78,AF8,0,-10.274,S1O
78,AF8,1,-8.809,S1O
78,AF8,2,-7.833,S1O
78,AF8,3,-8.321,S1O
78,AF8,4,-8.321,S1O
78,AF8,5,-7.345,S1O
78,AF8,6,-6.368,S1O
78,AF8,7,-7.345,S1O
78,AF8,8,-8.809,S1O
78,AF8,9,-9.786,S1O
78,AF8,10,-9.786,S1O
78,AF8,11,-9.298,S1O
78,AF8,12,-8.809,S1O
78,AF8,13,-8.321,S1O
78,AF8,14,-7.833,S1O
78,AF8,15,-6.368,S1O
78,AF8,16,-7.345,S1O
78,AF8,17,-9.786,S1O
78,AF8,18,-13.692,S1O
78,AF8,19,-16.622,S1O
78,AF8,20,-16.134,S1O
78,AF8,21,-13.692,S1O
78,AF8,22,-10.763,S1O
78,AF8,23,-9.298,S1O
78,AF8,24,-8.809,S1O
78,AF8,25,-7.833,S1O
78,AF8,26,-7.833,S1O
78,AF8,27,-8.809,S1O
78,AF8,28,-9.298,S1O
78,AF8,29,-7.833,S1O
78,AF8,30,-4.415,S1O
78,AF8,31,-1.485,S1O
78,AF8,32,-0.020,S1O
78,AF8,33,-0.020,S1O
78,AF8,34,-0.020,S1O
78,AF8,35,1.933,S1O
78,AF8,36,3.886,S1O
78,AF8,37,4.862,S1O
78,AF8,38,4.862,S1O
78,AF8,39,4.374,S1O
78,AF8,40,3.398,S1O
78,AF8,41,1.444,S1O
78,AF8,42,-1.485,S1O
78,AF8,43,-3.927,S1O
78,AF8,44,-4.903,S1O
78,AF8,45,-3.438,S1O
78,AF8,46,-1.485,S1O
78,AF8,47,-2.462,S1O
78,AF8,48,-5.880,S1O
78,AF8,49,-11.251,S1O
78,AF8,50,-14.181,S1O
78,AF8,51,-12.227,S1O
78,AF8,52,-7.345,S1O
78,AF8,53,-3.438,S1O
78,AF8,54,-1.973,S1O
78,AF8,55,-3.438,S1O
78,AF8,56,-5.391,S1O
78,AF8,57,-7.345,S1O
78,AF8,58,-9.298,S1O
78,AF8,59,-10.763,S1O
78,AF8,60,-9.786,S1O
78,AF8,61,-6.368,S1O
78,AF8,62,-2.462,S1O
78,AF8,63,-0.997,S1O
78,AF8,64,-2.462,S1O
78,AF8,65,-4.415,S1O
78,AF8,66,-4.903,S1O
78,AF8,67,-3.927,S1O
78,AF8,68,-1.973,S1O
78,AF8,69,-1.973,S1O
78,AF8,70,-2.950,S1O
78,AF8,71,-3.927,S1O
78,AF8,72,-4.415,S1O
78,AF8,73,-4.903,S1O
78,AF8,74,-6.368,S1O
78,AF8,75,-7.833,S1O
78,AF8,76,-7.345,S1O
78,AF8,77,-5.391,S1O
78,AF8,78,-4.415,S1O
78,AF8,79,-5.391,S1O
78,AF8,80,-7.345,S1O
78,AF8,81,-7.345,S1O
78,AF8,82,-5.391,S1O
78,AF8,83,-3.438,S1O
78,AF8,84,-2.950,S1O
78,AF8,85,-2.462,S1O
78,AF8,86,-1.973,S1O
78,AF8,87,-0.997,S1O
78,AF8,88,-0.509,S1O
78,AF8,89,-1.485,S1O
78,AF8,90,-1.485,S1O
78,AF8,91,0.468,S1O
78,AF8,92,3.886,S1O
78,AF8,93,6.327,S1O
78,AF8,94,5.351,S1O
78,AF8,95,0.956,S1O
78,AF8,96,-2.462,S1O
78,AF8,97,-1.485,S1O
78,AF8,98,3.398,S1O
78,AF8,99,8.280,S1O
78,AF8,100,8.769,S1O
78,AF8,101,4.862,S1O
78,AF8,102,0.468,S1O
78,AF8,103,-0.509,S1O
78,AF8,104,2.421,S1O
78,AF8,105,5.351,S1O
78,AF8,106,5.839,S1O
78,AF8,107,3.886,S1O
78,AF8,108,0.956,S1O
78,AF8,109,-1.485,S1O
78,AF8,110,-2.950,S1O
78,AF8,111,-3.438,S1O
78,AF8,112,-1.485,S1O
78,AF8,113,0.956,S1O
78,AF8,114,3.886,S1O
78,AF8,115,5.351,S1O
78,AF8,116,4.374,S1O
78,AF8,117,2.421,S1O
78,AF8,118,1.444,S1O
78,AF8,119,3.398,S1O
78,AF8,120,6.327,S1O
78,AF8,121,8.769,S1O
78,AF8,122,10.234,S1O
78,AF8,123,9.257,S1O
78,AF8,124,6.816,S1O
78,AF8,125,2.909,S1O
78,AF8,126,-1.485,S1O
78,AF8,127,-5.880,S1O
78,AF8,128,-7.345,S1O
78,AF8,129,-7.345,S1O
78,AF8,130,-6.856,S1O
78,AF8,131,-6.368,S1O
78,AF8,132,-6.368,S1O
78,AF8,133,-6.856,S1O
78,AF8,134,-8.809,S1O
78,AF8,135,-10.274,S1O
78,AF8,136,-10.763,S1O
78,AF8,137,-9.786,S1O
78,AF8,138,-7.833,S1O
78,AF8,139,-5.880,S1O
78,AF8,140,-4.903,S1O
78,AF8,141,-3.927,S1O
78,AF8,142,-1.973,S1O
78,AF8,143,-0.509,S1O
78,AF8,144,0.956,S1O
78,AF8,145,0.956,S1O
78,AF8,146,-0.020,S1O
78,AF8,147,-0.509,S1O
78,AF8,148,-0.997,S1O
78,AF8,149,-0.020,S1O
78,AF8,150,1.444,S1O
78,AF8,151,1.933,S1O
78,AF8,152,0.956,S1O
78,AF8,153,-0.509,S1O
78,AF8,154,-1.485,S1O
78,AF8,155,-2.462,S1O
78,AF8,156,-3.927,S1O
78,AF8,157,-5.391,S1O
78,AF8,158,-7.833,S1O
78,AF8,159,-10.763,S1O
78,AF8,160,-12.716,S1O
78,AF8,161,-12.227,S1O
78,AF8,162,-9.786,S1O
78,AF8,163,-7.345,S1O
78,AF8,164,-6.368,S1O
78,AF8,165,-7.833,S1O
78,AF8,166,-8.809,S1O
78,AF8,167,-7.833,S1O
78,AF8,168,-5.880,S1O
78,AF8,169,-3.927,S1O
78,AF8,170,-1.973,S1O
78,AF8,171,0.956,S1O
78,AF8,172,2.909,S1O
78,AF8,173,3.398,S1O
78,AF8,174,2.909,S1O
78,AF8,175,1.933,S1O
78,AF8,176,1.444,S1O
78,AF8,177,2.421,S1O
78,AF8,178,3.398,S1O
78,AF8,179,2.421,S1O
78,AF8,180,0.468,S1O
78,AF8,181,-1.485,S1O
78,AF8,182,-1.973,S1O
78,AF8,183,-0.997,S1O
78,AF8,184,-0.509,S1O
78,AF8,185,-0.020,S1O
78,AF8,186,1.444,S1O
78,AF8,187,3.398,S1O
78,AF8,188,4.374,S1O
78,AF8,189,2.909,S1O
78,AF8,190,-0.997,S1O
78,AF8,191,-2.462,S1O
78,AF8,192,-0.020,S1O
78,AF8,193,3.398,S1O
78,AF8,194,3.398,S1O
78,AF8,195,-0.020,S1O
78,AF8,196,-3.927,S1O
78,AF8,197,-4.415,S1O
78,AF8,198,-1.485,S1O
78,AF8,199,1.933,S1O
78,AF8,200,3.886,S1O
78,AF8,201,4.862,S1O
78,AF8,202,5.839,S1O
78,AF8,203,7.304,S1O
78,AF8,204,9.257,S1O
78,AF8,205,9.745,S1O
78,AF8,206,7.792,S1O
78,AF8,207,4.862,S1O
78,AF8,208,3.398,S1O
78,AF8,209,4.862,S1O
78,AF8,210,9.257,S1O
78,AF8,211,12.187,S1O
78,AF8,212,12.187,S1O
78,AF8,213,10.234,S1O
78,AF8,214,8.280,S1O
78,AF8,215,7.304,S1O
78,AF8,216,6.816,S1O
78,AF8,217,3.886,S1O
78,AF8,218,-0.509,S1O
78,AF8,219,-4.415,S1O
78,AF8,220,-6.368,S1O
78,AF8,221,-4.903,S1O
78,AF8,222,-2.462,S1O
78,AF8,223,-0.997,S1O
78,AF8,224,-0.509,S1O
78,AF8,225,0.468,S1O
78,AF8,226,2.421,S1O
78,AF8,227,3.398,S1O
78,AF8,228,2.421,S1O
78,AF8,229,0.956,S1O
78,AF8,230,-0.020,S1O
78,AF8,231,0.468,S1O
78,AF8,232,0.468,S1O
78,AF8,233,-0.020,S1O
78,AF8,234,0.468,S1O
78,AF8,235,2.421,S1O
78,AF8,236,5.351,S1O
78,AF8,237,7.304,S1O
78,AF8,238,6.816,S1O
78,AF8,239,4.374,S1O
78,AF8,240,0.956,S1O
78,AF8,241,-2.462,S1O
78,AF8,242,-3.438,S1O
78,AF8,243,-1.485,S1O
78,AF8,244,1.444,S1O
78,AF8,245,3.886,S1O
78,AF8,246,3.886,S1O
78,AF8,247,2.909,S1O
78,AF8,248,2.421,S1O
78,AF8,249,1.444,S1O
78,AF8,250,0.956,S1O
78,AF8,251,-0.509,S1O
78,AF8,252,-1.973,S1O
78,AF8,253,-2.950,S1O
78,AF8,254,-3.438,S1O
78,AF8,255,-2.462,S1O
78,F5,0,-5.514,S1O
78,F5,1,-3.560,S1O
78,F5,2,-2.584,S1O
78,F5,3,-2.096,S1O
78,F5,4,-2.096,S1O
78,F5,5,-2.096,S1O
78,F5,6,-2.096,S1O
78,F5,7,-2.584,S1O
78,F5,8,-2.096,S1O
78,F5,9,-1.119,S1O
78,F5,10,-0.142,S1O
78,F5,11,0.346,S1O
78,F5,12,0.346,S1O
78,F5,13,0.346,S1O
78,F5,14,-0.631,S1O
78,F5,15,-2.096,S1O
78,F5,16,-4.537,S1O
78,F5,17,-7.467,S1O
78,F5,18,-8.931,S1O
78,F5,19,-10.396,S1O
78,F5,20,-10.396,S1O
78,F5,21,-8.931,S1O
78,F5,22,-7.955,S1O
78,F5,23,-7.467,S1O
78,F5,24,-7.955,S1O
78,F5,25,-8.931,S1O
78,F5,26,-9.908,S1O
78,F5,27,-9.908,S1O
78,F5,28,-7.955,S1O
78,F5,29,-4.049,S1O
78,F5,30,0.346,S1O
78,F5,31,3.276,S1O
78,F5,32,4.252,S1O
78,F5,33,4.252,S1O
78,F5,34,4.252,S1O
78,F5,35,3.764,S1O
78,F5,36,3.276,S1O
78,F5,37,3.276,S1O
78,F5,38,4.740,S1O
78,F5,39,6.205,S1O
78,F5,40,6.205,S1O
78,F5,41,4.252,S1O
78,F5,42,1.322,S1O
78,F5,43,-0.631,S1O
78,F5,44,-1.119,S1O
78,F5,45,-0.631,S1O
78,F5,46,-1.119,S1O
78,F5,47,-2.584,S1O
78,F5,48,-5.025,S1O
78,F5,49,-6.978,S1O
78,F5,50,-7.955,S1O
78,F5,51,-6.978,S1O
78,F5,52,-4.049,S1O
78,F5,53,-2.096,S1O
78,F5,54,-1.607,S1O
78,F5,55,-2.096,S1O
78,F5,56,-4.049,S1O
78,F5,57,-6.002,S1O
78,F5,58,-8.443,S1O
78,F5,59,-8.443,S1O
78,F5,60,-6.490,S1O
78,F5,61,-3.560,S1O
78,F5,62,-1.607,S1O
78,F5,63,-1.607,S1O
78,F5,64,-2.096,S1O
78,F5,65,-2.584,S1O
78,F5,66,-2.096,S1O
78,F5,67,-1.119,S1O
78,F5,68,-1.119,S1O
78,F5,69,-1.607,S1O
78,F5,70,-2.096,S1O
78,F5,71,-2.584,S1O
78,F5,72,-2.584,S1O
78,F5,73,-2.584,S1O
78,F5,74,-3.560,S1O
78,F5,75,-4.537,S1O
78,F5,76,-4.537,S1O
78,F5,77,-4.049,S1O
78,F5,78,-4.049,S1O
78,F5,79,-4.537,S1O
78,F5,80,-6.002,S1O
78,F5,81,-6.490,S1O
78,F5,82,-6.002,S1O
78,F5,83,-5.514,S1O
78,F5,84,-4.537,S1O
78,F5,85,-3.072,S1O
78,F5,86,-1.607,S1O
78,F5,87,-1.119,S1O
78,F5,88,-1.119,S1O
78,F5,89,-1.119,S1O
78,F5,90,-0.631,S1O
78,F5,91,0.346,S1O
78,F5,92,0.346,S1O
78,F5,93,-0.142,S1O
78,F5,94,-0.631,S1O
78,F5,95,-0.631,S1O
78,F5,96,0.346,S1O
78,F5,97,2.299,S1O
78,F5,98,3.764,S1O
78,F5,99,4.252,S1O
78,F5,100,2.299,S1O
78,F5,101,-0.631,S1O
78,F5,102,-3.072,S1O
78,F5,103,-5.025,S1O
78,F5,104,-5.025,S1O
78,F5,105,-4.049,S1O
78,F5,106,-1.607,S1O
78,F5,107,0.834,S1O
78,F5,108,0.834,S1O
78,F5,109,-1.119,S1O
78,F5,110,-4.049,S1O
78,F5,111,-6.490,S1O
78,F5,112,-6.978,S1O
78,F5,113,-6.978,S1O
78,F5,114,-6.002,S1O
78,F5,115,-4.537,S1O
78,F5,116,-2.584,S1O
78,F5,117,-0.142,S1O
78,F5,118,1.322,S1O
78,F5,119,3.276,S1O
78,F5,120,4.740,S1O
78,F5,121,6.694,S1O
78,F5,122,7.182,S1O
78,F5,123,6.694,S1O
78,F5,124,4.740,S1O
78,F5,125,1.811,S1O
78,F5,126,-1.607,S1O
78,F5,127,-5.025,S1O
78,F5,128,-6.490,S1O
78,F5,129,-6.978,S1O
78,F5,130,-6.978,S1O
78,F5,131,-6.978,S1O
78,F5,132,-6.978,S1O
78,F5,133,-7.467,S1O
78,F5,134,-7.955,S1O
78,F5,135,-8.931,S1O
78,F5,136,-8.443,S1O
78,F5,137,-6.978,S1O
78,F5,138,-4.537,S1O
78,F5,139,-3.072,S1O
78,F5,140,-1.607,S1O
78,F5,141,-1.119,S1O
78,F5,142,-1.119,S1O
78,F5,143,-2.584,S1O
78,F5,144,-4.049,S1O
78,F5,145,-4.049,S1O
78,F5,146,-3.560,S1O
78,F5,147,-2.096,S1O
78,F5,148,-0.631,S1O
78,F5,149,0.834,S1O
78,F5,150,0.346,S1O
78,F5,151,-0.631,S1O
78,F5,152,-2.096,S1O
78,F5,153,-2.096,S1O
78,F5,154,-2.096,S1O
78,F5,155,-2.096,S1O
78,F5,156,-3.072,S1O
78,F5,157,-5.025,S1O
78,F5,158,-7.467,S1O
78,F5,159,-9.908,S1O
78,F5,160,-12.349,S1O
78,F5,161,-13.326,S1O
78,F5,162,-12.349,S1O
78,F5,163,-9.420,S1O
78,F5,164,-6.978,S1O
78,F5,165,-5.025,S1O
78,F5,166,-3.560,S1O
78,F5,167,-2.584,S1O
78,F5,168,-2.584,S1O
78,F5,169,-3.072,S1O
78,F5,170,-4.049,S1O
78,F5,171,-4.049,S1O
78,F5,172,-2.584,S1O
78,F5,173,-0.142,S1O
78,F5,174,2.787,S1O
78,F5,175,4.740,S1O
78,F5,176,5.229,S1O
78,F5,177,4.252,S1O
78,F5,178,2.299,S1O
78,F5,179,1.322,S1O
78,F5,180,0.834,S1O
78,F5,181,1.322,S1O
78,F5,182,2.787,S1O
78,F5,183,3.764,S1O
78,F5,184,3.276,S1O
78,F5,185,1.811,S1O
78,F5,186,-0.631,S1O
78,F5,187,-2.096,S1O
78,F5,188,-3.072,S1O
78,F5,189,-4.537,S1O
78,F5,190,-6.002,S1O
78,F5,191,-6.490,S1O
78,F5,192,-5.025,S1O
78,F5,193,-2.096,S1O
78,F5,194,0.346,S1O
78,F5,195,0.834,S1O
78,F5,196,-0.142,S1O
78,F5,197,-0.631,S1O
78,F5,198,0.346,S1O
78,F5,199,1.811,S1O
78,F5,200,4.252,S1O
78,F5,201,5.717,S1O
78,F5,202,7.182,S1O
78,F5,203,9.623,S1O
78,F5,204,12.065,S1O
78,F5,205,13.529,S1O
78,F5,206,12.065,S1O
78,F5,207,8.158,S1O
78,F5,208,4.740,S1O
78,F5,209,3.764,S1O
78,F5,210,5.229,S1O
78,F5,211,7.182,S1O
78,F5,212,7.670,S1O
78,F5,213,7.670,S1O
78,F5,214,7.670,S1O
78,F5,215,7.182,S1O
78,F5,216,5.717,S1O
78,F5,217,3.276,S1O
78,F5,218,-0.142,S1O
78,F5,219,-3.560,S1O
78,F5,220,-6.002,S1O
78,F5,221,-6.978,S1O
78,F5,222,-6.978,S1O
78,F5,223,-6.002,S1O
78,F5,224,-5.514,S1O
78,F5,225,-4.049,S1O
78,F5,226,-2.584,S1O
78,F5,227,-0.142,S1O
78,F5,228,1.811,S1O
78,F5,229,2.787,S1O
78,F5,230,2.787,S1O
78,F5,231,1.322,S1O
78,F5,232,-0.631,S1O
78,F5,233,-2.096,S1O
78,F5,234,-2.096,S1O
78,F5,235,-0.142,S1O
78,F5,236,1.322,S1O
78,F5,237,2.787,S1O
78,F5,238,3.276,S1O
78,F5,239,3.764,S1O
78,F5,240,4.252,S1O
78,F5,241,2.787,S1O
78,F5,242,1.322,S1O
78,F5,243,1.322,S1O
78,F5,244,1.811,S1O
78,F5,245,1.322,S1O
78,F5,246,-0.631,S1O
78,F5,247,-4.049,S1O
78,F5,248,-7.955,S1O
78,F5,249,-10.885,S1O
78,F5,250,-12.349,S1O
78,F5,251,-11.861,S1O
78,F5,252,-10.885,S1O
78,F5,253,-10.396,S1O
78,F5,254,-9.420,S1O
78,F5,255,-7.955,S1O
78,F6,0,-9.094,S1O
78,F6,1,-6.653,S1O
78,F6,2,-4.211,S1O
78,F6,3,-3.723,S1O
78,F6,4,-4.700,S1O
78,F6,5,-5.188,S1O
78,F6,6,-4.700,S1O
78,F6,7,-4.700,S1O
78,F6,8,-5.676,S1O
78,F6,9,-7.629,S1O
78,F6,10,-8.606,S1O
78,F6,11,-7.629,S1O
78,F6,12,-4.700,S1O
78,F6,13,-2.258,S1O
78,F6,14,-1.770,S1O
78,F6,15,-3.235,S1O
78,F6,16,-4.211,S1O
78,F6,17,-5.188,S1O
78,F6,18,-6.165,S1O
78,F6,19,-8.118,S1O
78,F6,20,-9.094,S1O
78,F6,21,-8.118,S1O
78,F6,22,-5.188,S1O
78,F6,23,-2.747,S1O
78,F6,24,-1.282,S1O
78,F6,25,-1.770,S1O
78,F6,26,-2.258,S1O
78,F6,27,-3.235,S1O
78,F6,28,-3.723,S1O
78,F6,29,-3.723,S1O
78,F6,30,-2.258,S1O
78,F6,31,-0.305,S1O
78,F6,32,1.648,S1O
78,F6,33,3.113,S1O
78,F6,34,4.089,S1O
78,F6,35,5.066,S1O
78,F6,36,5.554,S1O
78,F6,37,6.042,S1O
78,F6,38,6.042,S1O
78,F6,39,6.042,S1O
78,F6,40,5.554,S1O
78,F6,41,4.089,S1O
78,F6,42,2.136,S1O
78,F6,43,0.183,S1O
78,F6,44,-1.770,S1O
78,F6,45,-2.747,S1O
78,F6,46,-1.282,S1O
78,F6,47,1.160,S1O
78,F6,48,2.136,S1O
78,F6,49,0.183,S1O
78,F6,50,-2.747,S1O
78,F6,51,-4.211,S1O
78,F6,52,-2.747,S1O
78,F6,53,-0.305,S1O
78,F6,54,0.671,S1O
78,F6,55,-0.793,S1O
78,F6,56,-3.235,S1O
78,F6,57,-3.723,S1O
78,F6,58,-2.747,S1O
78,F6,59,-0.793,S1O
78,F6,60,0.671,S1O
78,F6,61,0.671,S1O
78,F6,62,-0.793,S1O
78,F6,63,-1.770,S1O
78,F6,64,-1.770,S1O
78,F6,65,-1.770,S1O
78,F6,66,-0.793,S1O
78,F6,67,0.183,S1O
78,F6,68,1.160,S1O
78,F6,69,2.136,S1O
78,F6,70,1.160,S1O
78,F6,71,-0.793,S1O
78,F6,72,-2.747,S1O
78,F6,73,-3.723,S1O
78,F6,74,-4.211,S1O
78,F6,75,-3.723,S1O
78,F6,76,-2.747,S1O
78,F6,77,-2.258,S1O
78,F6,78,-2.258,S1O
78,F6,79,-3.235,S1O
78,F6,80,-3.235,S1O
78,F6,81,-1.770,S1O
78,F6,82,0.671,S1O
78,F6,83,2.136,S1O
78,F6,84,2.136,S1O
78,F6,85,0.671,S1O
78,F6,86,0.183,S1O
78,F6,87,0.671,S1O
78,F6,88,3.113,S1O
78,F6,89,7.019,S1O
78,F6,90,8.972,S1O
78,F6,91,9.460,S1O
78,F6,92,7.019,S1O
78,F6,93,5.066,S1O
78,F6,94,4.089,S1O
78,F6,95,4.089,S1O
78,F6,96,4.089,S1O
78,F6,97,4.089,S1O
78,F6,98,5.554,S1O
78,F6,99,7.019,S1O
78,F6,100,7.996,S1O
78,F6,101,7.019,S1O
78,F6,102,5.554,S1O
78,F6,103,4.089,S1O
78,F6,104,3.601,S1O
78,F6,105,4.089,S1O
78,F6,106,4.089,S1O
78,F6,107,4.089,S1O
78,F6,108,2.625,S1O
78,F6,109,0.671,S1O
78,F6,110,0.183,S1O
78,F6,111,1.648,S1O
78,F6,112,3.601,S1O
78,F6,113,5.554,S1O
78,F6,114,6.042,S1O
78,F6,115,6.531,S1O
78,F6,116,6.042,S1O
78,F6,117,5.066,S1O
78,F6,118,4.089,S1O
78,F6,119,4.089,S1O
78,F6,120,6.042,S1O
78,F6,121,8.972,S1O
78,F6,122,11.414,S1O
78,F6,123,11.902,S1O
78,F6,124,9.949,S1O
78,F6,125,5.554,S1O
78,F6,126,0.671,S1O
78,F6,127,-2.258,S1O
78,F6,128,-3.235,S1O
78,F6,129,-2.258,S1O
78,F6,130,-1.282,S1O
78,F6,131,-0.305,S1O
78,F6,132,-0.305,S1O
78,F6,133,-1.282,S1O
78,F6,134,-3.235,S1O
78,F6,135,-5.676,S1O
78,F6,136,-6.165,S1O
78,F6,137,-4.700,S1O
78,F6,138,-1.770,S1O
78,F6,139,0.183,S1O
78,F6,140,0.671,S1O
78,F6,141,0.671,S1O
78,F6,142,0.671,S1O
78,F6,143,1.648,S1O
78,F6,144,3.601,S1O
78,F6,145,5.066,S1O
78,F6,146,4.578,S1O
78,F6,147,3.601,S1O
78,F6,148,3.113,S1O
78,F6,149,3.601,S1O
78,F6,150,4.089,S1O
78,F6,151,3.113,S1O
78,F6,152,2.136,S1O
78,F6,153,1.648,S1O
78,F6,154,2.625,S1O
78,F6,155,2.625,S1O
78,F6,156,0.671,S1O
78,F6,157,-2.747,S1O
78,F6,158,-5.188,S1O
78,F6,159,-6.653,S1O
78,F6,160,-7.629,S1O
78,F6,161,-7.141,S1O
78,F6,162,-5.676,S1O
78,F6,163,-3.723,S1O
78,F6,164,-1.770,S1O
78,F6,165,-1.770,S1O
78,F6,166,-3.235,S1O
78,F6,167,-4.700,S1O
78,F6,168,-4.211,S1O
78,F6,169,-1.770,S1O
78,F6,170,1.160,S1O
78,F6,171,3.113,S1O
78,F6,172,4.089,S1O
78,F6,173,4.089,S1O
78,F6,174,5.554,S1O
78,F6,175,7.019,S1O
78,F6,176,7.507,S1O
78,F6,177,7.019,S1O
78,F6,178,6.042,S1O
78,F6,179,6.531,S1O
78,F6,180,7.019,S1O
78,F6,181,6.531,S1O
78,F6,182,5.066,S1O
78,F6,183,4.089,S1O
78,F6,184,4.089,S1O
78,F6,185,5.066,S1O
78,F6,186,6.531,S1O
78,F6,187,7.996,S1O
78,F6,188,8.972,S1O
78,F6,189,7.019,S1O
78,F6,190,4.089,S1O
78,F6,191,2.136,S1O
78,F6,192,3.601,S1O
78,F6,193,7.019,S1O
78,F6,194,8.484,S1O
78,F6,195,6.531,S1O
78,F6,196,3.601,S1O
78,F6,197,1.648,S1O
78,F6,198,3.113,S1O
78,F6,199,6.042,S1O
78,F6,200,7.507,S1O
78,F6,201,7.019,S1O
78,F6,202,6.042,S1O
78,F6,203,7.507,S1O
78,F6,204,10.437,S1O
78,F6,205,11.902,S1O
78,F6,206,9.949,S1O
78,F6,207,6.042,S1O
78,F6,208,4.578,S1O
78,F6,209,7.507,S1O
78,F6,210,11.902,S1O
78,F6,211,12.878,S1O
78,F6,212,10.925,S1O
78,F6,213,8.484,S1O
78,F6,214,9.460,S1O
78,F6,215,12.390,S1O
78,F6,216,13.367,S1O
78,F6,217,9.460,S1O
78,F6,218,3.601,S1O
78,F6,219,-1.282,S1O
78,F6,220,-2.747,S1O
78,F6,221,-1.282,S1O
78,F6,222,0.183,S1O
78,F6,223,1.160,S1O
78,F6,224,1.648,S1O
78,F6,225,4.089,S1O
78,F6,226,7.019,S1O
78,F6,227,7.996,S1O
78,F6,228,6.042,S1O
78,F6,229,2.625,S1O
78,F6,230,1.160,S1O
78,F6,231,1.648,S1O
78,F6,232,2.136,S1O
78,F6,233,2.136,S1O
78,F6,234,3.113,S1O
78,F6,235,6.042,S1O
78,F6,236,9.949,S1O
78,F6,237,12.390,S1O
78,F6,238,11.414,S1O
78,F6,239,7.507,S1O
78,F6,240,3.113,S1O
78,F6,241,0.183,S1O
78,F6,242,0.183,S1O
78,F6,243,3.113,S1O
78,F6,244,6.042,S1O
78,F6,245,7.996,S1O
78,F6,246,8.484,S1O
78,F6,247,7.507,S1O
78,F6,248,6.042,S1O
78,F6,249,4.578,S1O
78,F6,250,3.113,S1O
78,F6,251,2.136,S1O
78,F6,252,2.136,S1O
78,F6,253,2.136,S1O
78,F6,254,2.625,S1O
78,F6,255,3.113,S1O
78,FT7,0,-7.843,S1O
78,FT7,1,-6.866,S1O
78,FT7,2,-4.913,S1O
78,FT7,3,-2.960,S1O
78,FT7,4,-2.472,S1O
78,FT7,5,-2.960,S1O
78,FT7,6,-3.937,S1O
78,FT7,7,-3.937,S1O
78,FT7,8,-2.960,S1O
78,FT7,9,-1.007,S1O
78,FT7,10,0.458,S1O
78,FT7,11,0.946,S1O
78,FT7,12,0.458,S1O
78,FT7,13,-1.007,S1O
78,FT7,14,-1.984,S1O
78,FT7,15,-2.472,S1O
78,FT7,16,-2.960,S1O
78,FT7,17,-4.425,S1O
78,FT7,18,-5.890,S1O
78,FT7,19,-8.331,S1O
78,FT7,20,-10.284,S1O
78,FT7,21,-11.261,S1O
78,FT7,22,-11.749,S1O
78,FT7,23,-10.773,S1O
78,FT7,24,-10.284,S1O
78,FT7,25,-10.284,S1O
78,FT7,26,-10.284,S1O
78,FT7,27,-10.773,S1O
78,FT7,28,-10.284,S1O
78,FT7,29,-8.820,S1O
78,FT7,30,-6.378,S1O
78,FT7,31,-3.937,S1O
78,FT7,32,-1.007,S1O
78,FT7,33,0.458,S1O
78,FT7,34,1.434,S1O
78,FT7,35,1.434,S1O
78,FT7,36,1.434,S1O
78,FT7,37,1.434,S1O
78,FT7,38,1.923,S1O
78,FT7,39,2.899,S1O
78,FT7,40,3.387,S1O
78,FT7,41,1.923,S1O
78,FT7,42,-1.007,S1O
78,FT7,43,-4.913,S1O
78,FT7,44,-7.843,S1O
78,FT7,45,-8.820,S1O
78,FT7,46,-7.843,S1O
78,FT7,47,-6.378,S1O
78,FT7,48,-5.890,S1O
78,FT7,49,-6.866,S1O
78,FT7,50,-9.308,S1O
78,FT7,51,-11.749,S1O
78,FT7,52,-12.726,S1O
78,FT7,53,-11.749,S1O
78,FT7,54,-9.796,S1O
78,FT7,55,-8.331,S1O
78,FT7,56,-7.843,S1O
78,FT7,57,-9.308,S1O
78,FT7,58,-11.261,S1O
78,FT7,59,-11.749,S1O
78,FT7,60,-10.773,S1O
78,FT7,61,-8.820,S1O
78,FT7,62,-6.378,S1O
78,FT7,63,-4.913,S1O
78,FT7,64,-4.425,S1O
78,FT7,65,-4.425,S1O
78,FT7,66,-4.425,S1O
78,FT7,67,-3.937,S1O
78,FT7,68,-3.448,S1O
78,FT7,69,-2.960,S1O
78,FT7,70,-3.937,S1O
78,FT7,71,-4.913,S1O
78,FT7,72,-5.890,S1O
78,FT7,73,-6.866,S1O
78,FT7,74,-7.355,S1O
78,FT7,75,-7.843,S1O
78,FT7,76,-8.331,S1O
78,FT7,77,-9.308,S1O
78,FT7,78,-9.796,S1O
78,FT7,79,-10.284,S1O
78,FT7,80,-10.773,S1O
78,FT7,81,-11.749,S1O
78,FT7,82,-12.238,S1O
78,FT7,83,-12.238,S1O
78,FT7,84,-12.238,S1O
78,FT7,85,-11.261,S1O
78,FT7,86,-9.308,S1O
78,FT7,87,-7.843,S1O
78,FT7,88,-6.866,S1O
78,FT7,89,-6.378,S1O
78,FT7,90,-5.890,S1O
78,FT7,91,-4.913,S1O
78,FT7,92,-2.960,S1O
78,FT7,93,-1.007,S1O
78,FT7,94,0.458,S1O
78,FT7,95,0.458,S1O
78,FT7,96,-0.031,S1O
78,FT7,97,-0.519,S1O
78,FT7,98,0.458,S1O
78,FT7,99,2.899,S1O
78,FT7,100,4.852,S1O
78,FT7,101,4.852,S1O
78,FT7,102,2.899,S1O
78,FT7,103,-0.519,S1O
78,FT7,104,-3.448,S1O
78,FT7,105,-4.913,S1O
78,FT7,106,-4.425,S1O
78,FT7,107,-2.960,S1O
78,FT7,108,-2.472,S1O
78,FT7,109,-2.960,S1O
78,FT7,110,-4.425,S1O
78,FT7,111,-6.378,S1O
78,FT7,112,-7.843,S1O
78,FT7,113,-9.308,S1O
78,FT7,114,-9.796,S1O
78,FT7,115,-9.308,S1O
78,FT7,116,-8.331,S1O
78,FT7,117,-6.866,S1O
78,FT7,118,-4.425,S1O
78,FT7,119,-1.984,S1O
78,FT7,120,-0.031,S1O
78,FT7,121,1.434,S1O
78,FT7,122,2.899,S1O
78,FT7,123,2.899,S1O
78,FT7,124,2.899,S1O
78,FT7,125,1.923,S1O
78,FT7,126,0.458,S1O
78,FT7,127,-1.495,S1O
78,FT7,128,-4.425,S1O
78,FT7,129,-6.866,S1O
78,FT7,130,-9.308,S1O
78,FT7,131,-9.796,S1O
78,FT7,132,-9.796,S1O
78,FT7,133,-9.308,S1O
78,FT7,134,-8.331,S1O
78,FT7,135,-8.331,S1O
78,FT7,136,-8.820,S1O
78,FT7,137,-9.308,S1O
78,FT7,138,-9.308,S1O
78,FT7,139,-8.331,S1O
78,FT7,140,-6.866,S1O
78,FT7,141,-5.402,S1O
78,FT7,142,-4.425,S1O
78,FT7,143,-3.937,S1O
78,FT7,144,-3.937,S1O
78,FT7,145,-3.937,S1O
78,FT7,146,-3.937,S1O
78,FT7,147,-3.448,S1O
78,FT7,148,-3.448,S1O
78,FT7,149,-3.937,S1O
78,FT7,150,-4.913,S1O
78,FT7,151,-6.866,S1O
78,FT7,152,-9.308,S1O
78,FT7,153,-11.261,S1O
78,FT7,154,-12.238,S1O
78,FT7,155,-12.238,S1O
78,FT7,156,-11.749,S1O
78,FT7,157,-11.261,S1O
78,FT7,158,-12.238,S1O
78,FT7,159,-13.702,S1O
78,FT7,160,-15.167,S1O
78,FT7,161,-16.632,S1O
78,FT7,162,-17.120,S1O
78,FT7,163,-16.632,S1O
78,FT7,164,-15.167,S1O
78,FT7,165,-13.702,S1O
78,FT7,166,-11.749,S1O
78,FT7,167,-9.796,S1O
78,FT7,168,-7.843,S1O
78,FT7,169,-6.378,S1O
78,FT7,170,-5.890,S1O
78,FT7,171,-5.402,S1O
78,FT7,172,-5.890,S1O
78,FT7,173,-5.890,S1O
78,FT7,174,-4.913,S1O
78,FT7,175,-3.448,S1O
78,FT7,176,-2.472,S1O
78,FT7,177,-2.472,S1O
78,FT7,178,-3.937,S1O
78,FT7,179,-6.378,S1O
78,FT7,180,-7.843,S1O
78,FT7,181,-7.355,S1O
78,FT7,182,-4.425,S1O
78,FT7,183,-0.519,S1O
78,FT7,184,2.899,S1O
78,FT7,185,3.876,S1O
78,FT7,186,1.923,S1O
78,FT7,187,-1.495,S1O
78,FT7,188,-5.890,S1O
78,FT7,189,-8.820,S1O
78,FT7,190,-10.284,S1O
78,FT7,191,-10.773,S1O
78,FT7,192,-10.773,S1O
78,FT7,193,-10.284,S1O
78,FT7,194,-9.796,S1O
78,FT7,195,-8.331,S1O
78,FT7,196,-6.866,S1O
78,FT7,197,-5.402,S1O
78,FT7,198,-4.425,S1O
78,FT7,199,-3.448,S1O
78,FT7,200,-1.984,S1O
78,FT7,201,-0.519,S1O
78,FT7,202,1.923,S1O
78,FT7,203,4.852,S1O
78,FT7,204,6.805,S1O
78,FT7,205,8.759,S1O
78,FT7,206,9.247,S1O
78,FT7,207,8.759,S1O
78,FT7,208,6.805,S1O
78,FT7,209,3.876,S1O
78,FT7,210,1.434,S1O
78,FT7,211,0.458,S1O
78,FT7,212,0.946,S1O
78,FT7,213,1.434,S1O
78,FT7,214,0.946,S1O
78,FT7,215,-1.007,S1O
78,FT7,216,-3.937,S1O
78,FT7,217,-5.890,S1O
78,FT7,218,-7.355,S1O
78,FT7,219,-8.331,S1O
78,FT7,220,-9.796,S1O
78,FT7,221,-11.749,S1O
78,FT7,222,-14.191,S1O
78,FT7,223,-15.656,S1O
78,FT7,224,-15.167,S1O
78,FT7,225,-12.238,S1O
78,FT7,226,-8.820,S1O
78,FT7,227,-5.402,S1O
78,FT7,228,-2.472,S1O
78,FT7,229,-1.007,S1O
78,FT7,230,-0.519,S1O
78,FT7,231,-1.495,S1O
78,FT7,232,-2.960,S1O
78,FT7,233,-3.937,S1O
78,FT7,234,-4.425,S1O
78,FT7,235,-3.448,S1O
78,FT7,236,-1.495,S1O
78,FT7,237,0.458,S1O
78,FT7,238,1.434,S1O
78,FT7,239,0.946,S1O
78,FT7,240,-0.031,S1O
78,FT7,241,-1.007,S1O
78,FT7,242,-1.007,S1O
78,FT7,243,-1.495,S1O
78,FT7,244,-1.495,S1O
78,FT7,245,-2.472,S1O
78,FT7,246,-3.937,S1O
78,FT7,247,-5.402,S1O
78,FT7,248,-7.843,S1O
78,FT7,249,-11.261,S1O
78,FT7,250,-14.679,S1O
78,FT7,251,-17.609,S1O
78,FT7,252,-19.073,S1O
78,FT7,253,-19.073,S1O
78,FT7,254,-18.097,S1O
78,FT7,255,-16.632,S1O
78,FT8,0,-8.321,S1O
78,FT8,1,-8.321,S1O
78,FT8,2,-5.391,S1O
78,FT8,3,-2.462,S1O
78,FT8,4,-0.997,S1O
78,FT8,5,-1.485,S1O
78,FT8,6,-3.438,S1O
78,FT8,7,-4.415,S1O
78,FT8,8,-4.415,S1O
78,FT8,9,-3.927,S1O
78,FT8,10,-3.438,S1O
78,FT8,11,-4.415,S1O
78,FT8,12,-4.903,S1O
78,FT8,13,-4.415,S1O
78,FT8,14,-2.950,S1O
78,FT8,15,-0.509,S1O
78,FT8,16,-0.020,S1O
78,FT8,17,-0.997,S1O
78,FT8,18,-3.927,S1O
78,FT8,19,-6.856,S1O
78,FT8,20,-8.321,S1O
78,FT8,21,-8.321,S1O
78,FT8,22,-6.856,S1O
78,FT8,23,-3.927,S1O
78,FT8,24,-1.485,S1O
78,FT8,25,0.468,S1O
78,FT8,26,0.956,S1O
78,FT8,27,-0.020,S1O
78,FT8,28,-1.485,S1O
78,FT8,29,-1.973,S1O
78,FT8,30,-1.485,S1O
78,FT8,31,0.468,S1O
78,FT8,32,3.398,S1O
78,FT8,33,5.839,S1O
78,FT8,34,7.304,S1O
78,FT8,35,7.792,S1O
78,FT8,36,8.280,S1O
78,FT8,37,8.769,S1O
78,FT8,38,9.257,S1O
78,FT8,39,9.745,S1O
78,FT8,40,9.745,S1O
78,FT8,41,8.769,S1O
78,FT8,42,7.304,S1O
78,FT8,43,4.862,S1O
78,FT8,44,2.909,S1O
78,FT8,45,1.933,S1O
78,FT8,46,2.421,S1O
78,FT8,47,4.374,S1O
78,FT8,48,6.327,S1O
78,FT8,49,7.792,S1O
78,FT8,50,7.304,S1O
78,FT8,51,4.862,S1O
78,FT8,52,2.909,S1O
78,FT8,53,1.933,S1O
78,FT8,54,2.421,S1O
78,FT8,55,3.398,S1O
78,FT8,56,3.398,S1O
78,FT8,57,2.421,S1O
78,FT8,58,0.956,S1O
78,FT8,59,-0.020,S1O
78,FT8,60,-0.020,S1O
78,FT8,61,1.444,S1O
78,FT8,62,3.886,S1O
78,FT8,63,6.327,S1O
78,FT8,64,7.792,S1O
78,FT8,65,8.280,S1O
78,FT8,66,8.280,S1O
78,FT8,67,7.792,S1O
78,FT8,68,7.792,S1O
78,FT8,69,7.304,S1O
78,FT8,70,6.816,S1O
78,FT8,71,6.816,S1O
78,FT8,72,5.839,S1O
78,FT8,73,5.351,S1O
78,FT8,74,4.374,S1O
78,FT8,75,3.398,S1O
78,FT8,76,2.909,S1O
78,FT8,77,2.909,S1O
78,FT8,78,2.909,S1O
78,FT8,79,3.398,S1O
78,FT8,80,3.886,S1O
78,FT8,81,4.862,S1O
78,FT8,82,5.351,S1O
78,FT8,83,6.816,S1O
78,FT8,84,8.769,S1O
78,FT8,85,9.745,S1O
78,FT8,86,10.722,S1O
78,FT8,87,10.234,S1O
78,FT8,88,9.745,S1O
78,FT8,89,9.257,S1O
78,FT8,90,10.234,S1O
78,FT8,91,11.698,S1O
78,FT8,92,13.163,S1O
78,FT8,93,14.628,S1O
78,FT8,94,14.628,S1O
78,FT8,95,13.163,S1O
78,FT8,96,11.210,S1O
78,FT8,97,10.234,S1O
78,FT8,98,10.722,S1O
78,FT8,99,13.652,S1O
78,FT8,100,16.581,S1O
78,FT8,101,19.023,S1O
78,FT8,102,19.023,S1O
78,FT8,103,17.069,S1O
78,FT8,104,15.116,S1O
78,FT8,105,13.163,S1O
78,FT8,106,11.698,S1O
78,FT8,107,11.210,S1O
78,FT8,108,10.234,S1O
78,FT8,109,9.257,S1O
78,FT8,110,8.280,S1O
78,FT8,111,7.792,S1O
78,FT8,112,8.280,S1O
78,FT8,113,8.769,S1O
78,FT8,114,9.257,S1O
78,FT8,115,9.745,S1O
78,FT8,116,10.234,S1O
78,FT8,117,11.698,S1O
78,FT8,118,13.163,S1O
78,FT8,119,14.628,S1O
78,FT8,120,15.116,S1O
78,FT8,121,15.116,S1O
78,FT8,122,14.628,S1O
78,FT8,123,13.652,S1O
78,FT8,124,12.675,S1O
78,FT8,125,12.187,S1O
78,FT8,126,10.722,S1O
78,FT8,127,9.257,S1O
78,FT8,128,7.792,S1O
78,FT8,129,6.327,S1O
78,FT8,130,5.351,S1O
78,FT8,131,4.862,S1O
78,FT8,132,4.374,S1O
78,FT8,133,3.886,S1O
78,FT8,134,2.909,S1O
78,FT8,135,1.444,S1O
78,FT8,136,-0.020,S1O
78,FT8,137,-0.997,S1O
78,FT8,138,-0.997,S1O
78,FT8,139,-0.509,S1O
78,FT8,140,0.956,S1O
78,FT8,141,2.421,S1O
78,FT8,142,4.374,S1O
78,FT8,143,6.816,S1O
78,FT8,144,8.769,S1O
78,FT8,145,9.745,S1O
78,FT8,146,9.745,S1O
78,FT8,147,8.769,S1O
78,FT8,148,7.792,S1O
78,FT8,149,7.304,S1O
78,FT8,150,6.816,S1O
78,FT8,151,6.816,S1O
78,FT8,152,5.839,S1O
78,FT8,153,4.374,S1O
78,FT8,154,2.909,S1O
78,FT8,155,1.444,S1O
78,FT8,156,0.956,S1O
78,FT8,157,0.956,S1O
78,FT8,158,0.956,S1O
78,FT8,159,0.468,S1O
78,FT8,160,-0.997,S1O
78,FT8,161,-1.973,S1O
78,FT8,162,-1.973,S1O
78,FT8,163,-0.509,S1O
78,FT8,164,1.444,S1O
78,FT8,165,2.909,S1O
78,FT8,166,2.909,S1O
78,FT8,167,2.421,S1O
78,FT8,168,1.933,S1O
78,FT8,169,3.398,S1O
78,FT8,170,5.839,S1O
78,FT8,171,8.769,S1O
78,FT8,172,10.722,S1O
78,FT8,173,11.698,S1O
78,FT8,174,11.210,S1O
78,FT8,175,10.234,S1O
78,FT8,176,9.745,S1O
78,FT8,177,9.745,S1O
78,FT8,178,10.722,S1O
78,FT8,179,11.210,S1O
78,FT8,180,11.210,S1O
78,FT8,181,9.745,S1O
78,FT8,182,8.769,S1O
78,FT8,183,7.304,S1O
78,FT8,184,7.304,S1O
78,FT8,185,8.769,S1O
78,FT8,186,11.210,S1O
78,FT8,187,13.652,S1O
78,FT8,188,15.116,S1O
78,FT8,189,14.628,S1O
78,FT8,190,12.675,S1O
78,FT8,191,9.257,S1O
78,FT8,192,6.816,S1O
78,FT8,193,5.839,S1O
78,FT8,194,6.816,S1O
78,FT8,195,8.769,S1O
78,FT8,196,9.745,S1O
78,FT8,197,9.257,S1O
78,FT8,198,7.792,S1O
78,FT8,199,7.304,S1O
78,FT8,200,8.280,S1O
78,FT8,201,10.722,S1O
78,FT8,202,14.140,S1O
78,FT8,203,16.581,S1O
78,FT8,204,17.558,S1O
78,FT8,205,18.046,S1O
78,FT8,206,18.046,S1O
78,FT8,207,18.046,S1O
78,FT8,208,16.093,S1O
78,FT8,209,14.140,S1O
78,FT8,210,12.675,S1O
78,FT8,211,12.187,S1O
78,FT8,212,13.163,S1O
78,FT8,213,14.628,S1O
78,FT8,214,15.116,S1O
78,FT8,215,14.140,S1O
78,FT8,216,11.210,S1O
78,FT8,217,8.280,S1O
78,FT8,218,4.862,S1O
78,FT8,219,1.933,S1O
78,FT8,220,-0.997,S1O
78,FT8,221,-2.950,S1O
78,FT8,222,-3.438,S1O
78,FT8,223,-1.485,S1O
78,FT8,224,1.444,S1O
78,FT8,225,5.351,S1O
78,FT8,226,8.280,S1O
78,FT8,227,9.257,S1O
78,FT8,228,8.280,S1O
78,FT8,229,6.816,S1O
78,FT8,230,5.351,S1O
78,FT8,231,4.374,S1O
78,FT8,232,4.374,S1O
78,FT8,233,5.351,S1O
78,FT8,234,7.304,S1O
78,FT8,235,10.234,S1O
78,FT8,236,13.163,S1O
78,FT8,237,15.116,S1O
78,FT8,238,15.116,S1O
78,FT8,239,13.163,S1O
78,FT8,240,8.769,S1O
78,FT8,241,4.862,S1O
78,FT8,242,2.909,S1O
78,FT8,243,4.374,S1O
78,FT8,244,7.792,S1O
78,FT8,245,11.698,S1O
78,FT8,246,15.116,S1O
78,FT8,247,15.605,S1O
78,FT8,248,13.163,S1O
78,FT8,249,8.280,S1O
78,FT8,250,3.398,S1O
78,FT8,251,-0.020,S1O
78,FT8,252,-0.997,S1O
78,FT8,253,0.468,S1O
78,FT8,254,1.933,S1O
78,FT8,255,3.886,S1O
78,FPZ,0,-9.705,S1O
78,FPZ,1,-9.705,S1O
78,FPZ,2,-7.751,S1O
78,FPZ,3,-4.822,S1O
78,FPZ,4,-2.869,S1O
78,FPZ,5,-3.357,S1O
78,FPZ,6,-5.310,S1O
78,FPZ,7,-7.751,S1O
78,FPZ,8,-8.728,S1O
78,FPZ,9,-7.751,S1O
78,FPZ,10,-6.287,S1O
78,FPZ,11,-5.798,S1O
78,FPZ,12,-5.798,S1O
78,FPZ,13,-6.775,S1O
78,FPZ,14,-7.751,S1O
78,FPZ,15,-8.728,S1O
78,FPZ,16,-9.216,S1O
78,FPZ,17,-10.193,S1O
78,FPZ,18,-11.658,S1O
78,FPZ,19,-13.123,S1O
78,FPZ,20,-13.611,S1O
78,FPZ,21,-13.611,S1O
78,FPZ,22,-12.146,S1O
78,FPZ,23,-10.681,S1O
78,FPZ,24,-9.705,S1O
78,FPZ,25,-9.705,S1O
78,FPZ,26,-11.169,S1O
78,FPZ,27,-12.146,S1O
78,FPZ,28,-12.146,S1O
78,FPZ,29,-9.705,S1O
78,FPZ,30,-5.798,S1O
78,FPZ,31,-1.404,S1O
78,FPZ,32,2.502,S1O
78,FPZ,33,4.456,S1O
78,FPZ,34,4.944,S1O
78,FPZ,35,4.456,S1O
78,FPZ,36,4.456,S1O
78,FPZ,37,4.944,S1O
78,FPZ,38,4.944,S1O
78,FPZ,39,5.432,S1O
78,FPZ,40,5.432,S1O
78,FPZ,41,5.432,S1O
78,FPZ,42,3.967,S1O
78,FPZ,43,1.526,S1O
78,FPZ,44,-1.404,S1O
78,FPZ,45,-4.333,S1O
78,FPZ,46,-5.798,S1O
78,FPZ,47,-6.775,S1O
78,FPZ,48,-7.263,S1O
78,FPZ,49,-9.705,S1O
78,FPZ,50,-12.634,S1O
78,FPZ,51,-15.076,S1O
78,FPZ,52,-14.587,S1O
78,FPZ,53,-11.658,S1O
78,FPZ,54,-7.263,S1O
78,FPZ,55,-4.822,S1O
78,FPZ,56,-4.822,S1O
78,FPZ,57,-8.240,S1O
78,FPZ,58,-11.169,S1O
78,FPZ,59,-12.634,S1O
78,FPZ,60,-12.146,S1O
78,FPZ,61,-10.193,S1O
78,FPZ,62,-8.240,S1O
78,FPZ,63,-7.263,S1O
78,FPZ,64,-6.775,S1O
78,FPZ,65,-6.775,S1O
78,FPZ,66,-6.287,S1O
78,FPZ,67,-5.798,S1O
78,FPZ,68,-5.310,S1O
78,FPZ,69,-5.798,S1O
78,FPZ,70,-6.287,S1O
78,FPZ,71,-6.775,S1O
78,FPZ,72,-7.751,S1O
78,FPZ,73,-8.240,S1O
78,FPZ,74,-8.728,S1O
78,FPZ,75,-8.728,S1O
78,FPZ,76,-8.728,S1O
78,FPZ,77,-8.728,S1O
78,FPZ,78,-9.216,S1O
78,FPZ,79,-10.193,S1O
78,FPZ,80,-11.169,S1O
78,FPZ,81,-11.169,S1O
78,FPZ,82,-11.169,S1O
78,FPZ,83,-9.705,S1O
78,FPZ,84,-8.240,S1O
78,FPZ,85,-6.775,S1O
78,FPZ,86,-6.287,S1O
78,FPZ,87,-6.287,S1O
78,FPZ,88,-6.775,S1O
78,FPZ,89,-6.775,S1O
78,FPZ,90,-6.287,S1O
78,FPZ,91,-5.798,S1O
78,FPZ,92,-4.333,S1O
78,FPZ,93,-3.845,S1O
78,FPZ,94,-3.357,S1O
78,FPZ,95,-3.845,S1O
78,FPZ,96,-3.845,S1O
78,FPZ,97,-3.357,S1O
78,FPZ,98,-1.892,S1O
78,FPZ,99,0.549,S1O
78,FPZ,100,1.526,S1O
78,FPZ,101,1.038,S1O
78,FPZ,102,-1.404,S1O
78,FPZ,103,-5.310,S1O
78,FPZ,104,-7.751,S1O
78,FPZ,105,-8.240,S1O
78,FPZ,106,-6.775,S1O
78,FPZ,107,-4.333,S1O
78,FPZ,108,-3.845,S1O
78,FPZ,109,-4.822,S1O
78,FPZ,110,-7.263,S1O
78,FPZ,111,-10.193,S1O
78,FPZ,112,-11.169,S1O
78,FPZ,113,-10.681,S1O
78,FPZ,114,-8.240,S1O
78,FPZ,115,-5.310,S1O
78,FPZ,116,-2.380,S1O
78,FPZ,117,-0.916,S1O
78,FPZ,118,0.061,S1O
78,FPZ,119,0.549,S1O
78,FPZ,120,1.038,S1O
78,FPZ,121,2.014,S1O
78,FPZ,122,2.502,S1O
78,FPZ,123,3.479,S1O
78,FPZ,124,2.502,S1O
78,FPZ,125,1.038,S1O
78,FPZ,126,-1.892,S1O
78,FPZ,127,-5.310,S1O
78,FPZ,128,-8.240,S1O
78,FPZ,129,-10.681,S1O
78,FPZ,130,-12.146,S1O
78,FPZ,131,-12.146,S1O
78,FPZ,132,-11.658,S1O
78,FPZ,133,-12.634,S1O
78,FPZ,134,-13.611,S1O
78,FPZ,135,-15.564,S1O
78,FPZ,136,-17.029,S1O
78,FPZ,137,-17.029,S1O
78,FPZ,138,-14.587,S1O
78,FPZ,139,-10.681,S1O
78,FPZ,140,-6.775,S1O
78,FPZ,141,-4.333,S1O
78,FPZ,142,-3.845,S1O
78,FPZ,143,-4.822,S1O
78,FPZ,144,-5.310,S1O
78,FPZ,145,-5.798,S1O
78,FPZ,146,-5.310,S1O
78,FPZ,147,-5.310,S1O
78,FPZ,148,-4.333,S1O
78,FPZ,149,-3.845,S1O
78,FPZ,150,-2.869,S1O
78,FPZ,151,-2.869,S1O
78,FPZ,152,-2.869,S1O
78,FPZ,153,-3.845,S1O
78,FPZ,154,-4.822,S1O
78,FPZ,155,-5.798,S1O
78,FPZ,156,-6.287,S1O
78,FPZ,157,-6.775,S1O
78,FPZ,158,-7.751,S1O
78,FPZ,159,-9.216,S1O
78,FPZ,160,-11.658,S1O
78,FPZ,161,-14.099,S1O
78,FPZ,162,-16.052,S1O
78,FPZ,163,-15.564,S1O
78,FPZ,164,-13.611,S1O
78,FPZ,165,-10.681,S1O
78,FPZ,166,-8.240,S1O
78,FPZ,167,-7.263,S1O
78,FPZ,168,-6.775,S1O
78,FPZ,169,-6.287,S1O
78,FPZ,170,-5.798,S1O
78,FPZ,171,-4.822,S1O
78,FPZ,172,-2.380,S1O
78,FPZ,173,0.061,S1O
78,FPZ,174,2.014,S1O
78,FPZ,175,2.502,S1O
78,FPZ,176,2.991,S1O
78,FPZ,177,2.991,S1O
78,FPZ,178,2.502,S1O
78,FPZ,179,2.502,S1O
78,FPZ,180,2.502,S1O
78,FPZ,181,2.502,S1O
78,FPZ,182,2.991,S1O
78,FPZ,183,2.991,S1O
78,FPZ,184,2.014,S1O
78,FPZ,185,1.526,S1O
78,FPZ,186,0.549,S1O
78,FPZ,187,0.061,S1O
78,FPZ,188,-0.427,S1O
78,FPZ,189,-0.427,S1O
78,FPZ,190,-0.916,S1O
78,FPZ,191,-1.404,S1O
78,FPZ,192,-2.380,S1O
78,FPZ,193,-2.380,S1O
78,FPZ,194,-1.404,S1O
78,FPZ,195,0.061,S1O
78,FPZ,196,0.061,S1O
78,FPZ,197,-0.427,S1O
78,FPZ,198,-1.892,S1O
78,FPZ,199,-2.380,S1O
78,FPZ,200,-1.404,S1O
78,FPZ,201,1.526,S1O
78,FPZ,202,4.944,S1O
78,FPZ,203,8.362,S1O
78,FPZ,204,9.827,S1O
78,FPZ,205,10.803,S1O
78,FPZ,206,10.315,S1O
78,FPZ,207,8.850,S1O
78,FPZ,208,7.385,S1O
78,FPZ,209,5.920,S1O
78,FPZ,210,6.409,S1O
78,FPZ,211,7.874,S1O
78,FPZ,212,9.827,S1O
78,FPZ,213,11.780,S1O
78,FPZ,214,12.268,S1O
78,FPZ,215,10.803,S1O
78,FPZ,216,8.850,S1O
78,FPZ,217,6.897,S1O
78,FPZ,218,4.944,S1O
78,FPZ,219,2.014,S1O
78,FPZ,220,-0.427,S1O
78,FPZ,221,-2.869,S1O
78,FPZ,222,-3.845,S1O
78,FPZ,223,-2.380,S1O
78,FPZ,224,0.061,S1O
78,FPZ,225,2.502,S1O
78,FPZ,226,3.967,S1O
78,FPZ,227,3.967,S1O
78,FPZ,228,3.967,S1O
78,FPZ,229,3.967,S1O
78,FPZ,230,3.967,S1O
78,FPZ,231,3.479,S1O
78,FPZ,232,2.502,S1O
78,FPZ,233,2.014,S1O
78,FPZ,234,2.014,S1O
78,FPZ,235,3.479,S1O
78,FPZ,236,6.409,S1O
78,FPZ,237,8.850,S1O
78,FPZ,238,10.315,S1O
78,FPZ,239,9.338,S1O
78,FPZ,240,7.874,S1O
78,FPZ,241,5.432,S1O
78,FPZ,242,3.479,S1O
78,FPZ,243,2.991,S1O
78,FPZ,244,2.991,S1O
78,FPZ,245,3.479,S1O
78,FPZ,246,4.944,S1O
78,FPZ,247,5.920,S1O
78,FPZ,248,5.920,S1O
78,FPZ,249,4.944,S1O
78,FPZ,250,2.991,S1O
78,FPZ,251,2.014,S1O
78,FPZ,252,1.526,S1O
78,FPZ,253,2.014,S1O
78,FPZ,254,2.502,S1O
78,FPZ,255,2.502,S1O
78,FC4,0,-2.299,S1O
78,FC4,1,-2.787,S1O
78,FC4,2,-2.299,S1O
78,FC4,3,-1.811,S1O
78,FC4,4,-1.322,S1O
78,FC4,5,-0.834,S1O
78,FC4,6,-1.811,S1O
78,FC4,7,-2.787,S1O
78,FC4,8,-3.764,S1O
78,FC4,9,-4.252,S1O
78,FC4,10,-3.764,S1O
78,FC4,11,-3.276,S1O
78,FC4,12,-3.276,S1O
78,FC4,13,-2.787,S1O
78,FC4,14,-2.787,S1O
78,FC4,15,-2.787,S1O
78,FC4,16,-2.299,S1O
78,FC4,17,-2.299,S1O
78,FC4,18,-1.811,S1O
78,FC4,19,-1.811,S1O
78,FC4,20,-1.811,S1O
78,FC4,21,-1.322,S1O
78,FC4,22,-0.834,S1O
78,FC4,23,0.142,S1O
78,FC4,24,1.119,S1O
78,FC4,25,1.607,S1O
78,FC4,26,1.119,S1O
78,FC4,27,0.631,S1O
78,FC4,28,-0.346,S1O
78,FC4,29,-0.834,S1O
78,FC4,30,-0.834,S1O
78,FC4,31,-0.346,S1O
78,FC4,32,1.119,S1O
78,FC4,33,2.096,S1O
78,FC4,34,3.072,S1O
78,FC4,35,3.072,S1O
78,FC4,36,3.560,S1O
78,FC4,37,3.072,S1O
78,FC4,38,3.072,S1O
78,FC4,39,2.584,S1O
78,FC4,40,2.096,S1O
78,FC4,41,2.584,S1O
78,FC4,42,3.072,S1O
78,FC4,43,3.072,S1O
78,FC4,44,2.584,S1O
78,FC4,45,2.096,S1O
78,FC4,46,1.607,S1O
78,FC4,47,1.119,S1O
78,FC4,48,1.607,S1O
78,FC4,49,2.096,S1O
78,FC4,50,1.607,S1O
78,FC4,51,0.142,S1O
78,FC4,52,-0.834,S1O
78,FC4,53,-1.322,S1O
78,FC4,54,-0.346,S1O
78,FC4,55,1.119,S1O
78,FC4,56,2.096,S1O
78,FC4,57,1.607,S1O
78,FC4,58,0.142,S1O
78,FC4,59,-1.322,S1O
78,FC4,60,-1.811,S1O
78,FC4,61,-0.834,S1O
78,FC4,62,0.631,S1O
78,FC4,63,1.119,S1O
78,FC4,64,1.607,S1O
78,FC4,65,1.119,S1O
78,FC4,66,1.607,S1O
78,FC4,67,2.096,S1O
78,FC4,68,2.584,S1O
78,FC4,69,3.072,S1O
78,FC4,70,2.096,S1O
78,FC4,71,1.119,S1O
78,FC4,72,-0.834,S1O
78,FC4,73,-2.299,S1O
78,FC4,74,-3.276,S1O
78,FC4,75,-3.764,S1O
78,FC4,76,-3.276,S1O
78,FC4,77,-2.299,S1O
78,FC4,78,-1.322,S1O
78,FC4,79,-0.346,S1O
78,FC4,80,0.631,S1O
78,FC4,81,0.631,S1O
78,FC4,82,0.631,S1O
78,FC4,83,1.119,S1O
78,FC4,84,1.607,S1O
78,FC4,85,2.096,S1O
78,FC4,86,2.096,S1O
78,FC4,87,3.072,S1O
78,FC4,88,3.072,S1O
78,FC4,89,4.049,S1O
78,FC4,90,4.537,S1O
78,FC4,91,5.514,S1O
78,FC4,92,6.002,S1O
78,FC4,93,5.514,S1O
78,FC4,94,5.025,S1O
78,FC4,95,5.025,S1O
78,FC4,96,4.537,S1O
78,FC4,97,4.537,S1O
78,FC4,98,4.049,S1O
78,FC4,99,3.560,S1O
78,FC4,100,3.072,S1O
78,FC4,101,2.584,S1O
78,FC4,102,3.072,S1O
78,FC4,103,3.072,S1O
78,FC4,104,4.049,S1O
78,FC4,105,4.049,S1O
78,FC4,106,4.049,S1O
78,FC4,107,4.049,S1O
78,FC4,108,3.072,S1O
78,FC4,109,2.584,S1O
78,FC4,110,2.096,S1O
78,FC4,111,1.607,S1O
78,FC4,112,1.607,S1O
78,FC4,113,2.584,S1O
78,FC4,114,4.049,S1O
78,FC4,115,5.025,S1O
78,FC4,116,5.514,S1O
78,FC4,117,5.025,S1O
78,FC4,118,3.560,S1O
78,FC4,119,2.584,S1O
78,FC4,120,3.072,S1O
78,FC4,121,4.537,S1O
78,FC4,122,6.490,S1O
78,FC4,123,6.978,S1O
78,FC4,124,6.002,S1O
78,FC4,125,4.049,S1O
78,FC4,126,2.096,S1O
78,FC4,127,0.631,S1O
78,FC4,128,0.142,S1O
78,FC4,129,0.142,S1O
78,FC4,130,1.119,S1O
78,FC4,131,1.607,S1O
78,FC4,132,1.607,S1O
78,FC4,133,0.631,S1O
78,FC4,134,-0.834,S1O
78,FC4,135,-2.299,S1O
78,FC4,136,-3.276,S1O
78,FC4,137,-3.276,S1O
78,FC4,138,-1.811,S1O
78,FC4,139,0.142,S1O
78,FC4,140,1.119,S1O
78,FC4,141,2.096,S1O
78,FC4,142,2.096,S1O
78,FC4,143,1.607,S1O
78,FC4,144,1.119,S1O
78,FC4,145,1.607,S1O
78,FC4,146,2.096,S1O
78,FC4,147,3.072,S1O
78,FC4,148,4.049,S1O
78,FC4,149,5.025,S1O
78,FC4,150,5.514,S1O
78,FC4,151,5.514,S1O
78,FC4,152,5.025,S1O
78,FC4,153,4.049,S1O
78,FC4,154,3.560,S1O
78,FC4,155,3.072,S1O
78,FC4,156,2.584,S1O
78,FC4,157,2.584,S1O
78,FC4,158,1.607,S1O
78,FC4,159,0.142,S1O
78,FC4,160,-1.322,S1O
78,FC4,161,-1.811,S1O
78,FC4,162,-1.811,S1O
78,FC4,163,-1.811,S1O
78,FC4,164,-0.834,S1O
78,FC4,165,-0.346,S1O
78,FC4,166,-0.346,S1O
78,FC4,167,-0.346,S1O
78,FC4,168,-0.346,S1O
78,FC4,169,0.142,S1O
78,FC4,170,0.631,S1O
78,FC4,171,2.096,S1O
78,FC4,172,3.072,S1O
78,FC4,173,4.049,S1O
78,FC4,174,4.537,S1O
78,FC4,175,4.537,S1O
78,FC4,176,4.537,S1O
78,FC4,177,5.025,S1O
78,FC4,178,5.514,S1O
78,FC4,179,6.490,S1O
78,FC4,180,6.490,S1O
78,FC4,181,6.002,S1O
78,FC4,182,5.025,S1O
78,FC4,183,3.560,S1O
78,FC4,184,3.072,S1O
78,FC4,185,4.049,S1O
78,FC4,186,5.025,S1O
78,FC4,187,6.002,S1O
78,FC4,188,6.490,S1O
78,FC4,189,6.002,S1O
78,FC4,190,5.514,S1O
78,FC4,191,5.025,S1O
78,FC4,192,4.537,S1O
78,FC4,193,4.537,S1O
78,FC4,194,4.537,S1O
78,FC4,195,5.025,S1O
78,FC4,196,4.049,S1O
78,FC4,197,3.072,S1O
78,FC4,198,2.584,S1O
78,FC4,199,2.096,S1O
78,FC4,200,3.072,S1O
78,FC4,201,4.049,S1O
78,FC4,202,5.025,S1O
78,FC4,203,6.002,S1O
78,FC4,204,6.002,S1O
78,FC4,205,6.002,S1O
78,FC4,206,5.025,S1O
78,FC4,207,5.025,S1O
78,FC4,208,5.025,S1O
78,FC4,209,6.002,S1O
78,FC4,210,7.467,S1O
78,FC4,211,8.443,S1O
78,FC4,212,8.443,S1O
78,FC4,213,7.955,S1O
78,FC4,214,7.467,S1O
78,FC4,215,6.978,S1O
78,FC4,216,6.978,S1O
78,FC4,217,6.978,S1O
78,FC4,218,6.002,S1O
78,FC4,219,4.049,S1O
78,FC4,220,2.096,S1O
78,FC4,221,0.631,S1O
78,FC4,222,0.142,S1O
78,FC4,223,1.119,S1O
78,FC4,224,2.584,S1O
78,FC4,225,4.049,S1O
78,FC4,226,4.537,S1O
78,FC4,227,4.049,S1O
78,FC4,228,3.072,S1O
78,FC4,229,2.096,S1O
78,FC4,230,1.607,S1O
78,FC4,231,1.119,S1O
78,FC4,232,1.607,S1O
78,FC4,233,2.584,S1O
78,FC4,234,3.560,S1O
78,FC4,235,5.025,S1O
78,FC4,236,6.490,S1O
78,FC4,237,7.955,S1O
78,FC4,238,8.931,S1O
78,FC4,239,8.443,S1O
78,FC4,240,6.490,S1O
78,FC4,241,4.537,S1O
78,FC4,242,2.584,S1O
78,FC4,243,2.096,S1O
78,FC4,244,2.096,S1O
78,FC4,245,3.560,S1O
78,FC4,246,5.514,S1O
78,FC4,247,6.490,S1O
78,FC4,248,6.978,S1O
78,FC4,249,5.514,S1O
78,FC4,250,4.049,S1O
78,FC4,251,2.096,S1O
78,FC4,252,1.607,S1O
78,FC4,253,2.096,S1O
78,FC4,254,3.560,S1O
78,FC4,255,5.025,S1O
78,FC3,0,-3.418,S1O
78,FC3,1,-2.441,S1O
78,FC3,2,-1.465,S1O
78,FC3,3,0.000,S1O
78,FC3,4,0.977,S1O
78,FC3,5,0.977,S1O
78,FC3,6,0.488,S1O
78,FC3,7,0.000,S1O
78,FC3,8,0.488,S1O
78,FC3,9,1.465,S1O
78,FC3,10,1.953,S1O
78,FC3,11,2.441,S1O
78,FC3,12,2.441,S1O
78,FC3,13,1.953,S1O
78,FC3,14,0.977,S1O
78,FC3,15,0.000,S1O
78,FC3,16,-1.465,S1O
78,FC3,17,-2.930,S1O
78,FC3,18,-4.395,S1O
78,FC3,19,-5.371,S1O
78,FC3,20,-5.371,S1O
78,FC3,21,-4.395,S1O
78,FC3,22,-3.418,S1O
78,FC3,23,-2.930,S1O
78,FC3,24,-3.418,S1O
78,FC3,25,-4.883,S1O
78,FC3,26,-5.859,S1O
78,FC3,27,-5.371,S1O
78,FC3,28,-3.906,S1O
78,FC3,29,-0.977,S1O
78,FC3,30,1.465,S1O
78,FC3,31,3.418,S1O
78,FC3,32,3.906,S1O
78,FC3,33,3.418,S1O
78,FC3,34,3.418,S1O
78,FC3,35,2.930,S1O
78,FC3,36,2.930,S1O
78,FC3,37,2.930,S1O
78,FC3,38,3.418,S1O
78,FC3,39,3.906,S1O
78,FC3,40,4.883,S1O
78,FC3,41,4.395,S1O
78,FC3,42,2.441,S1O
78,FC3,43,0.977,S1O
78,FC3,44,0.000,S1O
78,FC3,45,0.000,S1O
78,FC3,46,0.000,S1O
78,FC3,47,-0.977,S1O
78,FC3,48,-1.953,S1O
78,FC3,49,-3.906,S1O
78,FC3,50,-4.883,S1O
78,FC3,51,-4.395,S1O
78,FC3,52,-2.441,S1O
78,FC3,53,-0.977,S1O
78,FC3,54,0.000,S1O
78,FC3,55,-0.488,S1O
78,FC3,56,-0.977,S1O
78,FC3,57,-2.441,S1O
78,FC3,58,-2.930,S1O
78,FC3,59,-2.930,S1O
78,FC3,60,-1.953,S1O
78,FC3,61,-0.488,S1O
78,FC3,62,0.000,S1O
78,FC3,63,0.000,S1O
78,FC3,64,-0.488,S1O
78,FC3,65,-0.977,S1O
78,FC3,66,-0.977,S1O
78,FC3,67,0.000,S1O
78,FC3,68,0.488,S1O
78,FC3,69,0.000,S1O
78,FC3,70,-0.488,S1O
78,FC3,71,-1.465,S1O
78,FC3,72,-0.977,S1O
78,FC3,73,-0.977,S1O
78,FC3,74,-0.488,S1O
78,FC3,75,-1.465,S1O
78,FC3,76,-2.441,S1O
78,FC3,77,-2.930,S1O
78,FC3,78,-2.930,S1O
78,FC3,79,-2.441,S1O
78,FC3,80,-2.441,S1O
78,FC3,81,-2.930,S1O
78,FC3,82,-2.930,S1O
78,FC3,83,-2.930,S1O
78,FC3,84,-2.441,S1O
78,FC3,85,-1.465,S1O
78,FC3,86,-0.977,S1O
78,FC3,87,-0.488,S1O
78,FC3,88,-0.977,S1O
78,FC3,89,-0.488,S1O
78,FC3,90,-0.488,S1O
78,FC3,91,0.488,S1O
78,FC3,92,0.977,S1O
78,FC3,93,0.000,S1O
78,FC3,94,-0.488,S1O
78,FC3,95,-0.488,S1O
78,FC3,96,0.000,S1O
78,FC3,97,1.465,S1O
78,FC3,98,2.441,S1O
78,FC3,99,1.953,S1O
78,FC3,100,0.488,S1O
78,FC3,101,-1.465,S1O
78,FC3,102,-2.930,S1O
78,FC3,103,-3.418,S1O
78,FC3,104,-2.930,S1O
78,FC3,105,-2.441,S1O
78,FC3,106,-1.953,S1O
78,FC3,107,-0.488,S1O
78,FC3,108,-0.488,S1O
78,FC3,109,-1.465,S1O
78,FC3,110,-3.418,S1O
78,FC3,111,-4.883,S1O
78,FC3,112,-5.859,S1O
78,FC3,113,-5.859,S1O
78,FC3,114,-5.859,S1O
78,FC3,115,-4.883,S1O
78,FC3,116,-4.395,S1O
78,FC3,117,-2.441,S1O
78,FC3,118,-0.488,S1O
78,FC3,119,0.977,S1O
78,FC3,120,2.441,S1O
78,FC3,121,3.418,S1O
78,FC3,122,4.395,S1O
78,FC3,123,4.883,S1O
78,FC3,124,4.395,S1O
78,FC3,125,2.930,S1O
78,FC3,126,0.488,S1O
78,FC3,127,-1.953,S1O
78,FC3,128,-3.906,S1O
78,FC3,129,-4.395,S1O
78,FC3,130,-4.395,S1O
78,FC3,131,-4.395,S1O
78,FC3,132,-4.395,S1O
78,FC3,133,-4.883,S1O
78,FC3,134,-5.859,S1O
78,FC3,135,-6.348,S1O
78,FC3,136,-5.859,S1O
78,FC3,137,-4.883,S1O
78,FC3,138,-3.906,S1O
78,FC3,139,-2.930,S1O
78,FC3,140,-2.441,S1O
78,FC3,141,-1.953,S1O
78,FC3,142,-1.953,S1O
78,FC3,143,-2.441,S1O
78,FC3,144,-2.930,S1O
78,FC3,145,-2.930,S1O
78,FC3,146,-2.441,S1O
78,FC3,147,-1.465,S1O
78,FC3,148,0.000,S1O
78,FC3,149,0.488,S1O
78,FC3,150,0.977,S1O
78,FC3,151,0.000,S1O
78,FC3,152,-0.488,S1O
78,FC3,153,-0.977,S1O
78,FC3,154,-0.977,S1O
78,FC3,155,-1.465,S1O
78,FC3,156,-1.953,S1O
78,FC3,157,-3.418,S1O
78,FC3,158,-4.883,S1O
78,FC3,159,-7.324,S1O
78,FC3,160,-8.789,S1O
78,FC3,161,-9.766,S1O
78,FC3,162,-8.789,S1O
78,FC3,163,-7.324,S1O
78,FC3,164,-5.859,S1O
78,FC3,165,-4.395,S1O
78,FC3,166,-3.906,S1O
78,FC3,167,-3.418,S1O
78,FC3,168,-3.418,S1O
78,FC3,169,-4.395,S1O
78,FC3,170,-4.883,S1O
78,FC3,171,-5.371,S1O
78,FC3,172,-4.883,S1O
78,FC3,173,-3.418,S1O
78,FC3,174,-1.465,S1O
78,FC3,175,0.488,S1O
78,FC3,176,1.465,S1O
78,FC3,177,0.977,S1O
78,FC3,178,0.488,S1O
78,FC3,179,-0.488,S1O
78,FC3,180,-0.488,S1O
78,FC3,181,-0.488,S1O
78,FC3,182,-0.488,S1O
78,FC3,183,0.000,S1O
78,FC3,184,-0.488,S1O
78,FC3,185,-1.465,S1O
78,FC3,186,-2.441,S1O
78,FC3,187,-2.930,S1O
78,FC3,188,-4.395,S1O
78,FC3,189,-5.371,S1O
78,FC3,190,-6.348,S1O
78,FC3,191,-6.836,S1O
78,FC3,192,-5.859,S1O
78,FC3,193,-3.906,S1O
78,FC3,194,-1.953,S1O
78,FC3,195,-0.977,S1O
78,FC3,196,-0.977,S1O
78,FC3,197,-1.465,S1O
78,FC3,198,-1.465,S1O
78,FC3,199,-0.488,S1O
78,FC3,200,0.000,S1O
78,FC3,201,0.488,S1O
78,FC3,202,0.977,S1O
78,FC3,203,2.441,S1O
78,FC3,204,3.906,S1O
78,FC3,205,5.371,S1O
78,FC3,206,4.883,S1O
78,FC3,207,2.441,S1O
78,FC3,208,0.000,S1O
78,FC3,209,-1.465,S1O
78,FC3,210,-0.488,S1O
78,FC3,211,0.977,S1O
78,FC3,212,2.441,S1O
78,FC3,213,3.418,S1O
78,FC3,214,2.930,S1O
78,FC3,215,2.441,S1O
78,FC3,216,0.977,S1O
78,FC3,217,0.000,S1O
78,FC3,218,-0.977,S1O
78,FC3,219,-2.441,S1O
78,FC3,220,-3.906,S1O
78,FC3,221,-5.371,S1O
78,FC3,222,-5.859,S1O
78,FC3,223,-5.859,S1O
78,FC3,224,-5.859,S1O
78,FC3,225,-5.859,S1O
78,FC3,226,-4.883,S1O
78,FC3,227,-3.906,S1O
78,FC3,228,-1.953,S1O
78,FC3,229,0.488,S1O
78,FC3,230,1.465,S1O
78,FC3,231,0.977,S1O
78,FC3,232,-1.465,S1O
78,FC3,233,-3.906,S1O
78,FC3,234,-5.371,S1O
78,FC3,235,-4.883,S1O
78,FC3,236,-3.906,S1O
78,FC3,237,-2.441,S1O
78,FC3,238,-1.465,S1O
78,FC3,239,0.000,S1O
78,FC3,240,1.465,S1O
78,FC3,241,1.953,S1O
78,FC3,242,1.953,S1O
78,FC3,243,0.977,S1O
78,FC3,244,-0.488,S1O
78,FC3,245,-2.441,S1O
78,FC3,246,-4.883,S1O
78,FC3,247,-7.324,S1O
78,FC3,248,-8.789,S1O
78,FC3,249,-9.277,S1O
78,FC3,250,-8.789,S1O
78,FC3,251,-8.301,S1O
78,FC3,252,-7.324,S1O
78,FC3,253,-7.324,S1O
78,FC3,254,-7.324,S1O
78,FC3,255,-6.836,S1O
78,C6,0,-2.126,S1O
78,C6,1,-3.591,S1O
78,C6,2,-2.614,S1O
78,C6,3,-0.661,S1O
78,C6,4,0.315,S1O
78,C6,5,-0.661,S1O
78,C6,6,-3.103,S1O
78,C6,7,-4.079,S1O
78,C6,8,-3.591,S1O
78,C6,9,-2.614,S1O
78,C6,10,-3.103,S1O
78,C6,11,-4.567,S1O
78,C6,12,-5.056,S1O
78,C6,13,-3.103,S1O
78,C6,14,-0.661,S1O
78,C6,15,1.292,S1O
78,C6,16,0.804,S1O
78,C6,17,-0.661,S1O
78,C6,18,-1.638,S1O
78,C6,19,-2.126,S1O
78,C6,20,-2.126,S1O
78,C6,21,-2.126,S1O
78,C6,22,-2.614,S1O
78,C6,23,-2.126,S1O
78,C6,24,-0.661,S1O
78,C6,25,1.780,S1O
78,C6,26,2.757,S1O
78,C6,27,1.780,S1O
78,C6,28,-0.173,S1O
78,C6,29,-1.638,S1O
78,C6,30,-1.638,S1O
78,C6,31,0.315,S1O
78,C6,32,2.757,S1O
78,C6,33,4.710,S1O
78,C6,34,5.198,S1O
78,C6,35,4.710,S1O
78,C6,36,4.222,S1O
78,C6,37,3.733,S1O
78,C6,38,4.222,S1O
78,C6,39,4.710,S1O
78,C6,40,4.710,S1O
78,C6,41,4.222,S1O
78,C6,42,2.757,S1O
78,C6,43,1.780,S1O
78,C6,44,0.315,S1O
78,C6,45,0.315,S1O
78,C6,46,0.315,S1O
78,C6,47,1.292,S1O
78,C6,48,2.757,S1O
78,C6,49,3.733,S1O
78,C6,50,3.245,S1O
78,C6,51,1.292,S1O
78,C6,52,-1.149,S1O
78,C6,53,-2.614,S1O
78,C6,54,-1.638,S1O
78,C6,55,0.315,S1O
78,C6,56,1.780,S1O
78,C6,57,1.292,S1O
78,C6,58,-0.661,S1O
78,C6,59,-2.126,S1O
78,C6,60,-1.149,S1O
78,C6,61,0.804,S1O
78,C6,62,2.268,S1O
78,C6,63,2.757,S1O
78,C6,64,3.245,S1O
78,C6,65,3.245,S1O
78,C6,66,4.222,S1O
78,C6,67,4.222,S1O
78,C6,68,4.222,S1O
78,C6,69,4.222,S1O
78,C6,70,4.222,S1O
78,C6,71,3.733,S1O
78,C6,72,2.268,S1O
78,C6,73,0.804,S1O
78,C6,74,-1.149,S1O
78,C6,75,-1.149,S1O
78,C6,76,0.315,S1O
78,C6,77,2.268,S1O
78,C6,78,3.733,S1O
78,C6,79,4.222,S1O
78,C6,80,3.733,S1O
78,C6,81,2.757,S1O
78,C6,82,1.780,S1O
78,C6,83,1.780,S1O
78,C6,84,3.245,S1O
78,C6,85,5.198,S1O
78,C6,86,6.663,S1O
78,C6,87,6.663,S1O
78,C6,88,5.686,S1O
78,C6,89,5.686,S1O
78,C6,90,6.663,S1O
78,C6,91,8.128,S1O
78,C6,92,8.616,S1O
78,C6,93,7.640,S1O
78,C6,94,6.175,S1O
78,C6,95,5.686,S1O
78,C6,96,5.686,S1O
78,C6,97,6.175,S1O
78,C6,98,6.663,S1O
78,C6,99,7.640,S1O
78,C6,100,10.081,S1O
78,C6,101,12.522,S1O
78,C6,102,14.476,S1O
78,C6,103,14.476,S1O
78,C6,104,12.522,S1O
78,C6,105,9.593,S1O
78,C6,106,8.128,S1O
78,C6,107,8.616,S1O
78,C6,108,9.593,S1O
78,C6,109,9.593,S1O
78,C6,110,8.128,S1O
78,C6,111,6.663,S1O
78,C6,112,5.686,S1O
78,C6,113,6.175,S1O
78,C6,114,7.151,S1O
78,C6,115,7.640,S1O
78,C6,116,7.640,S1O
78,C6,117,7.151,S1O
78,C6,118,7.640,S1O
78,C6,119,9.104,S1O
78,C6,120,9.593,S1O
78,C6,121,9.104,S1O
78,C6,122,8.128,S1O
78,C6,123,6.663,S1O
78,C6,124,5.198,S1O
78,C6,125,4.222,S1O
78,C6,126,4.222,S1O
78,C6,127,4.710,S1O
78,C6,128,6.663,S1O
78,C6,129,8.128,S1O
78,C6,130,8.128,S1O
78,C6,131,6.175,S1O
78,C6,132,3.733,S1O
78,C6,133,2.268,S1O
78,C6,134,2.268,S1O
78,C6,135,2.757,S1O
78,C6,136,3.733,S1O
78,C6,137,3.245,S1O
78,C6,138,2.268,S1O
78,C6,139,2.268,S1O
78,C6,140,3.245,S1O
78,C6,141,4.710,S1O
78,C6,142,5.686,S1O
78,C6,143,4.710,S1O
78,C6,144,3.733,S1O
78,C6,145,3.733,S1O
78,C6,146,5.686,S1O
78,C6,147,7.640,S1O
78,C6,148,7.640,S1O
78,C6,149,6.663,S1O
78,C6,150,5.198,S1O
78,C6,151,4.222,S1O
78,C6,152,3.733,S1O
78,C6,153,4.222,S1O
78,C6,154,4.222,S1O
78,C6,155,3.733,S1O
78,C6,156,3.245,S1O
78,C6,157,2.268,S1O
78,C6,158,1.780,S1O
78,C6,159,0.804,S1O
78,C6,160,0.315,S1O
78,C6,161,0.315,S1O
78,C6,162,1.292,S1O
78,C6,163,3.245,S1O
78,C6,164,4.222,S1O
78,C6,165,4.222,S1O
78,C6,166,3.733,S1O
78,C6,167,4.710,S1O
78,C6,168,6.175,S1O
78,C6,169,8.616,S1O
78,C6,170,9.593,S1O
78,C6,171,9.593,S1O
78,C6,172,8.616,S1O
78,C6,173,7.640,S1O
78,C6,174,6.175,S1O
78,C6,175,5.686,S1O
78,C6,176,5.198,S1O
78,C6,177,5.686,S1O
78,C6,178,6.663,S1O
78,C6,179,8.616,S1O
78,C6,180,9.104,S1O
78,C6,181,8.128,S1O
78,C6,182,6.663,S1O
78,C6,183,6.663,S1O
78,C6,184,7.640,S1O
78,C6,185,9.593,S1O
78,C6,186,11.546,S1O
78,C6,187,11.058,S1O
78,C6,188,10.081,S1O
78,C6,189,8.616,S1O
78,C6,190,6.663,S1O
78,C6,191,5.686,S1O
78,C6,192,4.710,S1O
78,C6,193,3.733,S1O
78,C6,194,3.733,S1O
78,C6,195,4.222,S1O
78,C6,196,4.710,S1O
78,C6,197,4.710,S1O
78,C6,198,3.733,S1O
78,C6,199,2.268,S1O
78,C6,200,3.245,S1O
78,C6,201,5.686,S1O
78,C6,202,9.104,S1O
78,C6,203,11.546,S1O
78,C6,204,11.546,S1O
78,C6,205,9.104,S1O
78,C6,206,6.175,S1O
78,C6,207,5.198,S1O
78,C6,208,6.663,S1O
78,C6,209,8.616,S1O
78,C6,210,8.616,S1O
78,C6,211,6.663,S1O
78,C6,212,4.710,S1O
78,C6,213,4.222,S1O
78,C6,214,5.686,S1O
78,C6,215,7.151,S1O
78,C6,216,7.151,S1O
78,C6,217,4.710,S1O
78,C6,218,1.780,S1O
78,C6,219,-0.661,S1O
78,C6,220,-2.126,S1O
78,C6,221,-2.126,S1O
78,C6,222,-1.149,S1O
78,C6,223,-0.173,S1O
78,C6,224,0.804,S1O
78,C6,225,2.268,S1O
78,C6,226,3.733,S1O
78,C6,227,5.198,S1O
78,C6,228,4.710,S1O
78,C6,229,2.757,S1O
78,C6,230,0.804,S1O
78,C6,231,-0.173,S1O
78,C6,232,1.292,S1O
78,C6,233,3.733,S1O
78,C6,234,6.663,S1O
78,C6,235,8.616,S1O
78,C6,236,9.104,S1O
78,C6,237,9.593,S1O
78,C6,238,10.081,S1O
78,C6,239,9.593,S1O
78,C6,240,7.640,S1O
78,C6,241,3.733,S1O
78,C6,242,0.804,S1O
78,C6,243,0.804,S1O
78,C6,244,3.733,S1O
78,C6,245,7.640,S1O
78,C6,246,10.081,S1O
78,C6,247,10.081,S1O
78,C6,248,6.663,S1O
78,C6,249,2.268,S1O
78,C6,250,-1.149,S1O
78,C6,251,-2.614,S1O
78,C6,252,-1.638,S1O
78,C6,253,0.804,S1O
78,C6,254,3.245,S1O
78,C6,255,5.686,S1O
78,C5,0,-2.482,S1O
78,C5,1,-1.994,S1O
78,C5,2,-1.017,S1O
78,C5,3,-0.041,S1O
78,C5,4,-0.041,S1O
78,C5,5,-0.041,S1O
78,C5,6,-0.041,S1O
78,C5,7,-0.041,S1O
78,C5,8,0.936,S1O
78,C5,9,2.401,S1O
78,C5,10,2.889,S1O
78,C5,11,2.889,S1O
78,C5,12,2.401,S1O
78,C5,13,1.424,S1O
78,C5,14,0.448,S1O
78,C5,15,0.448,S1O
78,C5,16,-0.041,S1O
78,C5,17,-1.017,S1O
78,C5,18,-2.482,S1O
78,C5,19,-3.947,S1O
78,C5,20,-5.412,S1O
78,C5,21,-6.388,S1O
78,C5,22,-6.388,S1O
78,C5,23,-6.388,S1O
78,C5,24,-6.388,S1O
78,C5,25,-6.388,S1O
78,C5,26,-5.900,S1O
78,C5,27,-5.412,S1O
78,C5,28,-4.435,S1O
78,C5,29,-3.459,S1O
78,C5,30,-2.970,S1O
78,C5,31,-1.994,S1O
78,C5,32,-1.506,S1O
78,C5,33,-1.017,S1O
78,C5,34,-1.017,S1O
78,C5,35,-1.017,S1O
78,C5,36,-1.017,S1O
78,C5,37,-1.017,S1O
78,C5,38,-0.041,S1O
78,C5,39,0.448,S1O
78,C5,40,-0.041,S1O
78,C5,41,-1.506,S1O
78,C5,42,-4.435,S1O
78,C5,43,-6.388,S1O
78,C5,44,-7.853,S1O
78,C5,45,-7.853,S1O
78,C5,46,-6.877,S1O
78,C5,47,-6.388,S1O
78,C5,48,-6.388,S1O
78,C5,49,-7.365,S1O
78,C5,50,-8.341,S1O
78,C5,51,-8.341,S1O
78,C5,52,-7.365,S1O
78,C5,53,-6.388,S1O
78,C5,54,-5.412,S1O
78,C5,55,-5.412,S1O
78,C5,56,-5.900,S1O
78,C5,57,-6.388,S1O
78,C5,58,-6.877,S1O
78,C5,59,-6.877,S1O
78,C5,60,-5.412,S1O
78,C5,61,-3.947,S1O
78,C5,62,-3.459,S1O
78,C5,63,-2.970,S1O
78,C5,64,-3.459,S1O
78,C5,65,-3.459,S1O
78,C5,66,-3.459,S1O
78,C5,67,-2.970,S1O
78,C5,68,-2.482,S1O
78,C5,69,-2.482,S1O
78,C5,70,-2.970,S1O
78,C5,71,-3.459,S1O
78,C5,72,-2.970,S1O
78,C5,73,-2.482,S1O
78,C5,74,-2.482,S1O
78,C5,75,-3.459,S1O
78,C5,76,-4.435,S1O
78,C5,77,-5.412,S1O
78,C5,78,-4.924,S1O
78,C5,79,-4.924,S1O
78,C5,80,-4.924,S1O
78,C5,81,-5.900,S1O
78,C5,82,-6.877,S1O
78,C5,83,-7.853,S1O
78,C5,84,-6.877,S1O
78,C5,85,-5.412,S1O
78,C5,86,-3.947,S1O
78,C5,87,-3.459,S1O
78,C5,88,-4.435,S1O
78,C5,89,-4.435,S1O
78,C5,90,-4.435,S1O
78,C5,91,-2.970,S1O
78,C5,92,-1.994,S1O
78,C5,93,-1.506,S1O
78,C5,94,-1.506,S1O
78,C5,95,-1.506,S1O
78,C5,96,-1.506,S1O
78,C5,97,-0.529,S1O
78,C5,98,0.936,S1O
78,C5,99,2.401,S1O
78,C5,100,2.889,S1O
78,C5,101,1.912,S1O
78,C5,102,-0.041,S1O
78,C5,103,-1.506,S1O
78,C5,104,-2.482,S1O
78,C5,105,-2.970,S1O
78,C5,106,-2.482,S1O
78,C5,107,-2.482,S1O
78,C5,108,-2.482,S1O
78,C5,109,-2.970,S1O
78,C5,110,-4.435,S1O
78,C5,111,-5.412,S1O
78,C5,112,-6.388,S1O
78,C5,113,-7.365,S1O
78,C5,114,-8.341,S1O
78,C5,115,-8.341,S1O
78,C5,116,-7.853,S1O
78,C5,117,-6.388,S1O
78,C5,118,-4.435,S1O
78,C5,119,-2.482,S1O
78,C5,120,-1.017,S1O
78,C5,121,-0.041,S1O
78,C5,122,-0.041,S1O
78,C5,123,0.448,S1O
78,C5,124,0.448,S1O
78,C5,125,0.448,S1O
78,C5,126,-0.041,S1O
78,C5,127,-1.506,S1O
78,C5,128,-2.970,S1O
78,C5,129,-4.435,S1O
78,C5,130,-5.412,S1O
78,C5,131,-5.412,S1O
78,C5,132,-4.924,S1O
78,C5,133,-3.947,S1O
78,C5,134,-3.947,S1O
78,C5,135,-4.435,S1O
78,C5,136,-5.412,S1O
78,C5,137,-5.900,S1O
78,C5,138,-5.900,S1O
78,C5,139,-5.412,S1O
78,C5,140,-4.924,S1O
78,C5,141,-3.947,S1O
78,C5,142,-3.459,S1O
78,C5,143,-3.459,S1O
78,C5,144,-3.947,S1O
78,C5,145,-3.947,S1O
78,C5,146,-3.947,S1O
78,C5,147,-2.482,S1O
78,C5,148,-1.506,S1O
78,C5,149,-1.506,S1O
78,C5,150,-2.482,S1O
78,C5,151,-4.924,S1O
78,C5,152,-6.877,S1O
78,C5,153,-7.853,S1O
78,C5,154,-7.365,S1O
78,C5,155,-5.900,S1O
78,C5,156,-5.412,S1O
78,C5,157,-5.412,S1O
78,C5,158,-6.388,S1O
78,C5,159,-7.365,S1O
78,C5,160,-8.341,S1O
78,C5,161,-8.830,S1O
78,C5,162,-8.341,S1O
78,C5,163,-7.365,S1O
78,C5,164,-6.877,S1O
78,C5,165,-6.388,S1O
78,C5,166,-5.900,S1O
78,C5,167,-4.435,S1O
78,C5,168,-2.482,S1O
78,C5,169,-1.017,S1O
78,C5,170,-0.529,S1O
78,C5,171,-1.017,S1O
78,C5,172,-1.506,S1O
78,C5,173,-1.506,S1O
78,C5,174,-1.017,S1O
78,C5,175,-0.529,S1O
78,C5,176,-0.529,S1O
78,C5,177,-2.482,S1O
78,C5,178,-4.435,S1O
78,C5,179,-5.412,S1O
78,C5,180,-4.924,S1O
78,C5,181,-1.994,S1O
78,C5,182,1.912,S1O
78,C5,183,4.842,S1O
78,C5,184,6.795,S1O
78,C5,185,6.795,S1O
78,C5,186,4.842,S1O
78,C5,187,1.912,S1O
78,C5,188,-0.529,S1O
78,C5,189,-2.970,S1O
78,C5,190,-4.435,S1O
78,C5,191,-4.924,S1O
78,C5,192,-4.435,S1O
78,C5,193,-3.459,S1O
78,C5,194,-2.482,S1O
78,C5,195,-1.506,S1O
78,C5,196,-1.017,S1O
78,C5,197,-0.041,S1O
78,C5,198,0.448,S1O
78,C5,199,0.936,S1O
78,C5,200,1.424,S1O
78,C5,201,2.401,S1O
78,C5,202,3.377,S1O
78,C5,203,4.842,S1O
78,C5,204,7.284,S1O
78,C5,205,8.748,S1O
78,C5,206,8.260,S1O
78,C5,207,6.795,S1O
78,C5,208,3.866,S1O
78,C5,209,1.912,S1O
78,C5,210,1.912,S1O
78,C5,211,3.377,S1O
78,C5,212,4.354,S1O
78,C5,213,3.866,S1O
78,C5,214,2.401,S1O
78,C5,215,0.448,S1O
78,C5,216,-1.017,S1O
78,C5,217,-1.506,S1O
78,C5,218,-1.506,S1O
78,C5,219,-2.482,S1O
78,C5,220,-4.435,S1O
78,C5,221,-6.388,S1O
78,C5,222,-7.853,S1O
78,C5,223,-7.853,S1O
78,C5,224,-7.365,S1O
78,C5,225,-5.900,S1O
78,C5,226,-3.459,S1O
78,C5,227,-0.529,S1O
78,C5,228,2.889,S1O
78,C5,229,4.842,S1O
78,C5,230,4.842,S1O
78,C5,231,3.377,S1O
78,C5,232,1.424,S1O
78,C5,233,-0.041,S1O
78,C5,234,0.936,S1O
78,C5,235,2.401,S1O
78,C5,236,3.866,S1O
78,C5,237,4.354,S1O
78,C5,238,4.354,S1O
78,C5,239,5.330,S1O
78,C5,240,6.307,S1O
78,C5,241,6.795,S1O
78,C5,242,5.819,S1O
78,C5,243,4.842,S1O
78,C5,244,3.377,S1O
78,C5,245,1.912,S1O
78,C5,246,-0.041,S1O
78,C5,247,-2.482,S1O
78,C5,248,-5.900,S1O
78,C5,249,-8.830,S1O
78,C5,250,-11.271,S1O
78,C5,251,-12.248,S1O
78,C5,252,-11.759,S1O
78,C5,253,-10.783,S1O
78,C5,254,-9.318,S1O
78,C5,255,-7.853,S1O
78,F2,0,-6.042,S1O
78,F2,1,-4.578,S1O
78,F2,2,-3.113,S1O
78,F2,3,-2.625,S1O
78,F2,4,-3.113,S1O
78,F2,5,-4.578,S1O
78,F2,6,-5.066,S1O
78,F2,7,-5.554,S1O
78,F2,8,-5.554,S1O
78,F2,9,-5.066,S1O
78,F2,10,-4.578,S1O
78,F2,11,-3.601,S1O
78,F2,12,-2.625,S1O
78,F2,13,-2.136,S1O
78,F2,14,-2.136,S1O
78,F2,15,-2.625,S1O
78,F2,16,-3.601,S1O
78,F2,17,-5.066,S1O
78,F2,18,-5.554,S1O
78,F2,19,-6.042,S1O
78,F2,20,-6.531,S1O
78,F2,21,-5.554,S1O
78,F2,22,-4.089,S1O
78,F2,23,-2.625,S1O
78,F2,24,-1.648,S1O
78,F2,25,-2.625,S1O
78,F2,26,-4.578,S1O
78,F2,27,-5.554,S1O
78,F2,28,-5.066,S1O
78,F2,29,-3.113,S1O
78,F2,30,-0.183,S1O
78,F2,31,2.258,S1O
78,F2,32,3.723,S1O
78,F2,33,4.700,S1O
78,F2,34,5.188,S1O
78,F2,35,5.676,S1O
78,F2,36,5.676,S1O
78,F2,37,4.700,S1O
78,F2,38,4.700,S1O
78,F2,39,5.188,S1O
78,F2,40,5.676,S1O
78,F2,41,5.676,S1O
78,F2,42,4.211,S1O
78,F2,43,1.770,S1O
78,F2,44,-0.183,S1O
78,F2,45,-1.160,S1O
78,F2,46,-1.160,S1O
78,F2,47,-1.160,S1O
78,F2,48,-2.625,S1O
78,F2,49,-5.066,S1O
78,F2,50,-7.019,S1O
78,F2,51,-6.042,S1O
78,F2,52,-3.601,S1O
78,F2,53,-0.671,S1O
78,F2,54,1.282,S1O
78,F2,55,0.793,S1O
78,F2,56,-0.671,S1O
78,F2,57,-2.136,S1O
78,F2,58,-3.113,S1O
78,F2,59,-2.625,S1O
78,F2,60,-1.160,S1O
78,F2,61,-0.183,S1O
78,F2,62,0.305,S1O
78,F2,63,-0.183,S1O
78,F2,64,-0.671,S1O
78,F2,65,-1.160,S1O
78,F2,66,-0.671,S1O
78,F2,67,0.305,S1O
78,F2,68,1.770,S1O
78,F2,69,2.258,S1O
78,F2,70,1.770,S1O
78,F2,71,-0.183,S1O
78,F2,72,-1.160,S1O
78,F2,73,-1.648,S1O
78,F2,74,-1.648,S1O
78,F2,75,-1.160,S1O
78,F2,76,-0.183,S1O
78,F2,77,0.305,S1O
78,F2,78,-0.183,S1O
78,F2,79,-1.648,S1O
78,F2,80,-2.625,S1O
78,F2,81,-2.136,S1O
78,F2,82,-0.671,S1O
78,F2,83,1.770,S1O
78,F2,84,2.258,S1O
78,F2,85,1.770,S1O
78,F2,86,1.282,S1O
78,F2,87,1.282,S1O
78,F2,88,2.747,S1O
78,F2,89,4.211,S1O
78,F2,90,5.188,S1O
78,F2,91,5.188,S1O
78,F2,92,4.211,S1O
78,F2,93,3.235,S1O
78,F2,94,2.747,S1O
78,F2,95,3.235,S1O
78,F2,96,3.723,S1O
78,F2,97,4.700,S1O
78,F2,98,5.188,S1O
78,F2,99,4.211,S1O
78,F2,100,2.747,S1O
78,F2,101,0.793,S1O
78,F2,102,-0.183,S1O
78,F2,103,-0.183,S1O
78,F2,104,0.793,S1O
78,F2,105,2.258,S1O
78,F2,106,2.747,S1O
78,F2,107,2.747,S1O
78,F2,108,2.258,S1O
78,F2,109,0.305,S1O
78,F2,110,-1.648,S1O
78,F2,111,-2.625,S1O
78,F2,112,-2.136,S1O
78,F2,113,-0.183,S1O
78,F2,114,2.747,S1O
78,F2,115,4.700,S1O
78,F2,116,5.676,S1O
78,F2,117,4.700,S1O
78,F2,118,4.211,S1O
78,F2,119,5.188,S1O
78,F2,120,7.141,S1O
78,F2,121,9.583,S1O
78,F2,122,11.047,S1O
78,F2,123,10.559,S1O
78,F2,124,8.606,S1O
78,F2,125,4.700,S1O
78,F2,126,0.793,S1O
78,F2,127,-2.625,S1O
78,F2,128,-4.089,S1O
78,F2,129,-4.089,S1O
78,F2,130,-3.601,S1O
78,F2,131,-2.625,S1O
78,F2,132,-2.625,S1O
78,F2,133,-4.089,S1O
78,F2,134,-6.531,S1O
78,F2,135,-8.484,S1O
78,F2,136,-8.484,S1O
78,F2,137,-6.531,S1O
78,F2,138,-3.601,S1O
78,F2,139,-0.671,S1O
78,F2,140,1.282,S1O
78,F2,141,1.770,S1O
78,F2,142,1.770,S1O
78,F2,143,1.282,S1O
78,F2,144,0.305,S1O
78,F2,145,0.305,S1O
78,F2,146,0.793,S1O
78,F2,147,1.770,S1O
78,F2,148,3.235,S1O
78,F2,149,4.211,S1O
78,F2,150,5.188,S1O
78,F2,151,5.188,S1O
78,F2,152,4.700,S1O
78,F2,153,4.211,S1O
78,F2,154,3.723,S1O
78,F2,155,2.747,S1O
78,F2,156,0.793,S1O
78,F2,157,-0.671,S1O
78,F2,158,-2.625,S1O
78,F2,159,-4.578,S1O
78,F2,160,-6.531,S1O
78,F2,161,-7.507,S1O
78,F2,162,-6.531,S1O
78,F2,163,-4.578,S1O
78,F2,164,-3.113,S1O
78,F2,165,-2.625,S1O
78,F2,166,-3.601,S1O
78,F2,167,-5.066,S1O
78,F2,168,-5.554,S1O
78,F2,169,-4.578,S1O
78,F2,170,-3.113,S1O
78,F2,171,-1.648,S1O
78,F2,172,-0.671,S1O
78,F2,173,-0.183,S1O
78,F2,174,0.793,S1O
78,F2,175,2.258,S1O
78,F2,176,3.235,S1O
78,F2,177,4.211,S1O
78,F2,178,4.700,S1O
78,F2,179,4.700,S1O
78,F2,180,4.700,S1O
78,F2,181,4.211,S1O
78,F2,182,3.235,S1O
78,F2,183,2.747,S1O
78,F2,184,2.258,S1O
78,F2,185,1.770,S1O
78,F2,186,0.793,S1O
78,F2,187,0.793,S1O
78,F2,188,0.793,S1O
78,F2,189,0.793,S1O
78,F2,190,0.793,S1O
78,F2,191,-0.183,S1O
78,F2,192,-0.671,S1O
78,F2,193,0.305,S1O
78,F2,194,0.793,S1O
78,F2,195,0.305,S1O
78,F2,196,-1.160,S1O
78,F2,197,-2.136,S1O
78,F2,198,-2.136,S1O
78,F2,199,-1.160,S1O
78,F2,200,1.282,S1O
78,F2,201,1.770,S1O
78,F2,202,2.258,S1O
78,F2,203,2.258,S1O
78,F2,204,3.235,S1O
78,F2,205,5.188,S1O
78,F2,206,5.188,S1O
78,F2,207,3.235,S1O
78,F2,208,1.282,S1O
78,F2,209,0.793,S1O
78,F2,210,2.747,S1O
78,F2,211,5.188,S1O
78,F2,212,6.165,S1O
78,F2,213,6.165,S1O
78,F2,214,6.165,S1O
78,F2,215,6.165,S1O
78,F2,216,6.165,S1O
78,F2,217,4.211,S1O
78,F2,218,0.793,S1O
78,F2,219,-3.113,S1O
78,F2,220,-5.554,S1O
78,F2,221,-5.554,S1O
78,F2,222,-3.601,S1O
78,F2,223,-1.648,S1O
78,F2,224,-1.160,S1O
78,F2,225,-0.671,S1O
78,F2,226,-0.183,S1O
78,F2,227,-0.183,S1O
78,F2,228,-0.671,S1O
78,F2,229,-2.136,S1O
78,F2,230,-3.601,S1O
78,F2,231,-4.089,S1O
78,F2,232,-3.601,S1O
78,F2,233,-2.625,S1O
78,F2,234,-1.160,S1O
78,F2,235,-0.183,S1O
78,F2,236,1.282,S1O
78,F2,237,2.258,S1O
78,F2,238,2.258,S1O
78,F2,239,2.258,S1O
78,F2,240,0.793,S1O
78,F2,241,-1.160,S1O
78,F2,242,-2.625,S1O
78,F2,243,-3.113,S1O
78,F2,244,-2.625,S1O
78,F2,245,-1.160,S1O
78,F2,246,-0.183,S1O
78,F2,247,0.793,S1O
78,F2,248,2.258,S1O
78,F2,249,3.235,S1O
78,F2,250,3.723,S1O
78,F2,251,3.235,S1O
78,F2,252,1.770,S1O
78,F2,253,1.282,S1O
78,F2,254,0.305,S1O
78,F2,255,-0.183,S1O
78,F1,0,-4.710,S1O
78,F1,1,-5.198,S1O
78,F1,2,-4.222,S1O
78,F1,3,-3.245,S1O
78,F1,4,-2.268,S1O
78,F1,5,-1.780,S1O
78,F1,6,-2.268,S1O
78,F1,7,-2.268,S1O
78,F1,8,-2.757,S1O
78,F1,9,-2.268,S1O
78,F1,10,-1.292,S1O
78,F1,11,-0.804,S1O
78,F1,12,-0.315,S1O
78,F1,13,-0.315,S1O
78,F1,14,-1.292,S1O
78,F1,15,-2.268,S1O
78,F1,16,-3.733,S1O
78,F1,17,-5.198,S1O
78,F1,18,-7.151,S1O
78,F1,19,-8.616,S1O
78,F1,20,-9.104,S1O
78,F1,21,-8.616,S1O
78,F1,22,-7.151,S1O
78,F1,23,-4.710,S1O
78,F1,24,-4.222,S1O
78,F1,25,-4.710,S1O
78,F1,26,-6.663,S1O
78,F1,27,-8.616,S1O
78,F1,28,-8.128,S1O
78,F1,29,-5.686,S1O
78,F1,30,-1.292,S1O
78,F1,31,3.103,S1O
78,F1,32,5.544,S1O
78,F1,33,6.521,S1O
78,F1,34,6.032,S1O
78,F1,35,5.056,S1O
78,F1,36,4.079,S1O
78,F1,37,3.591,S1O
78,F1,38,2.614,S1O
78,F1,39,2.614,S1O
78,F1,40,2.614,S1O
78,F1,41,3.103,S1O
78,F1,42,3.591,S1O
78,F1,43,3.103,S1O
78,F1,44,1.149,S1O
78,F1,45,-0.804,S1O
78,F1,46,-3.245,S1O
78,F1,47,-4.710,S1O
78,F1,48,-5.198,S1O
78,F1,49,-5.686,S1O
78,F1,50,-6.175,S1O
78,F1,51,-7.151,S1O
78,F1,52,-7.151,S1O
78,F1,53,-6.175,S1O
78,F1,54,-4.710,S1O
78,F1,55,-3.733,S1O
78,F1,56,-4.222,S1O
78,F1,57,-6.175,S1O
78,F1,58,-8.128,S1O
78,F1,59,-8.616,S1O
78,F1,60,-8.128,S1O
78,F1,61,-6.175,S1O
78,F1,62,-4.710,S1O
78,F1,63,-3.733,S1O
78,F1,64,-4.222,S1O
78,F1,65,-4.710,S1O
78,F1,66,-4.710,S1O
78,F1,67,-4.222,S1O
78,F1,68,-3.733,S1O
78,F1,69,-3.733,S1O
78,F1,70,-4.222,S1O
78,F1,71,-5.198,S1O
78,F1,72,-6.663,S1O
78,F1,73,-7.151,S1O
78,F1,74,-7.640,S1O
78,F1,75,-8.128,S1O
78,F1,76,-8.128,S1O
78,F1,77,-8.128,S1O
78,F1,78,-8.616,S1O
78,F1,79,-8.616,S1O
78,F1,80,-9.104,S1O
78,F1,81,-9.104,S1O
78,F1,82,-9.104,S1O
78,F1,83,-8.128,S1O
78,F1,84,-7.151,S1O
78,F1,85,-6.175,S1O
78,F1,86,-5.686,S1O
78,F1,87,-6.175,S1O
78,F1,88,-6.663,S1O
78,F1,89,-7.151,S1O
78,F1,90,-7.151,S1O
78,F1,91,-6.663,S1O
78,F1,92,-5.686,S1O
78,F1,93,-5.686,S1O
78,F1,94,-5.686,S1O
78,F1,95,-5.686,S1O
78,F1,96,-5.198,S1O
78,F1,97,-4.222,S1O
78,F1,98,-3.245,S1O
78,F1,99,-2.757,S1O
78,F1,100,-3.733,S1O
78,F1,101,-5.686,S1O
78,F1,102,-8.128,S1O
78,F1,103,-10.081,S1O
78,F1,104,-10.569,S1O
78,F1,105,-10.081,S1O
78,F1,106,-9.104,S1O
78,F1,107,-8.128,S1O
78,F1,108,-8.128,S1O
78,F1,109,-9.104,S1O
78,F1,110,-10.569,S1O
78,F1,111,-12.034,S1O
78,F1,112,-13.011,S1O
78,F1,113,-12.522,S1O
78,F1,114,-10.569,S1O
78,F1,115,-8.128,S1O
78,F1,116,-6.175,S1O
78,F1,117,-5.198,S1O
78,F1,118,-4.222,S1O
78,F1,119,-3.733,S1O
78,F1,120,-2.757,S1O
78,F1,121,-1.780,S1O
78,F1,122,-0.804,S1O
78,F1,123,-0.315,S1O
78,F1,124,-0.804,S1O
78,F1,125,-2.268,S1O
78,F1,126,-4.710,S1O
78,F1,127,-7.640,S1O
78,F1,128,-10.081,S1O
78,F1,129,-12.034,S1O
78,F1,130,-11.546,S1O
78,F1,131,-10.569,S1O
78,F1,132,-9.104,S1O
78,F1,133,-8.616,S1O
78,F1,134,-10.081,S1O
78,F1,135,-12.034,S1O
78,F1,136,-13.499,S1O
78,F1,137,-13.011,S1O
78,F1,138,-10.569,S1O
78,F1,139,-6.663,S1O
78,F1,140,-3.733,S1O
78,F1,141,-2.268,S1O
78,F1,142,-2.757,S1O
78,F1,143,-4.710,S1O
78,F1,144,-7.151,S1O
78,F1,145,-8.616,S1O
78,F1,146,-9.104,S1O
78,F1,147,-8.616,S1O
78,F1,148,-6.663,S1O
78,F1,149,-4.710,S1O
78,F1,150,-2.268,S1O
78,F1,151,-1.292,S1O
78,F1,152,-1.292,S1O
78,F1,153,-2.268,S1O
78,F1,154,-2.757,S1O
78,F1,155,-3.733,S1O
78,F1,156,-5.198,S1O
78,F1,157,-6.175,S1O
78,F1,158,-8.128,S1O
78,F1,159,-10.569,S1O
78,F1,160,-12.522,S1O
78,F1,161,-13.987,S1O
78,F1,162,-13.987,S1O
78,F1,163,-13.499,S1O
78,F1,164,-12.034,S1O
78,F1,165,-10.569,S1O
78,F1,166,-9.593,S1O
78,F1,167,-9.593,S1O
78,F1,168,-10.081,S1O
78,F1,169,-10.569,S1O
78,F1,170,-10.569,S1O
78,F1,171,-10.081,S1O
78,F1,172,-8.616,S1O
78,F1,173,-6.663,S1O
78,F1,174,-4.710,S1O
78,F1,175,-2.268,S1O
78,F1,176,-0.315,S1O
78,F1,177,1.638,S1O
78,F1,178,2.614,S1O
78,F1,179,2.614,S1O
78,F1,180,1.638,S1O
78,F1,181,0.173,S1O
78,F1,182,-1.292,S1O
78,F1,183,-1.780,S1O
78,F1,184,-2.268,S1O
78,F1,185,-2.757,S1O
78,F1,186,-3.245,S1O
78,F1,187,-4.222,S1O
78,F1,188,-4.222,S1O
78,F1,189,-4.710,S1O
78,F1,190,-5.686,S1O
78,F1,191,-6.663,S1O
78,F1,192,-7.640,S1O
78,F1,193,-7.151,S1O
78,F1,194,-6.175,S1O
78,F1,195,-5.198,S1O
78,F1,196,-4.710,S1O
78,F1,197,-5.198,S1O
78,F1,198,-6.175,S1O
78,F1,199,-7.151,S1O
78,F1,200,-6.663,S1O
78,F1,201,-4.710,S1O
78,F1,202,-3.245,S1O
78,F1,203,-1.292,S1O
78,F1,204,-0.804,S1O
78,F1,205,-0.315,S1O
78,F1,206,-0.804,S1O
78,F1,207,-1.292,S1O
78,F1,208,-2.757,S1O
78,F1,209,-3.733,S1O
78,F1,210,-4.222,S1O
78,F1,211,-3.245,S1O
78,F1,212,-0.315,S1O
78,F1,213,3.103,S1O
78,F1,214,5.544,S1O
78,F1,215,6.521,S1O
78,F1,216,5.544,S1O
78,F1,217,3.103,S1O
78,F1,218,0.173,S1O
78,F1,219,-3.245,S1O
78,F1,220,-6.175,S1O
78,F1,221,-9.104,S1O
78,F1,222,-9.593,S1O
78,F1,223,-8.616,S1O
78,F1,224,-6.175,S1O
78,F1,225,-3.733,S1O
78,F1,226,-2.268,S1O
78,F1,227,-2.268,S1O
78,F1,228,-2.268,S1O
78,F1,229,-2.757,S1O
78,F1,230,-2.757,S1O
78,F1,231,-2.757,S1O
78,F1,232,-3.245,S1O
78,F1,233,-3.733,S1O
78,F1,234,-4.710,S1O
78,F1,235,-4.222,S1O
78,F1,236,-3.245,S1O
78,F1,237,-1.292,S1O
78,F1,238,-0.315,S1O
78,F1,239,0.173,S1O
78,F1,240,-0.804,S1O
78,F1,241,-1.292,S1O
78,F1,242,-2.268,S1O
78,F1,243,-2.268,S1O
78,F1,244,-2.268,S1O
78,F1,245,-2.268,S1O
78,F1,246,-2.757,S1O
78,F1,247,-3.245,S1O
78,F1,248,-3.245,S1O
78,F1,249,-3.245,S1O
78,F1,250,-3.733,S1O
78,F1,251,-3.733,S1O
78,F1,252,-3.245,S1O
78,F1,253,-2.757,S1O
78,F1,254,-2.757,S1O
78,F1,255,-3.245,S1O
78,TP8,0,-1.536,S1O
78,TP8,1,-3.977,S1O
78,TP8,2,-5.931,S1O
78,TP8,3,-5.442,S1O
78,TP8,4,-3.489,S1O
78,TP8,5,-3.001,S1O
78,TP8,6,-3.489,S1O
78,TP8,7,-5.442,S1O
78,TP8,8,-6.419,S1O
78,TP8,9,-4.954,S1O
78,TP8,10,-2.024,S1O
78,TP8,11,0.417,S1O
78,TP8,12,0.905,S1O
78,TP8,13,-1.048,S1O
78,TP8,14,-3.001,S1O
78,TP8,15,-4.466,S1O
78,TP8,16,-3.489,S1O
78,TP8,17,-3.001,S1O
78,TP8,18,-3.977,S1O
78,TP8,19,-6.907,S1O
78,TP8,20,-9.349,S1O
78,TP8,21,-10.325,S1O
78,TP8,22,-8.372,S1O
78,TP8,23,-4.466,S1O
78,TP8,24,-1.048,S1O
78,TP8,25,0.417,S1O
78,TP8,26,0.417,S1O
78,TP8,27,-0.559,S1O
78,TP8,28,-1.048,S1O
78,TP8,29,-1.048,S1O
78,TP8,30,-1.536,S1O
78,TP8,31,-2.024,S1O
78,TP8,32,-2.513,S1O
78,TP8,33,-0.559,S1O
78,TP8,34,3.347,S1O
78,TP8,35,6.765,S1O
78,TP8,36,8.718,S1O
78,TP8,37,7.741,S1O
78,TP8,38,4.812,S1O
78,TP8,39,1.882,S1O
78,TP8,40,1.394,S1O
78,TP8,41,2.858,S1O
78,TP8,42,4.323,S1O
78,TP8,43,3.835,S1O
78,TP8,44,0.905,S1O
78,TP8,45,-2.513,S1O
78,TP8,46,-4.466,S1O
78,TP8,47,-2.513,S1O
78,TP8,48,1.394,S1O
78,TP8,49,4.323,S1O
78,TP8,50,5.300,S1O
78,TP8,51,2.370,S1O
78,TP8,52,-1.536,S1O
78,TP8,53,-4.466,S1O
78,TP8,54,-4.954,S1O
78,TP8,55,-3.977,S1O
78,TP8,56,-2.024,S1O
78,TP8,57,-1.536,S1O
78,TP8,58,-2.513,S1O
78,TP8,59,-3.489,S1O
78,TP8,60,-3.001,S1O
78,TP8,61,-0.559,S1O
78,TP8,62,2.370,S1O
78,TP8,63,3.835,S1O
78,TP8,64,2.858,S1O
78,TP8,65,0.905,S1O
78,TP8,66,-0.559,S1O
78,TP8,67,0.417,S1O
78,TP8,68,2.370,S1O
78,TP8,69,3.347,S1O
78,TP8,70,3.347,S1O
78,TP8,71,2.370,S1O
78,TP8,72,1.882,S1O
78,TP8,73,2.858,S1O
78,TP8,74,4.812,S1O
78,TP8,75,6.276,S1O
78,TP8,76,5.788,S1O
78,TP8,77,3.835,S1O
78,TP8,78,0.905,S1O
78,TP8,79,-0.559,S1O
78,TP8,80,-0.071,S1O
78,TP8,81,1.882,S1O
78,TP8,82,3.347,S1O
78,TP8,83,2.858,S1O
78,TP8,84,2.370,S1O
78,TP8,85,2.370,S1O
78,TP8,86,3.835,S1O
78,TP8,87,6.276,S1O
78,TP8,88,8.230,S1O
78,TP8,89,9.206,S1O
78,TP8,90,8.230,S1O
78,TP8,91,6.765,S1O
78,TP8,92,6.765,S1O
78,TP8,93,8.230,S1O
78,TP8,94,10.183,S1O
78,TP8,95,10.671,S1O
78,TP8,96,10.183,S1O
78,TP8,97,8.718,S1O
78,TP8,98,8.230,S1O
78,TP8,99,10.183,S1O
78,TP8,100,12.624,S1O
78,TP8,101,16.042,S1O
78,TP8,102,17.995,S1O
78,TP8,103,17.995,S1O
78,TP8,104,16.042,S1O
78,TP8,105,13.112,S1O
78,TP8,106,9.694,S1O
78,TP8,107,7.741,S1O
78,TP8,108,6.765,S1O
78,TP8,109,6.765,S1O
78,TP8,110,6.276,S1O
78,TP8,111,5.300,S1O
78,TP8,112,3.835,S1O
78,TP8,113,2.370,S1O
78,TP8,114,2.858,S1O
78,TP8,115,4.323,S1O
78,TP8,116,7.253,S1O
78,TP8,117,9.206,S1O
78,TP8,118,9.206,S1O
78,TP8,119,7.253,S1O
78,TP8,120,5.300,S1O
78,TP8,121,4.323,S1O
78,TP8,122,4.812,S1O
78,TP8,123,5.300,S1O
78,TP8,124,5.300,S1O
78,TP8,125,4.323,S1O
78,TP8,126,3.347,S1O
78,TP8,127,3.835,S1O
78,TP8,128,5.788,S1O
78,TP8,129,8.230,S1O
78,TP8,130,9.206,S1O
78,TP8,131,7.741,S1O
78,TP8,132,4.812,S1O
78,TP8,133,1.882,S1O
78,TP8,134,0.905,S1O
78,TP8,135,1.394,S1O
78,TP8,136,2.370,S1O
78,TP8,137,1.394,S1O
78,TP8,138,-1.536,S1O
78,TP8,139,-3.977,S1O
78,TP8,140,-4.954,S1O
78,TP8,141,-2.513,S1O
78,TP8,142,2.370,S1O
78,TP8,143,6.765,S1O
78,TP8,144,9.206,S1O
78,TP8,145,8.718,S1O
78,TP8,146,6.276,S1O
78,TP8,147,4.812,S1O
78,TP8,148,4.323,S1O
78,TP8,149,5.300,S1O
78,TP8,150,5.788,S1O
78,TP8,151,4.812,S1O
78,TP8,152,2.370,S1O
78,TP8,153,0.417,S1O
78,TP8,154,-0.071,S1O
78,TP8,155,0.905,S1O
78,TP8,156,2.858,S1O
78,TP8,157,4.323,S1O
78,TP8,158,3.347,S1O
78,TP8,159,1.394,S1O
78,TP8,160,-1.048,S1O
78,TP8,161,-3.001,S1O
78,TP8,162,-2.513,S1O
78,TP8,163,-1.536,S1O
78,TP8,164,-0.559,S1O
78,TP8,165,-0.071,S1O
78,TP8,166,0.417,S1O
78,TP8,167,1.394,S1O
78,TP8,168,3.835,S1O
78,TP8,169,6.765,S1O
78,TP8,170,9.206,S1O
78,TP8,171,9.206,S1O
78,TP8,172,8.230,S1O
78,TP8,173,6.276,S1O
78,TP8,174,4.812,S1O
78,TP8,175,2.858,S1O
78,TP8,176,1.394,S1O
78,TP8,177,0.417,S1O
78,TP8,178,0.417,S1O
78,TP8,179,1.882,S1O
78,TP8,180,4.323,S1O
78,TP8,181,5.788,S1O
78,TP8,182,5.788,S1O
78,TP8,183,4.323,S1O
78,TP8,184,2.858,S1O
78,TP8,185,3.347,S1O
78,TP8,186,6.276,S1O
78,TP8,187,9.206,S1O
78,TP8,188,10.671,S1O
78,TP8,189,9.206,S1O
78,TP8,190,6.276,S1O
78,TP8,191,3.347,S1O
78,TP8,192,2.858,S1O
78,TP8,193,3.347,S1O
78,TP8,194,4.323,S1O
78,TP8,195,3.835,S1O
78,TP8,196,2.370,S1O
78,TP8,197,-0.071,S1O
78,TP8,198,-1.536,S1O
78,TP8,199,-2.024,S1O
78,TP8,200,-0.559,S1O
78,TP8,201,1.394,S1O
78,TP8,202,4.323,S1O
78,TP8,203,7.253,S1O
78,TP8,204,9.694,S1O
78,TP8,205,10.671,S1O
78,TP8,206,10.183,S1O
78,TP8,207,8.230,S1O
78,TP8,208,6.765,S1O
78,TP8,209,6.276,S1O
78,TP8,210,5.788,S1O
78,TP8,211,5.788,S1O
78,TP8,212,4.323,S1O
78,TP8,213,2.370,S1O
78,TP8,214,0.905,S1O
78,TP8,215,-0.071,S1O
78,TP8,216,-0.071,S1O
78,TP8,217,-0.071,S1O
78,TP8,218,-1.048,S1O
78,TP8,219,-3.489,S1O
78,TP8,220,-6.419,S1O
78,TP8,221,-8.860,S1O
78,TP8,222,-9.349,S1O
78,TP8,223,-7.395,S1O
78,TP8,224,-4.466,S1O
78,TP8,225,-1.536,S1O
78,TP8,226,1.394,S1O
78,TP8,227,3.347,S1O
78,TP8,228,4.323,S1O
78,TP8,229,3.835,S1O
78,TP8,230,2.858,S1O
78,TP8,231,1.394,S1O
78,TP8,232,1.394,S1O
78,TP8,233,2.370,S1O
78,TP8,234,4.323,S1O
78,TP8,235,6.276,S1O
78,TP8,236,7.741,S1O
78,TP8,237,8.718,S1O
78,TP8,238,7.741,S1O
78,TP8,239,5.788,S1O
78,TP8,240,3.347,S1O
78,TP8,241,0.905,S1O
78,TP8,242,0.417,S1O
78,TP8,243,1.882,S1O
78,TP8,244,4.812,S1O
78,TP8,245,7.741,S1O
78,TP8,246,9.206,S1O
78,TP8,247,8.230,S1O
78,TP8,248,4.812,S1O
78,TP8,249,0.905,S1O
78,TP8,250,-2.513,S1O
78,TP8,251,-4.466,S1O
78,TP8,252,-4.466,S1O
78,TP8,253,-2.513,S1O
78,TP8,254,-0.559,S1O
78,TP8,255,1.394,S1O
78,TP7,0,-1.333,S1O
78,TP7,1,-1.333,S1O
78,TP7,2,-0.844,S1O
78,TP7,3,0.132,S1O
78,TP7,4,0.621,S1O
78,TP7,5,1.109,S1O
78,TP7,6,1.597,S1O
78,TP7,7,1.109,S1O
78,TP7,8,1.597,S1O
78,TP7,9,2.574,S1O
78,TP7,10,4.038,S1O
78,TP7,11,4.527,S1O
78,TP7,12,3.550,S1O
78,TP7,13,2.574,S1O
78,TP7,14,0.621,S1O
78,TP7,15,-0.356,S1O
78,TP7,16,-0.356,S1O
78,TP7,17,-0.356,S1O
78,TP7,18,0.132,S1O
78,TP7,19,-1.333,S1O
78,TP7,20,-2.797,S1O
78,TP7,21,-5.239,S1O
78,TP7,22,-7.680,S1O
78,TP7,23,-9.145,S1O
78,TP7,24,-9.633,S1O
78,TP7,25,-8.657,S1O
78,TP7,26,-7.192,S1O
78,TP7,27,-5.727,S1O
78,TP7,28,-5.239,S1O
78,TP7,29,-5.239,S1O
78,TP7,30,-5.727,S1O
78,TP7,31,-5.727,S1O
78,TP7,32,-5.239,S1O
78,TP7,33,-4.262,S1O
78,TP7,34,-2.797,S1O
78,TP7,35,-2.309,S1O
78,TP7,36,-1.821,S1O
78,TP7,37,-2.309,S1O
78,TP7,38,-2.797,S1O
78,TP7,39,-2.309,S1O
78,TP7,40,-2.797,S1O
78,TP7,41,-3.286,S1O
78,TP7,42,-5.239,S1O
78,TP7,43,-7.680,S1O
78,TP7,44,-10.122,S1O
78,TP7,45,-12.075,S1O
78,TP7,46,-11.587,S1O
78,TP7,47,-10.122,S1O
78,TP7,48,-8.169,S1O
78,TP7,49,-7.192,S1O
78,TP7,50,-7.680,S1O
78,TP7,51,-9.145,S1O
78,TP7,52,-10.122,S1O
78,TP7,53,-10.122,S1O
78,TP7,54,-8.657,S1O
78,TP7,55,-7.680,S1O
78,TP7,56,-6.704,S1O
78,TP7,57,-7.192,S1O
78,TP7,58,-8.169,S1O
78,TP7,59,-8.657,S1O
78,TP7,60,-7.680,S1O
78,TP7,61,-5.727,S1O
78,TP7,62,-3.286,S1O
78,TP7,63,-2.309,S1O
78,TP7,64,-2.309,S1O
78,TP7,65,-2.797,S1O
78,TP7,66,-3.286,S1O
78,TP7,67,-2.309,S1O
78,TP7,68,-1.333,S1O
78,TP7,69,-0.356,S1O
78,TP7,70,-0.356,S1O
78,TP7,71,-1.333,S1O
78,TP7,72,-1.821,S1O
78,TP7,73,-1.821,S1O
78,TP7,74,-1.333,S1O
78,TP7,75,-1.333,S1O
78,TP7,76,-1.821,S1O
78,TP7,77,-2.797,S1O
78,TP7,78,-3.774,S1O
78,TP7,79,-4.262,S1O
78,TP7,80,-4.262,S1O
78,TP7,81,-3.774,S1O
78,TP7,82,-4.262,S1O
78,TP7,83,-5.239,S1O
78,TP7,84,-6.215,S1O
78,TP7,85,-6.704,S1O
78,TP7,86,-5.727,S1O
78,TP7,87,-4.262,S1O
78,TP7,88,-3.286,S1O
78,TP7,89,-2.797,S1O
78,TP7,90,-2.797,S1O
78,TP7,91,-2.309,S1O
78,TP7,92,-0.356,S1O
78,TP7,93,2.085,S1O
78,TP7,94,4.527,S1O
78,TP7,95,5.992,S1O
78,TP7,96,6.480,S1O
78,TP7,97,5.992,S1O
78,TP7,98,5.992,S1O
78,TP7,99,6.968,S1O
78,TP7,100,8.921,S1O
78,TP7,101,10.386,S1O
78,TP7,102,9.410,S1O
78,TP7,103,6.968,S1O
78,TP7,104,3.550,S1O
78,TP7,105,1.109,S1O
78,TP7,106,0.132,S1O
78,TP7,107,0.621,S1O
78,TP7,108,2.085,S1O
78,TP7,109,2.574,S1O
78,TP7,110,1.597,S1O
78,TP7,111,0.621,S1O
78,TP7,112,-1.333,S1O
78,TP7,113,-2.797,S1O
78,TP7,114,-3.774,S1O
78,TP7,115,-4.262,S1O
78,TP7,116,-3.774,S1O
78,TP7,117,-2.797,S1O
78,TP7,118,-1.821,S1O
78,TP7,119,-0.356,S1O
78,TP7,120,1.597,S1O
78,TP7,121,2.574,S1O
78,TP7,122,3.550,S1O
78,TP7,123,4.038,S1O
78,TP7,124,3.550,S1O
78,TP7,125,3.550,S1O
78,TP7,126,3.550,S1O
78,TP7,127,3.062,S1O
78,TP7,128,2.574,S1O
78,TP7,129,1.597,S1O
78,TP7,130,-0.844,S1O
78,TP7,131,-2.797,S1O
78,TP7,132,-3.774,S1O
78,TP7,133,-3.774,S1O
78,TP7,134,-2.309,S1O
78,TP7,135,-1.333,S1O
78,TP7,136,-1.333,S1O
78,TP7,137,-2.309,S1O
78,TP7,138,-4.751,S1O
78,TP7,139,-5.727,S1O
78,TP7,140,-5.727,S1O
78,TP7,141,-4.262,S1O
78,TP7,142,-2.309,S1O
78,TP7,143,-1.333,S1O
78,TP7,144,-1.333,S1O
78,TP7,145,-1.821,S1O
78,TP7,146,-1.821,S1O
78,TP7,147,-0.844,S1O
78,TP7,148,0.132,S1O
78,TP7,149,0.621,S1O
78,TP7,150,-0.356,S1O
78,TP7,151,-2.797,S1O
78,TP7,152,-5.239,S1O
78,TP7,153,-7.680,S1O
78,TP7,154,-8.657,S1O
78,TP7,155,-8.169,S1O
78,TP7,156,-6.215,S1O
78,TP7,157,-4.751,S1O
78,TP7,158,-4.262,S1O
78,TP7,159,-5.239,S1O
78,TP7,160,-7.192,S1O
78,TP7,161,-9.145,S1O
78,TP7,162,-9.633,S1O
78,TP7,163,-9.633,S1O
78,TP7,164,-8.657,S1O
78,TP7,165,-7.680,S1O
78,TP7,166,-7.192,S1O
78,TP7,167,-6.704,S1O
78,TP7,168,-5.239,S1O
78,TP7,169,-2.797,S1O
78,TP7,170,-0.844,S1O
78,TP7,171,0.132,S1O
78,TP7,172,0.132,S1O
78,TP7,173,-1.333,S1O
78,TP7,174,-2.309,S1O
78,TP7,175,-3.286,S1O
78,TP7,176,-3.774,S1O
78,TP7,177,-4.262,S1O
78,TP7,178,-5.239,S1O
78,TP7,179,-5.727,S1O
78,TP7,180,-5.727,S1O
78,TP7,181,-3.774,S1O
78,TP7,182,1.109,S1O
78,TP7,183,6.968,S1O
78,TP7,184,11.851,S1O
78,TP7,185,14.292,S1O
78,TP7,186,12.828,S1O
78,TP7,187,8.433,S1O
78,TP7,188,3.550,S1O
78,TP7,189,-0.356,S1O
78,TP7,190,-3.286,S1O
78,TP7,191,-4.262,S1O
78,TP7,192,-4.751,S1O
78,TP7,193,-5.239,S1O
78,TP7,194,-5.727,S1O
78,TP7,195,-6.215,S1O
78,TP7,196,-5.727,S1O
78,TP7,197,-4.262,S1O
78,TP7,198,-2.797,S1O
78,TP7,199,-1.821,S1O
78,TP7,200,-1.333,S1O
78,TP7,201,-1.333,S1O
78,TP7,202,-0.356,S1O
78,TP7,203,0.621,S1O
78,TP7,204,3.062,S1O
78,TP7,205,5.503,S1O
78,TP7,206,7.945,S1O
78,TP7,207,8.921,S1O
78,TP7,208,8.433,S1O
78,TP7,209,5.992,S1O
78,TP7,210,3.550,S1O
78,TP7,211,2.085,S1O
78,TP7,212,1.597,S1O
78,TP7,213,1.597,S1O
78,TP7,214,1.109,S1O
78,TP7,215,-0.356,S1O
78,TP7,216,-2.797,S1O
78,TP7,217,-4.751,S1O
78,TP7,218,-6.215,S1O
78,TP7,219,-6.704,S1O
78,TP7,220,-7.192,S1O
78,TP7,221,-8.657,S1O
78,TP7,222,-11.098,S1O
78,TP7,223,-13.051,S1O
78,TP7,224,-13.051,S1O
78,TP7,225,-11.098,S1O
78,TP7,226,-8.169,S1O
78,TP7,227,-4.262,S1O
78,TP7,228,-1.333,S1O
78,TP7,229,0.132,S1O
78,TP7,230,0.621,S1O
78,TP7,231,0.621,S1O
78,TP7,232,0.132,S1O
78,TP7,233,0.132,S1O
78,TP7,234,0.621,S1O
78,TP7,235,2.574,S1O
78,TP7,236,5.015,S1O
78,TP7,237,6.968,S1O
78,TP7,238,6.968,S1O
78,TP7,239,5.992,S1O
78,TP7,240,4.527,S1O
78,TP7,241,3.062,S1O
78,TP7,242,2.574,S1O
78,TP7,243,2.574,S1O
78,TP7,244,2.574,S1O
78,TP7,245,1.597,S1O
78,TP7,246,-0.844,S1O
78,TP7,247,-4.751,S1O
78,TP7,248,-8.657,S1O
78,TP7,249,-12.563,S1O
78,TP7,250,-15.981,S1O
78,TP7,251,-17.934,S1O
78,TP7,252,-18.911,S1O
78,TP7,253,-17.934,S1O
78,TP7,254,-15.981,S1O
78,TP7,255,-14.028,S1O
78,AFZ,0,-6.490,S1O
78,AFZ,1,-6.490,S1O
78,AFZ,2,-4.537,S1O
78,AFZ,3,-2.584,S1O
78,AFZ,4,-1.607,S1O
78,AFZ,5,-1.607,S1O
78,AFZ,6,-2.584,S1O
78,AFZ,7,-4.049,S1O
78,AFZ,8,-4.537,S1O
78,AFZ,9,-4.049,S1O
78,AFZ,10,-2.584,S1O
78,AFZ,11,-1.607,S1O
78,AFZ,12,-0.631,S1O
78,AFZ,13,-0.631,S1O
78,AFZ,14,-0.631,S1O
78,AFZ,15,-1.119,S1O
78,AFZ,16,-2.096,S1O
78,AFZ,17,-3.560,S1O
78,AFZ,18,-5.025,S1O
78,AFZ,19,-6.002,S1O
78,AFZ,20,-6.002,S1O
78,AFZ,21,-5.025,S1O
78,AFZ,22,-3.072,S1O
78,AFZ,23,-1.607,S1O
78,AFZ,24,-1.119,S1O
78,AFZ,25,-1.607,S1O
78,AFZ,26,-4.049,S1O
78,AFZ,27,-5.514,S1O
78,AFZ,28,-5.514,S1O
78,AFZ,29,-3.560,S1O
78,AFZ,30,-0.142,S1O
78,AFZ,31,3.764,S1O
78,AFZ,32,7.182,S1O
78,AFZ,33,8.647,S1O
78,AFZ,34,8.647,S1O
78,AFZ,35,8.158,S1O
78,AFZ,36,7.670,S1O
78,AFZ,37,7.670,S1O
78,AFZ,38,7.670,S1O
78,AFZ,39,7.670,S1O
78,AFZ,40,7.182,S1O
78,AFZ,41,7.182,S1O
78,AFZ,42,6.694,S1O
78,AFZ,43,5.717,S1O
78,AFZ,44,3.764,S1O
78,AFZ,45,2.299,S1O
78,AFZ,46,0.834,S1O
78,AFZ,47,-0.142,S1O
78,AFZ,48,-1.119,S1O
78,AFZ,49,-3.072,S1O
78,AFZ,50,-5.025,S1O
78,AFZ,51,-6.490,S1O
78,AFZ,52,-6.002,S1O
78,AFZ,53,-4.049,S1O
78,AFZ,54,-1.119,S1O
78,AFZ,55,0.346,S1O
78,AFZ,56,0.346,S1O
78,AFZ,57,-1.607,S1O
78,AFZ,58,-4.049,S1O
78,AFZ,59,-5.025,S1O
78,AFZ,60,-4.537,S1O
78,AFZ,61,-3.072,S1O
78,AFZ,62,-1.607,S1O
78,AFZ,63,-0.631,S1O
78,AFZ,64,-0.142,S1O
78,AFZ,65,-0.631,S1O
78,AFZ,66,-0.142,S1O
78,AFZ,67,0.346,S1O
78,AFZ,68,0.346,S1O
78,AFZ,69,0.834,S1O
78,AFZ,70,0.346,S1O
78,AFZ,71,-0.631,S1O
78,AFZ,72,-1.607,S1O
78,AFZ,73,-2.584,S1O
78,AFZ,74,-3.072,S1O
78,AFZ,75,-3.560,S1O
78,AFZ,76,-3.560,S1O
78,AFZ,77,-2.584,S1O
78,AFZ,78,-2.096,S1O
78,AFZ,79,-2.096,S1O
78,AFZ,80,-2.584,S1O
78,AFZ,81,-3.072,S1O
78,AFZ,82,-3.072,S1O
78,AFZ,83,-2.096,S1O
78,AFZ,84,-0.142,S1O
78,AFZ,85,0.834,S1O
78,AFZ,86,0.834,S1O
78,AFZ,87,0.834,S1O
78,AFZ,88,0.834,S1O
78,AFZ,89,1.322,S1O
78,AFZ,90,2.787,S1O
78,AFZ,91,4.252,S1O
78,AFZ,92,4.740,S1O
78,AFZ,93,4.740,S1O
78,AFZ,94,3.764,S1O
78,AFZ,95,3.276,S1O
78,AFZ,96,3.276,S1O
78,AFZ,97,4.252,S1O
78,AFZ,98,5.717,S1O
78,AFZ,99,6.205,S1O
78,AFZ,100,5.229,S1O
78,AFZ,101,3.764,S1O
78,AFZ,102,0.834,S1O
78,AFZ,103,-0.631,S1O
78,AFZ,104,-1.607,S1O
78,AFZ,105,-0.631,S1O
78,AFZ,106,0.346,S1O
78,AFZ,107,1.811,S1O
78,AFZ,108,1.811,S1O
78,AFZ,109,0.346,S1O
78,AFZ,110,-2.096,S1O
78,AFZ,111,-3.560,S1O
78,AFZ,112,-4.049,S1O
78,AFZ,113,-3.072,S1O
78,AFZ,114,-0.142,S1O
78,AFZ,115,2.299,S1O
78,AFZ,116,4.740,S1O
78,AFZ,117,5.717,S1O
78,AFZ,118,6.205,S1O
78,AFZ,119,6.205,S1O
78,AFZ,120,6.205,S1O
78,AFZ,121,7.182,S1O
78,AFZ,122,8.647,S1O
78,AFZ,123,9.623,S1O
78,AFZ,124,9.135,S1O
78,AFZ,125,6.694,S1O
78,AFZ,126,3.276,S1O
78,AFZ,127,-0.142,S1O
78,AFZ,128,-3.560,S1O
78,AFZ,129,-5.025,S1O
78,AFZ,130,-5.514,S1O
78,AFZ,131,-4.537,S1O
78,AFZ,132,-3.560,S1O
78,AFZ,133,-4.049,S1O
78,AFZ,134,-6.002,S1O
78,AFZ,135,-8.443,S1O
78,AFZ,136,-9.908,S1O
78,AFZ,137,-9.908,S1O
78,AFZ,138,-7.467,S1O
78,AFZ,139,-3.560,S1O
78,AFZ,140,-0.142,S1O
78,AFZ,141,1.811,S1O
78,AFZ,142,1.811,S1O
78,AFZ,143,0.834,S1O
78,AFZ,144,-0.142,S1O
78,AFZ,145,-0.631,S1O
78,AFZ,146,-0.631,S1O
78,AFZ,147,0.346,S1O
78,AFZ,148,1.811,S1O
78,AFZ,149,2.787,S1O
78,AFZ,150,3.764,S1O
78,AFZ,151,4.252,S1O
78,AFZ,152,4.252,S1O
78,AFZ,153,3.764,S1O
78,AFZ,154,3.276,S1O
78,AFZ,155,2.299,S1O
78,AFZ,156,1.322,S1O
78,AFZ,157,-0.142,S1O
78,AFZ,158,-1.607,S1O
78,AFZ,159,-4.537,S1O
78,AFZ,160,-6.978,S1O
78,AFZ,161,-8.931,S1O
78,AFZ,162,-9.420,S1O
78,AFZ,163,-8.931,S1O
78,AFZ,164,-6.490,S1O
78,AFZ,165,-4.537,S1O
78,AFZ,166,-3.072,S1O
78,AFZ,167,-2.584,S1O
78,AFZ,168,-3.072,S1O
78,AFZ,169,-4.049,S1O
78,AFZ,170,-4.537,S1O
78,AFZ,171,-3.560,S1O
78,AFZ,172,-2.096,S1O
78,AFZ,173,0.346,S1O
78,AFZ,174,2.299,S1O
78,AFZ,175,3.764,S1O
78,AFZ,176,4.740,S1O
78,AFZ,177,5.229,S1O
78,AFZ,178,6.205,S1O
78,AFZ,179,6.694,S1O
78,AFZ,180,7.182,S1O
78,AFZ,181,7.670,S1O
78,AFZ,182,7.670,S1O
78,AFZ,183,7.182,S1O
78,AFZ,184,5.717,S1O
78,AFZ,185,3.764,S1O
78,AFZ,186,1.811,S1O
78,AFZ,187,0.834,S1O
78,AFZ,188,0.834,S1O
78,AFZ,189,1.322,S1O
78,AFZ,190,1.322,S1O
78,AFZ,191,0.834,S1O
78,AFZ,192,0.346,S1O
78,AFZ,193,0.834,S1O
78,AFZ,194,1.811,S1O
78,AFZ,195,2.787,S1O
78,AFZ,196,3.276,S1O
78,AFZ,197,2.787,S1O
78,AFZ,198,1.322,S1O
78,AFZ,199,0.834,S1O
78,AFZ,200,1.322,S1O
78,AFZ,201,2.787,S1O
78,AFZ,202,4.740,S1O
78,AFZ,203,6.205,S1O
78,AFZ,204,7.670,S1O
78,AFZ,205,8.158,S1O
78,AFZ,206,8.158,S1O
78,AFZ,207,7.670,S1O
78,AFZ,208,6.205,S1O
78,AFZ,209,4.740,S1O
78,AFZ,210,4.740,S1O
78,AFZ,211,6.205,S1O
78,AFZ,212,9.135,S1O
78,AFZ,213,11.576,S1O
78,AFZ,214,13.041,S1O
78,AFZ,215,12.065,S1O
78,AFZ,216,10.600,S1O
78,AFZ,217,8.158,S1O
78,AFZ,218,5.229,S1O
78,AFZ,219,2.299,S1O
78,AFZ,220,-1.119,S1O
78,AFZ,221,-4.049,S1O
78,AFZ,222,-4.537,S1O
78,AFZ,223,-3.560,S1O
78,AFZ,224,-0.142,S1O
78,AFZ,225,2.299,S1O
78,AFZ,226,3.276,S1O
78,AFZ,227,2.787,S1O
78,AFZ,228,1.811,S1O
78,AFZ,229,0.346,S1O
78,AFZ,230,0.346,S1O
78,AFZ,231,0.346,S1O
78,AFZ,232,0.346,S1O
78,AFZ,233,0.346,S1O
78,AFZ,234,0.834,S1O
78,AFZ,235,1.811,S1O
78,AFZ,236,3.764,S1O
78,AFZ,237,5.717,S1O
78,AFZ,238,6.694,S1O
78,AFZ,239,6.694,S1O
78,AFZ,240,5.229,S1O
78,AFZ,241,3.276,S1O
78,AFZ,242,1.811,S1O
78,AFZ,243,0.834,S1O
78,AFZ,244,0.346,S1O
78,AFZ,245,0.834,S1O
78,AFZ,246,1.322,S1O
78,AFZ,247,2.299,S1O
78,AFZ,248,2.787,S1O
78,AFZ,249,2.787,S1O
78,AFZ,250,2.787,S1O
78,AFZ,251,2.787,S1O
78,AFZ,252,3.276,S1O
78,AFZ,253,3.764,S1O
78,AFZ,254,3.764,S1O
78,AFZ,255,3.276,S1O
78,CP3,0,0.854,S1O
78,CP3,1,0.854,S1O
78,CP3,2,0.854,S1O
78,CP3,3,1.343,S1O
78,CP3,4,1.831,S1O
78,CP3,5,2.808,S1O
78,CP3,6,2.808,S1O
78,CP3,7,2.808,S1O
78,CP3,8,3.296,S1O
78,CP3,9,3.784,S1O
78,CP3,10,4.761,S1O
78,CP3,11,5.249,S1O
78,CP3,12,4.761,S1O
78,CP3,13,3.296,S1O
78,CP3,14,2.319,S1O
78,CP3,15,1.343,S1O
78,CP3,16,1.831,S1O
78,CP3,17,2.319,S1O
78,CP3,18,2.319,S1O
78,CP3,19,1.343,S1O
78,CP3,20,0.366,S1O
78,CP3,21,-1.099,S1O
78,CP3,22,-2.075,S1O
78,CP3,23,-2.563,S1O
78,CP3,24,-3.052,S1O
78,CP3,25,-2.563,S1O
78,CP3,26,-1.587,S1O
78,CP3,27,-1.587,S1O
78,CP3,28,-1.587,S1O
78,CP3,29,-1.587,S1O
78,CP3,30,-2.563,S1O
78,CP3,31,-3.052,S1O
78,CP3,32,-3.540,S1O
78,CP3,33,-3.540,S1O
78,CP3,34,-3.052,S1O
78,CP3,35,-2.563,S1O
78,CP3,36,-2.563,S1O
78,CP3,37,-3.052,S1O
78,CP3,38,-3.052,S1O
78,CP3,39,-3.052,S1O
78,CP3,40,-3.540,S1O
78,CP3,41,-4.517,S1O
78,CP3,42,-5.493,S1O
78,CP3,43,-5.981,S1O
78,CP3,44,-6.958,S1O
78,CP3,45,-7.446,S1O
78,CP3,46,-6.958,S1O
78,CP3,47,-5.981,S1O
78,CP3,48,-5.005,S1O
78,CP3,49,-4.517,S1O
78,CP3,50,-4.028,S1O
78,CP3,51,-4.028,S1O
78,CP3,52,-4.517,S1O
78,CP3,53,-4.517,S1O
78,CP3,54,-4.028,S1O
78,CP3,55,-4.028,S1O
78,CP3,56,-3.540,S1O
78,CP3,57,-4.028,S1O
78,CP3,58,-4.028,S1O
78,CP3,59,-4.028,S1O
78,CP3,60,-4.028,S1O
78,CP3,61,-3.540,S1O
78,CP3,62,-3.052,S1O
78,CP3,63,-2.563,S1O
78,CP3,64,-2.563,S1O
78,CP3,65,-3.052,S1O
78,CP3,66,-2.563,S1O
78,CP3,67,-2.075,S1O
78,CP3,68,-1.587,S1O
78,CP3,69,-1.099,S1O
78,CP3,70,-1.099,S1O
78,CP3,71,-1.099,S1O
78,CP3,72,-1.099,S1O
78,CP3,73,-0.610,S1O
78,CP3,74,0.366,S1O
78,CP3,75,0.366,S1O
78,CP3,76,-0.122,S1O
78,CP3,77,-1.587,S1O
78,CP3,78,-2.563,S1O
78,CP3,79,-2.563,S1O
78,CP3,80,-2.563,S1O
78,CP3,81,-2.075,S1O
78,CP3,82,-3.052,S1O
78,CP3,83,-4.028,S1O
78,CP3,84,-5.005,S1O
78,CP3,85,-4.517,S1O
78,CP3,86,-3.540,S1O
78,CP3,87,-2.563,S1O
78,CP3,88,-2.563,S1O
78,CP3,89,-3.052,S1O
78,CP3,90,-4.028,S1O
78,CP3,91,-3.540,S1O
78,CP3,92,-2.563,S1O
78,CP3,93,-1.099,S1O
78,CP3,94,-0.122,S1O
78,CP3,95,-0.122,S1O
78,CP3,96,-0.610,S1O
78,CP3,97,-1.587,S1O
78,CP3,98,-1.099,S1O
78,CP3,99,-0.610,S1O
78,CP3,100,0.366,S1O
78,CP3,101,0.854,S1O
78,CP3,102,0.366,S1O
78,CP3,103,-0.610,S1O
78,CP3,104,-1.587,S1O
78,CP3,105,-2.563,S1O
78,CP3,106,-2.563,S1O
78,CP3,107,-2.563,S1O
78,CP3,108,-2.563,S1O
78,CP3,109,-2.563,S1O
78,CP3,110,-3.052,S1O
78,CP3,111,-3.540,S1O
78,CP3,112,-4.517,S1O
78,CP3,113,-5.493,S1O
78,CP3,114,-5.981,S1O
78,CP3,115,-6.470,S1O
78,CP3,116,-6.470,S1O
78,CP3,117,-6.470,S1O
78,CP3,118,-5.493,S1O
78,CP3,119,-5.005,S1O
78,CP3,120,-4.517,S1O
78,CP3,121,-4.028,S1O
78,CP3,122,-3.540,S1O
78,CP3,123,-2.563,S1O
78,CP3,124,-2.075,S1O
78,CP3,125,-1.099,S1O
78,CP3,126,0.366,S1O
78,CP3,127,0.854,S1O
78,CP3,128,0.366,S1O
78,CP3,129,-0.122,S1O
78,CP3,130,-1.587,S1O
78,CP3,131,-2.075,S1O
78,CP3,132,-2.075,S1O
78,CP3,133,-1.587,S1O
78,CP3,134,-0.122,S1O
78,CP3,135,0.366,S1O
78,CP3,136,-0.122,S1O
78,CP3,137,-0.610,S1O
78,CP3,138,-2.075,S1O
78,CP3,139,-3.052,S1O
78,CP3,140,-3.052,S1O
78,CP3,141,-2.563,S1O
78,CP3,142,-2.075,S1O
78,CP3,143,-2.075,S1O
78,CP3,144,-2.075,S1O
78,CP3,145,-2.075,S1O
78,CP3,146,-2.563,S1O
78,CP3,147,-2.075,S1O
78,CP3,148,-2.075,S1O
78,CP3,149,-2.075,S1O
78,CP3,150,-2.563,S1O
78,CP3,151,-3.540,S1O
78,CP3,152,-5.005,S1O
78,CP3,153,-5.981,S1O
78,CP3,154,-5.981,S1O
78,CP3,155,-5.493,S1O
78,CP3,156,-4.028,S1O
78,CP3,157,-2.075,S1O
78,CP3,158,-1.099,S1O
78,CP3,159,-0.610,S1O
78,CP3,160,-0.610,S1O
78,CP3,161,-1.587,S1O
78,CP3,162,-2.075,S1O
78,CP3,163,-2.075,S1O
78,CP3,164,-1.587,S1O
78,CP3,165,-1.587,S1O
78,CP3,166,-2.075,S1O
78,CP3,167,-2.075,S1O
78,CP3,168,-1.587,S1O
78,CP3,169,-0.610,S1O
78,CP3,170,0.854,S1O
78,CP3,171,0.854,S1O
78,CP3,172,0.854,S1O
78,CP3,173,-0.122,S1O
78,CP3,174,-1.099,S1O
78,CP3,175,-1.587,S1O
78,CP3,176,-2.075,S1O
78,CP3,177,-2.563,S1O
78,CP3,178,-4.028,S1O
78,CP3,179,-5.005,S1O
78,CP3,180,-5.493,S1O
78,CP3,181,-4.028,S1O
78,CP3,182,-0.610,S1O
78,CP3,183,3.296,S1O
78,CP3,184,6.714,S1O
78,CP3,185,8.179,S1O
78,CP3,186,7.202,S1O
78,CP3,187,5.737,S1O
78,CP3,188,3.784,S1O
78,CP3,189,1.343,S1O
78,CP3,190,-0.122,S1O
78,CP3,191,-1.099,S1O
78,CP3,192,-1.099,S1O
78,CP3,193,-0.610,S1O
78,CP3,194,0.366,S1O
78,CP3,195,1.343,S1O
78,CP3,196,1.831,S1O
78,CP3,197,1.343,S1O
78,CP3,198,0.854,S1O
78,CP3,199,0.366,S1O
78,CP3,200,0.366,S1O
78,CP3,201,0.854,S1O
78,CP3,202,1.831,S1O
78,CP3,203,2.319,S1O
78,CP3,204,3.296,S1O
78,CP3,205,4.272,S1O
78,CP3,206,4.761,S1O
78,CP3,207,4.761,S1O
78,CP3,208,3.296,S1O
78,CP3,209,1.831,S1O
78,CP3,210,0.854,S1O
78,CP3,211,0.854,S1O
78,CP3,212,2.319,S1O
78,CP3,213,3.296,S1O
78,CP3,214,3.296,S1O
78,CP3,215,1.831,S1O
78,CP3,216,0.366,S1O
78,CP3,217,-0.122,S1O
78,CP3,218,-0.122,S1O
78,CP3,219,0.366,S1O
78,CP3,220,0.854,S1O
78,CP3,221,-0.610,S1O
78,CP3,222,-2.075,S1O
78,CP3,223,-3.540,S1O
78,CP3,224,-4.028,S1O
78,CP3,225,-3.052,S1O
78,CP3,226,-1.587,S1O
78,CP3,227,0.366,S1O
78,CP3,228,2.319,S1O
78,CP3,229,4.272,S1O
78,CP3,230,4.761,S1O
78,CP3,231,4.761,S1O
78,CP3,232,3.296,S1O
78,CP3,233,2.319,S1O
78,CP3,234,1.343,S1O
78,CP3,235,2.319,S1O
78,CP3,236,3.784,S1O
78,CP3,237,5.249,S1O
78,CP3,238,6.226,S1O
78,CP3,239,6.226,S1O
78,CP3,240,6.226,S1O
78,CP3,241,6.714,S1O
78,CP3,242,7.202,S1O
78,CP3,243,6.714,S1O
78,CP3,244,5.249,S1O
78,CP3,245,4.272,S1O
78,CP3,246,2.808,S1O
78,CP3,247,1.343,S1O
78,CP3,248,-0.122,S1O
78,CP3,249,-2.563,S1O
78,CP3,250,-5.493,S1O
78,CP3,251,-7.935,S1O
78,CP3,252,-8.911,S1O
78,CP3,253,-8.423,S1O
78,CP3,254,-6.470,S1O
78,CP3,255,-4.028,S1O
78,CP4,0,1.943,S1O
78,CP4,1,0.966,S1O
78,CP4,2,0.966,S1O
78,CP4,3,0.478,S1O
78,CP4,4,-0.010,S1O
78,CP4,5,-0.498,S1O
78,CP4,6,-1.475,S1O
78,CP4,7,-2.940,S1O
78,CP4,8,-3.916,S1O
78,CP4,9,-3.916,S1O
78,CP4,10,-3.916,S1O
78,CP4,11,-4.405,S1O
78,CP4,12,-4.893,S1O
78,CP4,13,-5.870,S1O
78,CP4,14,-5.870,S1O
78,CP4,15,-4.405,S1O
78,CP4,16,-2.940,S1O
78,CP4,17,-1.475,S1O
78,CP4,18,-0.987,S1O
78,CP4,19,-0.987,S1O
78,CP4,20,-1.475,S1O
78,CP4,21,-1.475,S1O
78,CP4,22,-1.963,S1O
78,CP4,23,-1.963,S1O
78,CP4,24,-1.475,S1O
78,CP4,25,-0.498,S1O
78,CP4,26,0.478,S1O
78,CP4,27,0.478,S1O
78,CP4,28,-0.010,S1O
78,CP4,29,-1.475,S1O
78,CP4,30,-3.428,S1O
78,CP4,31,-4.405,S1O
78,CP4,32,-4.893,S1O
78,CP4,33,-3.916,S1O
78,CP4,34,-2.452,S1O
78,CP4,35,-1.963,S1O
78,CP4,36,-1.963,S1O
78,CP4,37,-2.452,S1O
78,CP4,38,-2.940,S1O
78,CP4,39,-3.916,S1O
78,CP4,40,-3.916,S1O
78,CP4,41,-3.916,S1O
78,CP4,42,-4.405,S1O
78,CP4,43,-5.381,S1O
78,CP4,44,-6.358,S1O
78,CP4,45,-6.846,S1O
78,CP4,46,-7.334,S1O
78,CP4,47,-6.846,S1O
78,CP4,48,-5.870,S1O
78,CP4,49,-4.405,S1O
78,CP4,50,-3.428,S1O
78,CP4,51,-3.916,S1O
78,CP4,52,-5.381,S1O
78,CP4,53,-6.846,S1O
78,CP4,54,-7.334,S1O
78,CP4,55,-6.358,S1O
78,CP4,56,-4.893,S1O
78,CP4,57,-3.916,S1O
78,CP4,58,-3.916,S1O
78,CP4,59,-4.405,S1O
78,CP4,60,-5.381,S1O
78,CP4,61,-4.893,S1O
78,CP4,62,-4.405,S1O
78,CP4,63,-3.428,S1O
78,CP4,64,-2.452,S1O
78,CP4,65,-2.452,S1O
78,CP4,66,-2.452,S1O
78,CP4,67,-1.963,S1O
78,CP4,68,-0.987,S1O
78,CP4,69,-0.498,S1O
78,CP4,70,-0.010,S1O
78,CP4,71,-0.010,S1O
78,CP4,72,-0.498,S1O
78,CP4,73,-0.987,S1O
78,CP4,74,-0.987,S1O
78,CP4,75,-0.987,S1O
78,CP4,76,-0.498,S1O
78,CP4,77,-0.498,S1O
78,CP4,78,-0.498,S1O
78,CP4,79,-0.498,S1O
78,CP4,80,-0.987,S1O
78,CP4,81,-0.498,S1O
78,CP4,82,-0.498,S1O
78,CP4,83,-0.987,S1O
78,CP4,84,-0.498,S1O
78,CP4,85,-0.498,S1O
78,CP4,86,-0.498,S1O
78,CP4,87,-0.498,S1O
78,CP4,88,-0.498,S1O
78,CP4,89,-0.498,S1O
78,CP4,90,-0.498,S1O
78,CP4,91,-0.498,S1O
78,CP4,92,-0.498,S1O
78,CP4,93,-0.010,S1O
78,CP4,94,-0.010,S1O
78,CP4,95,0.478,S1O
78,CP4,96,-0.010,S1O
78,CP4,97,-0.498,S1O
78,CP4,98,-0.987,S1O
78,CP4,99,-0.987,S1O
78,CP4,100,-0.010,S1O
78,CP4,101,2.431,S1O
78,CP4,102,4.873,S1O
78,CP4,103,5.849,S1O
78,CP4,104,4.873,S1O
78,CP4,105,2.920,S1O
78,CP4,106,0.966,S1O
78,CP4,107,-0.010,S1O
78,CP4,108,-0.010,S1O
78,CP4,109,0.966,S1O
78,CP4,110,1.455,S1O
78,CP4,111,1.943,S1O
78,CP4,112,1.455,S1O
78,CP4,113,0.966,S1O
78,CP4,114,0.966,S1O
78,CP4,115,-0.010,S1O
78,CP4,116,-0.010,S1O
78,CP4,117,-0.010,S1O
78,CP4,118,-0.987,S1O
78,CP4,119,-0.987,S1O
78,CP4,120,-1.963,S1O
78,CP4,121,-2.452,S1O
78,CP4,122,-2.940,S1O
78,CP4,123,-2.940,S1O
78,CP4,124,-2.940,S1O
78,CP4,125,-1.963,S1O
78,CP4,126,-0.987,S1O
78,CP4,127,0.478,S1O
78,CP4,128,1.943,S1O
78,CP4,129,3.408,S1O
78,CP4,130,3.896,S1O
78,CP4,131,3.896,S1O
78,CP4,132,2.920,S1O
78,CP4,133,2.431,S1O
78,CP4,134,1.943,S1O
78,CP4,135,1.943,S1O
78,CP4,136,2.431,S1O
78,CP4,137,1.943,S1O
78,CP4,138,0.478,S1O
78,CP4,139,-0.987,S1O
78,CP4,140,-1.963,S1O
78,CP4,141,-1.475,S1O
78,CP4,142,-0.010,S1O
78,CP4,143,0.966,S1O
78,CP4,144,1.455,S1O
78,CP4,145,1.455,S1O
78,CP4,146,0.966,S1O
78,CP4,147,0.478,S1O
78,CP4,148,0.478,S1O
78,CP4,149,0.478,S1O
78,CP4,150,-0.010,S1O
78,CP4,151,-0.987,S1O
78,CP4,152,-1.963,S1O
78,CP4,153,-1.963,S1O
78,CP4,154,-0.987,S1O
78,CP4,155,-0.010,S1O
78,CP4,156,0.966,S1O
78,CP4,157,0.966,S1O
78,CP4,158,0.478,S1O
78,CP4,159,0.478,S1O
78,CP4,160,0.966,S1O
78,CP4,161,1.455,S1O
78,CP4,162,1.943,S1O
78,CP4,163,2.431,S1O
78,CP4,164,2.920,S1O
78,CP4,165,2.920,S1O
78,CP4,166,2.920,S1O
78,CP4,167,2.920,S1O
78,CP4,168,3.408,S1O
78,CP4,169,3.896,S1O
78,CP4,170,3.896,S1O
78,CP4,171,3.896,S1O
78,CP4,172,3.408,S1O
78,CP4,173,2.920,S1O
78,CP4,174,1.455,S1O
78,CP4,175,-0.010,S1O
78,CP4,176,-1.475,S1O
78,CP4,177,-2.452,S1O
78,CP4,178,-1.963,S1O
78,CP4,179,-1.475,S1O
78,CP4,180,-0.010,S1O
78,CP4,181,0.478,S1O
78,CP4,182,0.966,S1O
78,CP4,183,1.455,S1O
78,CP4,184,1.943,S1O
78,CP4,185,3.408,S1O
78,CP4,186,4.384,S1O
78,CP4,187,5.361,S1O
78,CP4,188,5.361,S1O
78,CP4,189,4.873,S1O
78,CP4,190,3.896,S1O
78,CP4,191,2.920,S1O
78,CP4,192,1.943,S1O
78,CP4,193,1.455,S1O
78,CP4,194,0.966,S1O
78,CP4,195,0.966,S1O
78,CP4,196,0.966,S1O
78,CP4,197,0.478,S1O
78,CP4,198,-0.010,S1O
78,CP4,199,-0.498,S1O
78,CP4,200,-0.987,S1O
78,CP4,201,-0.498,S1O
78,CP4,202,0.966,S1O
78,CP4,203,2.431,S1O
78,CP4,204,3.408,S1O
78,CP4,205,3.408,S1O
78,CP4,206,2.920,S1O
78,CP4,207,3.408,S1O
78,CP4,208,3.408,S1O
78,CP4,209,3.896,S1O
78,CP4,210,3.408,S1O
78,CP4,211,2.431,S1O
78,CP4,212,0.966,S1O
78,CP4,213,-0.010,S1O
78,CP4,214,-0.010,S1O
78,CP4,215,0.966,S1O
78,CP4,216,1.943,S1O
78,CP4,217,1.943,S1O
78,CP4,218,1.943,S1O
78,CP4,219,0.478,S1O
78,CP4,220,-0.498,S1O
78,CP4,221,-0.987,S1O
78,CP4,222,-0.987,S1O
78,CP4,223,-0.010,S1O
78,CP4,224,1.455,S1O
78,CP4,225,2.920,S1O
78,CP4,226,4.384,S1O
78,CP4,227,4.873,S1O
78,CP4,228,4.873,S1O
78,CP4,229,3.408,S1O
78,CP4,230,1.455,S1O
78,CP4,231,-0.498,S1O
78,CP4,232,-0.498,S1O
78,CP4,233,0.966,S1O
78,CP4,234,2.920,S1O
78,CP4,235,5.361,S1O
78,CP4,236,6.826,S1O
78,CP4,237,6.826,S1O
78,CP4,238,6.337,S1O
78,CP4,239,4.384,S1O
78,CP4,240,2.920,S1O
78,CP4,241,0.966,S1O
78,CP4,242,-0.010,S1O
78,CP4,243,-0.010,S1O
78,CP4,244,1.943,S1O
78,CP4,245,3.896,S1O
78,CP4,246,6.337,S1O
78,CP4,247,7.314,S1O
78,CP4,248,5.849,S1O
78,CP4,249,2.431,S1O
78,CP4,250,-1.475,S1O
78,CP4,251,-3.428,S1O
78,CP4,252,-3.428,S1O
78,CP4,253,-0.987,S1O
78,CP4,254,1.455,S1O
78,CP4,255,3.408,S1O
78,P5,0,0.651,S1O
78,P5,1,0.163,S1O
78,P5,2,0.163,S1O
78,P5,3,1.139,S1O
78,P5,4,2.116,S1O
78,P5,5,3.092,S1O
78,P5,6,4.557,S1O
78,P5,7,5.046,S1O
78,P5,8,6.022,S1O
78,P5,9,6.999,S1O
78,P5,10,7.487,S1O
78,P5,11,6.999,S1O
78,P5,12,5.046,S1O
78,P5,13,3.092,S1O
78,P5,14,1.628,S1O
78,P5,15,1.628,S1O
78,P5,16,2.604,S1O
78,P5,17,4.069,S1O
78,P5,18,3.581,S1O
78,P5,19,1.628,S1O
78,P5,20,-1.302,S1O
78,P5,21,-4.232,S1O
78,P5,22,-6.185,S1O
78,P5,23,-6.673,S1O
78,P5,24,-6.185,S1O
78,P5,25,-5.697,S1O
78,P5,26,-5.208,S1O
78,P5,27,-4.232,S1O
78,P5,28,-4.232,S1O
78,P5,29,-4.720,S1O
78,P5,30,-6.185,S1O
78,P5,31,-7.650,S1O
78,P5,32,-8.626,S1O
78,P5,33,-8.138,S1O
78,P5,34,-7.161,S1O
78,P5,35,-6.185,S1O
78,P5,36,-6.185,S1O
78,P5,37,-6.673,S1O
78,P5,38,-7.650,S1O
78,P5,39,-8.626,S1O
78,P5,40,-9.115,S1O
78,P5,41,-9.603,S1O
78,P5,42,-10.579,S1O
78,P5,43,-11.556,S1O
78,P5,44,-12.533,S1O
78,P5,45,-13.509,S1O
78,P5,46,-13.021,S1O
78,P5,47,-12.044,S1O
78,P5,48,-10.579,S1O
78,P5,49,-9.115,S1O
78,P5,50,-9.115,S1O
78,P5,51,-9.115,S1O
78,P5,52,-9.603,S1O
78,P5,53,-9.603,S1O
78,P5,54,-8.626,S1O
78,P5,55,-6.673,S1O
78,P5,56,-5.208,S1O
78,P5,57,-5.208,S1O
78,P5,58,-5.697,S1O
78,P5,59,-6.673,S1O
78,P5,60,-6.185,S1O
78,P5,61,-4.720,S1O
78,P5,62,-2.767,S1O
78,P5,63,-1.790,S1O
78,P5,64,-1.790,S1O
78,P5,65,-2.279,S1O
78,P5,66,-2.279,S1O
78,P5,67,-1.302,S1O
78,P5,68,-0.326,S1O
78,P5,69,0.163,S1O
78,P5,70,-0.326,S1O
78,P5,71,-1.790,S1O
78,P5,72,-2.279,S1O
78,P5,73,-1.790,S1O
78,P5,74,-0.814,S1O
78,P5,75,-0.326,S1O
78,P5,76,-1.302,S1O
78,P5,77,-3.255,S1O
78,P5,78,-4.720,S1O
78,P5,79,-5.697,S1O
78,P5,80,-5.697,S1O
78,P5,81,-5.697,S1O
78,P5,82,-6.185,S1O
78,P5,83,-7.161,S1O
78,P5,84,-7.650,S1O
78,P5,85,-7.161,S1O
78,P5,86,-5.208,S1O
78,P5,87,-3.255,S1O
78,P5,88,-2.279,S1O
78,P5,89,-2.767,S1O
78,P5,90,-3.743,S1O
78,P5,91,-3.255,S1O
78,P5,92,-1.790,S1O
78,P5,93,0.651,S1O
78,P5,94,3.092,S1O
78,P5,95,4.069,S1O
78,P5,96,3.581,S1O
78,P5,97,2.604,S1O
78,P5,98,2.116,S1O
78,P5,99,2.604,S1O
78,P5,100,4.069,S1O
78,P5,101,5.534,S1O
78,P5,102,5.534,S1O
78,P5,103,3.581,S1O
78,P5,104,1.139,S1O
78,P5,105,-0.814,S1O
78,P5,106,-1.790,S1O
78,P5,107,-0.814,S1O
78,P5,108,0.163,S1O
78,P5,109,0.651,S1O
78,P5,110,0.163,S1O
78,P5,111,-0.326,S1O
78,P5,112,-0.814,S1O
78,P5,113,-1.790,S1O
78,P5,114,-1.790,S1O
78,P5,115,-1.790,S1O
78,P5,116,-0.814,S1O
78,P5,117,0.163,S1O
78,P5,118,1.139,S1O
78,P5,119,1.628,S1O
78,P5,120,1.139,S1O
78,P5,121,1.139,S1O
78,P5,122,1.139,S1O
78,P5,123,2.116,S1O
78,P5,124,3.581,S1O
78,P5,125,4.557,S1O
78,P5,126,5.046,S1O
78,P5,127,5.534,S1O
78,P5,128,5.534,S1O
78,P5,129,4.557,S1O
78,P5,130,2.604,S1O
78,P5,131,0.163,S1O
78,P5,132,0.163,S1O
78,P5,133,0.651,S1O
78,P5,134,3.092,S1O
78,P5,135,3.581,S1O
78,P5,136,2.604,S1O
78,P5,137,-0.326,S1O
78,P5,138,-3.255,S1O
78,P5,139,-4.720,S1O
78,P5,140,-4.232,S1O
78,P5,141,-2.279,S1O
78,P5,142,-0.814,S1O
78,P5,143,0.163,S1O
78,P5,144,0.163,S1O
78,P5,145,0.651,S1O
78,P5,146,1.628,S1O
78,P5,147,3.092,S1O
78,P5,148,3.581,S1O
78,P5,149,3.092,S1O
78,P5,150,1.139,S1O
78,P5,151,-1.302,S1O
78,P5,152,-3.255,S1O
78,P5,153,-5.208,S1O
78,P5,154,-6.185,S1O
78,P5,155,-6.185,S1O
78,P5,156,-4.720,S1O
78,P5,157,-2.767,S1O
78,P5,158,-0.814,S1O
78,P5,159,0.163,S1O
78,P5,160,0.163,S1O
78,P5,161,-0.326,S1O
78,P5,162,-1.302,S1O
78,P5,163,-1.790,S1O
78,P5,164,-1.790,S1O
78,P5,165,-2.279,S1O
78,P5,166,-1.790,S1O
78,P5,167,-1.302,S1O
78,P5,168,-0.326,S1O
78,P5,169,1.139,S1O
78,P5,170,2.604,S1O
78,P5,171,3.092,S1O
78,P5,172,2.116,S1O
78,P5,173,0.651,S1O
78,P5,174,-1.302,S1O
78,P5,175,-2.767,S1O
78,P5,176,-3.255,S1O
78,P5,177,-4.232,S1O
78,P5,178,-4.720,S1O
78,P5,179,-5.208,S1O
78,P5,180,-4.232,S1O
78,P5,181,-2.279,S1O
78,P5,182,2.116,S1O
78,P5,183,7.487,S1O
78,P5,184,12.370,S1O
78,P5,185,14.811,S1O
78,P5,186,14.323,S1O
78,P5,187,10.905,S1O
78,P5,188,6.022,S1O
78,P5,189,1.628,S1O
78,P5,190,-0.814,S1O
78,P5,191,-1.790,S1O
78,P5,192,-1.790,S1O
78,P5,193,-1.302,S1O
78,P5,194,-1.302,S1O
78,P5,195,-1.790,S1O
78,P5,196,-2.279,S1O
78,P5,197,-1.790,S1O
78,P5,198,-1.790,S1O
78,P5,199,-1.790,S1O
78,P5,200,-1.790,S1O
78,P5,201,-2.279,S1O
78,P5,202,-1.790,S1O
78,P5,203,0.163,S1O
78,P5,204,2.604,S1O
78,P5,205,5.046,S1O
78,P5,206,6.510,S1O
78,P5,207,6.022,S1O
78,P5,208,4.069,S1O
78,P5,209,1.139,S1O
78,P5,210,-0.814,S1O
78,P5,211,-0.814,S1O
78,P5,212,-0.326,S1O
78,P5,213,0.163,S1O
78,P5,214,-0.326,S1O
78,P5,215,-1.302,S1O
78,P5,216,-2.767,S1O
78,P5,217,-3.743,S1O
78,P5,218,-4.232,S1O
78,P5,219,-4.720,S1O
78,P5,220,-4.720,S1O
78,P5,221,-5.208,S1O
78,P5,222,-5.697,S1O
78,P5,223,-5.697,S1O
78,P5,224,-5.208,S1O
78,P5,225,-4.720,S1O
78,P5,226,-3.743,S1O
78,P5,227,-2.279,S1O
78,P5,228,-0.814,S1O
78,P5,229,0.651,S1O
78,P5,230,1.628,S1O
78,P5,231,0.651,S1O
78,P5,232,-0.814,S1O
78,P5,233,-1.790,S1O
78,P5,234,-0.326,S1O
78,P5,235,3.092,S1O
78,P5,236,6.510,S1O
78,P5,237,8.464,S1O
78,P5,238,7.975,S1O
78,P5,239,6.022,S1O
78,P5,240,4.557,S1O
78,P5,241,3.581,S1O
78,P5,242,4.069,S1O
78,P5,243,4.069,S1O
78,P5,244,3.092,S1O
78,P5,245,2.604,S1O
78,P5,246,2.604,S1O
78,P5,247,2.116,S1O
78,P5,248,0.651,S1O
78,P5,249,-2.279,S1O
78,P5,250,-6.673,S1O
78,P5,251,-10.091,S1O
78,P5,252,-11.068,S1O
78,P5,253,-10.091,S1O
78,P5,254,-7.650,S1O
78,P5,255,-5.208,S1O
78,P6,0,0.285,S1O
78,P6,1,-0.203,S1O
78,P6,2,-0.692,S1O
78,P6,3,-0.203,S1O
78,P6,4,-0.203,S1O
78,P6,5,-0.692,S1O
78,P6,6,-1.668,S1O
78,P6,7,-2.645,S1O
78,P6,8,-2.645,S1O
78,P6,9,-2.157,S1O
78,P6,10,-1.180,S1O
78,P6,11,-1.180,S1O
78,P6,12,-2.157,S1O
78,P6,13,-3.621,S1O
78,P6,14,-4.598,S1O
78,P6,15,-4.110,S1O
78,P6,16,-3.621,S1O
78,P6,17,-3.133,S1O
78,P6,18,-3.621,S1O
78,P6,19,-5.086,S1O
78,P6,20,-6.063,S1O
78,P6,21,-7.039,S1O
78,P6,22,-7.528,S1O
78,P6,23,-7.039,S1O
78,P6,24,-6.063,S1O
78,P6,25,-4.110,S1O
78,P6,26,-1.668,S1O
78,P6,27,-0.203,S1O
78,P6,28,-0.203,S1O
78,P6,29,-2.157,S1O
78,P6,30,-5.086,S1O
78,P6,31,-7.039,S1O
78,P6,32,-7.039,S1O
78,P6,33,-5.086,S1O
78,P6,34,-3.133,S1O
78,P6,35,-2.157,S1O
78,P6,36,-3.133,S1O
78,P6,37,-4.598,S1O
78,P6,38,-6.063,S1O
78,P6,39,-6.551,S1O
78,P6,40,-6.063,S1O
78,P6,41,-5.575,S1O
78,P6,42,-6.063,S1O
78,P6,43,-7.528,S1O
78,P6,44,-9.481,S1O
78,P6,45,-10.946,S1O
78,P6,46,-10.946,S1O
78,P6,47,-9.481,S1O
78,P6,48,-8.016,S1O
78,P6,49,-6.551,S1O
78,P6,50,-5.575,S1O
78,P6,51,-7.039,S1O
78,P6,52,-8.504,S1O
78,P6,53,-10.457,S1O
78,P6,54,-10.457,S1O
78,P6,55,-8.993,S1O
78,P6,56,-7.039,S1O
78,P6,57,-6.551,S1O
78,P6,58,-6.063,S1O
78,P6,59,-6.063,S1O
78,P6,60,-6.551,S1O
78,P6,61,-5.575,S1O
78,P6,62,-3.621,S1O
78,P6,63,-2.645,S1O
78,P6,64,-2.157,S1O
78,P6,65,-2.157,S1O
78,P6,66,-2.157,S1O
78,P6,67,-0.692,S1O
78,P6,68,0.773,S1O
78,P6,69,2.238,S1O
78,P6,70,2.726,S1O
78,P6,71,2.726,S1O
78,P6,72,2.238,S1O
78,P6,73,2.238,S1O
78,P6,74,2.238,S1O
78,P6,75,2.238,S1O
78,P6,76,1.261,S1O
78,P6,77,-0.203,S1O
78,P6,78,-1.668,S1O
78,P6,79,-2.157,S1O
78,P6,80,-2.645,S1O
78,P6,81,-2.645,S1O
78,P6,82,-2.645,S1O
78,P6,83,-2.645,S1O
78,P6,84,-2.157,S1O
78,P6,85,-1.180,S1O
78,P6,86,-0.692,S1O
78,P6,87,-0.692,S1O
78,P6,88,-1.180,S1O
78,P6,89,-1.668,S1O
78,P6,90,-1.180,S1O
78,P6,91,-0.203,S1O
78,P6,92,1.750,S1O
78,P6,93,3.703,S1O
78,P6,94,5.168,S1O
78,P6,95,5.656,S1O
78,P6,96,5.656,S1O
78,P6,97,5.656,S1O
78,P6,98,5.656,S1O
78,P6,99,6.632,S1O
78,P6,100,8.586,S1O
78,P6,101,11.027,S1O
78,P6,102,12.492,S1O
78,P6,103,12.004,S1O
78,P6,104,10.050,S1O
78,P6,105,6.632,S1O
78,P6,106,4.191,S1O
78,P6,107,2.726,S1O
78,P6,108,2.238,S1O
78,P6,109,2.726,S1O
78,P6,110,2.726,S1O
78,P6,111,2.726,S1O
78,P6,112,2.238,S1O
78,P6,113,1.261,S1O
78,P6,114,0.773,S1O
78,P6,115,0.773,S1O
78,P6,116,0.773,S1O
78,P6,117,0.773,S1O
78,P6,118,1.261,S1O
78,P6,119,0.773,S1O
78,P6,120,0.773,S1O
78,P6,121,0.773,S1O
78,P6,122,1.261,S1O
78,P6,123,1.750,S1O
78,P6,124,2.726,S1O
78,P6,125,3.215,S1O
78,P6,126,3.703,S1O
78,P6,127,4.679,S1O
78,P6,128,5.656,S1O
78,P6,129,6.144,S1O
78,P6,130,5.656,S1O
78,P6,131,4.191,S1O
78,P6,132,2.726,S1O
78,P6,133,1.750,S1O
78,P6,134,1.750,S1O
78,P6,135,1.750,S1O
78,P6,136,1.750,S1O
78,P6,137,-0.203,S1O
78,P6,138,-3.133,S1O
78,P6,139,-4.598,S1O
78,P6,140,-4.598,S1O
78,P6,141,-2.645,S1O
78,P6,142,0.285,S1O
78,P6,143,2.726,S1O
78,P6,144,3.703,S1O
78,P6,145,3.703,S1O
78,P6,146,3.215,S1O
78,P6,147,3.215,S1O
78,P6,148,3.703,S1O
78,P6,149,3.703,S1O
78,P6,150,3.215,S1O
78,P6,151,1.261,S1O
78,P6,152,-0.203,S1O
78,P6,153,-1.180,S1O
78,P6,154,-0.203,S1O
78,P6,155,1.261,S1O
78,P6,156,2.238,S1O
78,P6,157,2.726,S1O
78,P6,158,1.750,S1O
78,P6,159,1.261,S1O
78,P6,160,1.261,S1O
78,P6,161,1.261,S1O
78,P6,162,0.773,S1O
78,P6,163,0.773,S1O
78,P6,164,0.285,S1O
78,P6,165,0.285,S1O
78,P6,166,0.773,S1O
78,P6,167,2.238,S1O
78,P6,168,3.703,S1O
78,P6,169,4.679,S1O
78,P6,170,6.144,S1O
78,P6,171,6.632,S1O
78,P6,172,6.144,S1O
78,P6,173,5.168,S1O
78,P6,174,3.703,S1O
78,P6,175,1.261,S1O
78,P6,176,-0.692,S1O
78,P6,177,-2.157,S1O
78,P6,178,-2.157,S1O
78,P6,179,-1.180,S1O
78,P6,180,0.773,S1O
78,P6,181,1.750,S1O
78,P6,182,3.215,S1O
78,P6,183,4.191,S1O
78,P6,184,5.656,S1O
78,P6,185,7.609,S1O
78,P6,186,9.562,S1O
78,P6,187,10.539,S1O
78,P6,188,10.050,S1O
78,P6,189,8.097,S1O
78,P6,190,5.656,S1O
78,P6,191,3.703,S1O
78,P6,192,2.238,S1O
78,P6,193,1.750,S1O
78,P6,194,1.261,S1O
78,P6,195,0.773,S1O
78,P6,196,-0.203,S1O
78,P6,197,-2.157,S1O
78,P6,198,-1.668,S1O
78,P6,199,-2.157,S1O
78,P6,200,-1.668,S1O
78,P6,201,-0.692,S1O
78,P6,202,1.261,S1O
78,P6,203,3.215,S1O
78,P6,204,5.168,S1O
78,P6,205,7.121,S1O
78,P6,206,8.097,S1O
78,P6,207,8.097,S1O
78,P6,208,7.121,S1O
78,P6,209,6.144,S1O
78,P6,210,5.168,S1O
78,P6,211,4.191,S1O
78,P6,212,3.215,S1O
78,P6,213,2.726,S1O
78,P6,214,2.726,S1O
78,P6,215,2.238,S1O
78,P6,216,1.750,S1O
78,P6,217,0.773,S1O
78,P6,218,-1.180,S1O
78,P6,219,-3.133,S1O
78,P6,220,-5.086,S1O
78,P6,221,-5.575,S1O
78,P6,222,-5.086,S1O
78,P6,223,-3.133,S1O
78,P6,224,-1.180,S1O
78,P6,225,1.261,S1O
78,P6,226,3.703,S1O
78,P6,227,5.656,S1O
78,P6,228,7.121,S1O
78,P6,229,6.632,S1O
78,P6,230,4.679,S1O
78,P6,231,2.238,S1O
78,P6,232,0.773,S1O
78,P6,233,1.750,S1O
78,P6,234,4.679,S1O
78,P6,235,8.097,S1O
78,P6,236,10.539,S1O
78,P6,237,10.050,S1O
78,P6,238,8.097,S1O
78,P6,239,5.168,S1O
78,P6,240,2.726,S1O
78,P6,241,1.261,S1O
78,P6,242,1.261,S1O
78,P6,243,1.750,S1O
78,P6,244,3.703,S1O
78,P6,245,6.144,S1O
78,P6,246,8.097,S1O
78,P6,247,8.586,S1O
78,P6,248,6.144,S1O
78,P6,249,1.261,S1O
78,P6,250,-3.133,S1O
78,P6,251,-5.086,S1O
78,P6,252,-3.621,S1O
78,P6,253,0.285,S1O
78,P6,254,3.215,S1O
78,P6,255,4.679,S1O
78,C1,0,-0.295,S1O
78,C1,1,-0.295,S1O
78,C1,2,0.193,S1O
78,C1,3,0.193,S1O
78,C1,4,0.682,S1O
78,C1,5,1.170,S1O
78,C1,6,1.658,S1O
78,C1,7,1.658,S1O
78,C1,8,1.658,S1O
78,C1,9,2.146,S1O
78,C1,10,2.635,S1O
78,C1,11,3.123,S1O
78,C1,12,3.123,S1O
78,C1,13,2.635,S1O
78,C1,14,1.658,S1O
78,C1,15,1.170,S1O
78,C1,16,0.682,S1O
78,C1,17,0.682,S1O
78,C1,18,0.682,S1O
78,C1,19,-0.295,S1O
78,C1,20,-0.783,S1O
78,C1,21,-0.783,S1O
78,C1,22,-1.272,S1O
78,C1,23,-0.783,S1O
78,C1,24,-0.783,S1O
78,C1,25,-0.783,S1O
78,C1,26,-0.783,S1O
78,C1,27,-0.783,S1O
78,C1,28,-0.783,S1O
78,C1,29,-0.783,S1O
78,C1,30,-0.783,S1O
78,C1,31,-0.295,S1O
78,C1,32,-0.295,S1O
78,C1,33,-0.295,S1O
78,C1,34,0.193,S1O
78,C1,35,0.193,S1O
78,C1,36,0.682,S1O
78,C1,37,0.193,S1O
78,C1,38,0.193,S1O
78,C1,39,0.193,S1O
78,C1,40,0.193,S1O
78,C1,41,0.682,S1O
78,C1,42,0.682,S1O
78,C1,43,0.682,S1O
78,C1,44,0.193,S1O
78,C1,45,-0.295,S1O
78,C1,46,-0.783,S1O
78,C1,47,-0.783,S1O
78,C1,48,-0.295,S1O
78,C1,49,-0.295,S1O
78,C1,50,-0.295,S1O
78,C1,51,-0.783,S1O
78,C1,52,-0.783,S1O
78,C1,53,-0.295,S1O
78,C1,54,-0.295,S1O
78,C1,55,-0.295,S1O
78,C1,56,0.193,S1O
78,C1,57,-0.295,S1O
78,C1,58,-0.295,S1O
78,C1,59,-0.783,S1O
78,C1,60,-1.272,S1O
78,C1,61,-1.272,S1O
78,C1,62,-0.783,S1O
78,C1,63,-0.295,S1O
78,C1,64,-0.295,S1O
78,C1,65,-0.295,S1O
78,C1,66,-0.783,S1O
78,C1,67,-0.783,S1O
78,C1,68,-0.783,S1O
78,C1,69,-0.783,S1O
78,C1,70,-0.783,S1O
78,C1,71,-0.295,S1O
78,C1,72,-0.295,S1O
78,C1,73,0.193,S1O
78,C1,74,0.193,S1O
78,C1,75,0.193,S1O
78,C1,76,-0.295,S1O
78,C1,77,-0.295,S1O
78,C1,78,-0.783,S1O
78,C1,79,-0.783,S1O
78,C1,80,-0.295,S1O
78,C1,81,-0.295,S1O
78,C1,82,-0.295,S1O
78,C1,83,-1.272,S1O
78,C1,84,-1.272,S1O
78,C1,85,-1.760,S1O
78,C1,86,-1.272,S1O
78,C1,87,-1.272,S1O
78,C1,88,-1.760,S1O
78,C1,89,-1.760,S1O
78,C1,90,-2.248,S1O
78,C1,91,-1.760,S1O
78,C1,92,-1.760,S1O
78,C1,93,-1.272,S1O
78,C1,94,-0.783,S1O
78,C1,95,-0.783,S1O
78,C1,96,-0.783,S1O
78,C1,97,-0.295,S1O
78,C1,98,-0.295,S1O
78,C1,99,0.193,S1O
78,C1,100,-0.295,S1O
78,C1,101,-0.295,S1O
78,C1,102,-0.295,S1O
78,C1,103,-0.295,S1O
78,C1,104,-0.783,S1O
78,C1,105,-0.783,S1O
78,C1,106,-1.272,S1O
78,C1,107,-1.760,S1O
78,C1,108,-1.760,S1O
78,C1,109,-1.272,S1O
78,C1,110,-1.272,S1O
78,C1,111,-1.760,S1O
78,C1,112,-2.248,S1O
78,C1,113,-3.225,S1O
78,C1,114,-3.225,S1O
78,C1,115,-3.225,S1O
78,C1,116,-2.736,S1O
78,C1,117,-2.736,S1O
78,C1,118,-2.248,S1O
78,C1,119,-1.760,S1O
78,C1,120,-1.760,S1O
78,C1,121,-1.272,S1O
78,C1,122,-0.783,S1O
78,C1,123,-0.783,S1O
78,C1,124,-0.295,S1O
78,C1,125,0.193,S1O
78,C1,126,1.170,S1O
78,C1,127,0.682,S1O
78,C1,128,0.193,S1O
78,C1,129,-0.783,S1O
78,C1,130,-1.272,S1O
78,C1,131,-1.760,S1O
78,C1,132,-1.272,S1O
78,C1,133,-1.272,S1O
78,C1,134,-1.272,S1O
78,C1,135,-1.272,S1O
78,C1,136,-1.272,S1O
78,C1,137,-1.272,S1O
78,C1,138,-1.272,S1O
78,C1,139,-1.272,S1O
78,C1,140,-0.783,S1O
78,C1,141,-0.783,S1O
78,C1,142,-0.783,S1O
78,C1,143,-0.783,S1O
78,C1,144,-0.783,S1O
78,C1,145,-0.783,S1O
78,C1,146,-0.295,S1O
78,C1,147,-0.295,S1O
78,C1,148,0.193,S1O
78,C1,149,0.682,S1O
78,C1,150,1.170,S1O
78,C1,151,0.193,S1O
78,C1,152,-0.295,S1O
78,C1,153,-1.272,S1O
78,C1,154,-1.760,S1O
78,C1,155,-1.272,S1O
78,C1,156,-0.783,S1O
78,C1,157,0.682,S1O
78,C1,158,0.682,S1O
78,C1,159,0.682,S1O
78,C1,160,0.682,S1O
78,C1,161,0.193,S1O
78,C1,162,-0.295,S1O
78,C1,163,-0.295,S1O
78,C1,164,0.193,S1O
78,C1,165,0.193,S1O
78,C1,166,-0.295,S1O
78,C1,167,-0.783,S1O
78,C1,168,-0.783,S1O
78,C1,169,-0.295,S1O
78,C1,170,0.193,S1O
78,C1,171,0.682,S1O
78,C1,172,0.682,S1O
78,C1,173,0.682,S1O
78,C1,174,0.682,S1O
78,C1,175,0.682,S1O
78,C1,176,0.682,S1O
78,C1,177,0.682,S1O
78,C1,178,0.193,S1O
78,C1,179,-0.295,S1O
78,C1,180,-0.295,S1O
78,C1,181,0.193,S1O
78,C1,182,1.170,S1O
78,C1,183,1.658,S1O
78,C1,184,2.146,S1O
78,C1,185,2.146,S1O
78,C1,186,2.146,S1O
78,C1,187,1.658,S1O
78,C1,188,1.170,S1O
78,C1,189,0.682,S1O
78,C1,190,0.682,S1O
78,C1,191,0.193,S1O
78,C1,192,0.682,S1O
78,C1,193,1.170,S1O
78,C1,194,1.658,S1O
78,C1,195,2.146,S1O
78,C1,196,1.658,S1O
78,C1,197,1.658,S1O
78,C1,198,1.658,S1O
78,C1,199,1.658,S1O
78,C1,200,1.658,S1O
78,C1,201,1.658,S1O
78,C1,202,1.658,S1O
78,C1,203,2.146,S1O
78,C1,204,2.146,S1O
78,C1,205,2.635,S1O
78,C1,206,3.123,S1O
78,C1,207,3.123,S1O
78,C1,208,2.635,S1O
78,C1,209,1.658,S1O
78,C1,210,1.170,S1O
78,C1,211,1.658,S1O
78,C1,212,2.635,S1O
78,C1,213,3.611,S1O
78,C1,214,3.611,S1O
78,C1,215,3.123,S1O
78,C1,216,2.635,S1O
78,C1,217,2.146,S1O
78,C1,218,2.146,S1O
78,C1,219,2.635,S1O
78,C1,220,2.635,S1O
78,C1,221,2.146,S1O
78,C1,222,1.658,S1O
78,C1,223,0.193,S1O
78,C1,224,-0.295,S1O
78,C1,225,-0.295,S1O
78,C1,226,-0.295,S1O
78,C1,227,0.682,S1O
78,C1,228,2.146,S1O
78,C1,229,3.123,S1O
78,C1,230,4.100,S1O
78,C1,231,3.611,S1O
78,C1,232,2.635,S1O
78,C1,233,1.658,S1O
78,C1,234,0.682,S1O
78,C1,235,0.682,S1O
78,C1,236,1.170,S1O
78,C1,237,2.635,S1O
78,C1,238,2.635,S1O
78,C1,239,3.123,S1O
78,C1,240,4.100,S1O
78,C1,241,4.588,S1O
78,C1,242,4.588,S1O
78,C1,243,4.588,S1O
78,C1,244,3.611,S1O
78,C1,245,2.635,S1O
78,C1,246,1.170,S1O
78,C1,247,0.682,S1O
78,C1,248,0.682,S1O
78,C1,249,0.193,S1O
78,C1,250,0.193,S1O
78,C1,251,-0.783,S1O
78,C1,252,-0.783,S1O
78,C1,253,-0.783,S1O
78,C1,254,-0.783,S1O
78,C1,255,-0.295,S1O
78,C2,0,-0.397,S1O
78,C2,1,-0.885,S1O
78,C2,2,-1.373,S1O
78,C2,3,-1.373,S1O
78,C2,4,-1.862,S1O
78,C2,5,-2.350,S1O
78,C2,6,-3.326,S1O
78,C2,7,-3.326,S1O
78,C2,8,-3.815,S1O
78,C2,9,-3.815,S1O
78,C2,10,-3.815,S1O
78,C2,11,-3.326,S1O
78,C2,12,-3.326,S1O
78,C2,13,-2.838,S1O
78,C2,14,-2.838,S1O
78,C2,15,-2.350,S1O
78,C2,16,-1.862,S1O
78,C2,17,-1.373,S1O
78,C2,18,-1.373,S1O
78,C2,19,-0.885,S1O
78,C2,20,-0.397,S1O
78,C2,21,0.092,S1O
78,C2,22,0.580,S1O
78,C2,23,1.068,S1O
78,C2,24,0.580,S1O
78,C2,25,0.580,S1O
78,C2,26,0.580,S1O
78,C2,27,0.092,S1O
78,C2,28,0.092,S1O
78,C2,29,-0.397,S1O
78,C2,30,-0.885,S1O
78,C2,31,-1.373,S1O
78,C2,32,-0.885,S1O
78,C2,33,-0.397,S1O
78,C2,34,0.580,S1O
78,C2,35,1.556,S1O
78,C2,36,2.045,S1O
78,C2,37,1.556,S1O
78,C2,38,0.580,S1O
78,C2,39,0.092,S1O
78,C2,40,0.092,S1O
78,C2,41,0.580,S1O
78,C2,42,1.068,S1O
78,C2,43,1.068,S1O
78,C2,44,1.068,S1O
78,C2,45,0.092,S1O
78,C2,46,-0.397,S1O
78,C2,47,0.092,S1O
78,C2,48,1.556,S1O
78,C2,49,2.533,S1O
78,C2,50,3.021,S1O
78,C2,51,2.533,S1O
78,C2,52,1.556,S1O
78,C2,53,0.580,S1O
78,C2,54,0.580,S1O
78,C2,55,0.580,S1O
78,C2,56,1.556,S1O
78,C2,57,1.556,S1O
78,C2,58,1.068,S1O
78,C2,59,0.580,S1O
78,C2,60,0.580,S1O
78,C2,61,0.580,S1O
78,C2,62,0.580,S1O
78,C2,63,1.068,S1O
78,C2,64,2.045,S1O
78,C2,65,2.045,S1O
78,C2,66,2.533,S1O
78,C2,67,2.533,S1O
78,C2,68,2.533,S1O
78,C2,69,2.045,S1O
78,C2,70,2.045,S1O
78,C2,71,1.556,S1O
78,C2,72,0.580,S1O
78,C2,73,-0.397,S1O
78,C2,74,-0.397,S1O
78,C2,75,0.580,S1O
78,C2,76,1.556,S1O
78,C2,77,2.533,S1O
78,C2,78,2.533,S1O
78,C2,79,2.533,S1O
78,C2,80,1.556,S1O
78,C2,81,2.045,S1O
78,C2,82,2.533,S1O
78,C2,83,3.021,S1O
78,C2,84,2.533,S1O
78,C2,85,2.045,S1O
78,C2,86,1.556,S1O
78,C2,87,2.045,S1O
78,C2,88,3.021,S1O
78,C2,89,3.998,S1O
78,C2,90,3.998,S1O
78,C2,91,3.510,S1O
78,C2,92,2.533,S1O
78,C2,93,2.045,S1O
78,C2,94,2.045,S1O
78,C2,95,2.045,S1O
78,C2,96,2.045,S1O
78,C2,97,1.068,S1O
78,C2,98,0.092,S1O
78,C2,99,0.092,S1O
78,C2,100,0.580,S1O
78,C2,101,2.045,S1O
78,C2,102,3.510,S1O
78,C2,103,4.486,S1O
78,C2,104,4.486,S1O
78,C2,105,3.998,S1O
78,C2,106,2.533,S1O
78,C2,107,1.556,S1O
78,C2,108,1.556,S1O
78,C2,109,2.045,S1O
78,C2,110,2.533,S1O
78,C2,111,3.021,S1O
78,C2,112,2.533,S1O
78,C2,113,1.556,S1O
78,C2,114,1.556,S1O
78,C2,115,1.556,S1O
78,C2,116,2.045,S1O
78,C2,117,2.045,S1O
78,C2,118,1.068,S1O
78,C2,119,0.580,S1O
78,C2,120,0.092,S1O
78,C2,121,0.092,S1O
78,C2,122,0.092,S1O
78,C2,123,0.580,S1O
78,C2,124,0.580,S1O
78,C2,125,0.580,S1O
78,C2,126,1.068,S1O
78,C2,127,2.045,S1O
78,C2,128,2.533,S1O
78,C2,129,3.021,S1O
78,C2,130,3.510,S1O
78,C2,131,3.021,S1O
78,C2,132,2.533,S1O
78,C2,133,2.533,S1O
78,C2,134,2.045,S1O
78,C2,135,2.045,S1O
78,C2,136,1.556,S1O
78,C2,137,1.068,S1O
78,C2,138,0.580,S1O
78,C2,139,-0.397,S1O
78,C2,140,-0.885,S1O
78,C2,141,-0.885,S1O
78,C2,142,-0.397,S1O
78,C2,143,0.092,S1O
78,C2,144,0.092,S1O
78,C2,145,0.580,S1O
78,C2,146,0.580,S1O
78,C2,147,0.580,S1O
78,C2,148,0.580,S1O
78,C2,149,1.068,S1O
78,C2,150,1.068,S1O
78,C2,151,1.068,S1O
78,C2,152,1.068,S1O
78,C2,153,1.068,S1O
78,C2,154,1.068,S1O
78,C2,155,1.556,S1O
78,C2,156,1.556,S1O
78,C2,157,1.556,S1O
78,C2,158,1.556,S1O
78,C2,159,2.045,S1O
78,C2,160,3.021,S1O
78,C2,161,3.510,S1O
78,C2,162,3.510,S1O
78,C2,163,3.021,S1O
78,C2,164,3.021,S1O
78,C2,165,2.533,S1O
78,C2,166,2.533,S1O
78,C2,167,2.045,S1O
78,C2,168,1.556,S1O
78,C2,169,1.068,S1O
78,C2,170,1.068,S1O
78,C2,171,1.556,S1O
78,C2,172,2.045,S1O
78,C2,173,1.556,S1O
78,C2,174,1.068,S1O
78,C2,175,0.580,S1O
78,C2,176,0.092,S1O
78,C2,177,0.580,S1O
78,C2,178,1.068,S1O
78,C2,179,2.045,S1O
78,C2,180,2.533,S1O
78,C2,181,2.045,S1O
78,C2,182,1.068,S1O
78,C2,183,1.068,S1O
78,C2,184,1.068,S1O
78,C2,185,2.045,S1O
78,C2,186,3.021,S1O
78,C2,187,3.998,S1O
78,C2,188,4.974,S1O
78,C2,189,4.974,S1O
78,C2,190,3.998,S1O
78,C2,191,3.021,S1O
78,C2,192,2.045,S1O
78,C2,193,2.045,S1O
78,C2,194,2.533,S1O
78,C2,195,2.533,S1O
78,C2,196,2.533,S1O
78,C2,197,2.045,S1O
78,C2,198,1.556,S1O
78,C2,199,1.068,S1O
78,C2,200,0.580,S1O
78,C2,201,1.068,S1O
78,C2,202,1.556,S1O
78,C2,203,1.556,S1O
78,C2,204,1.556,S1O
78,C2,205,2.045,S1O
78,C2,206,2.533,S1O
78,C2,207,3.510,S1O
78,C2,208,3.510,S1O
78,C2,209,3.510,S1O
78,C2,210,3.021,S1O
78,C2,211,1.556,S1O
78,C2,212,1.068,S1O
78,C2,213,0.580,S1O
78,C2,214,1.068,S1O
78,C2,215,1.556,S1O
78,C2,216,2.045,S1O
78,C2,217,2.533,S1O
78,C2,218,2.533,S1O
78,C2,219,1.556,S1O
78,C2,220,0.580,S1O
78,C2,221,-0.397,S1O
78,C2,222,-0.885,S1O
78,C2,223,-0.397,S1O
78,C2,224,0.092,S1O
78,C2,225,1.068,S1O
78,C2,226,1.068,S1O
78,C2,227,1.068,S1O
78,C2,228,0.580,S1O
78,C2,229,0.092,S1O
78,C2,230,-0.397,S1O
78,C2,231,-0.397,S1O
78,C2,232,-0.397,S1O
78,C2,233,0.092,S1O
78,C2,234,1.556,S1O
78,C2,235,2.045,S1O
78,C2,236,3.021,S1O
78,C2,237,3.510,S1O
78,C2,238,3.998,S1O
78,C2,239,3.510,S1O
78,C2,240,3.021,S1O
78,C2,241,2.045,S1O
78,C2,242,1.068,S1O
78,C2,243,0.580,S1O
78,C2,244,1.068,S1O
78,C2,245,2.533,S1O
78,C2,246,3.998,S1O
78,C2,247,5.463,S1O
78,C2,248,5.463,S1O
78,C2,249,4.974,S1O
78,C2,250,3.510,S1O
78,C2,251,2.045,S1O
78,C2,252,1.556,S1O
78,C2,253,1.556,S1O
78,C2,254,2.045,S1O
78,C2,255,3.510,S1O
78,PO7,0,-0.244,S1O
78,PO7,1,-0.732,S1O
78,PO7,2,-0.732,S1O
78,PO7,3,0.244,S1O
78,PO7,4,1.221,S1O
78,PO7,5,2.197,S1O
78,PO7,6,2.686,S1O
78,PO7,7,3.662,S1O
78,PO7,8,5.127,S1O
78,PO7,9,6.592,S1O
78,PO7,10,7.568,S1O
78,PO7,11,7.080,S1O
78,PO7,12,5.615,S1O
78,PO7,13,4.150,S1O
78,PO7,14,3.174,S1O
78,PO7,15,3.174,S1O
78,PO7,16,3.662,S1O
78,PO7,17,3.662,S1O
78,PO7,18,2.686,S1O
78,PO7,19,0.244,S1O
78,PO7,20,-2.686,S1O
78,PO7,21,-5.615,S1O
78,PO7,22,-7.080,S1O
78,PO7,23,-7.568,S1O
78,PO7,24,-7.568,S1O
78,PO7,25,-6.592,S1O
78,PO7,26,-5.615,S1O
78,PO7,27,-4.639,S1O
78,PO7,28,-5.127,S1O
78,PO7,29,-6.592,S1O
78,PO7,30,-9.033,S1O
78,PO7,31,-10.986,S1O
78,PO7,32,-11.475,S1O
78,PO7,33,-10.986,S1O
78,PO7,34,-10.010,S1O
78,PO7,35,-9.521,S1O
78,PO7,36,-10.010,S1O
78,PO7,37,-10.986,S1O
78,PO7,38,-11.963,S1O
78,PO7,39,-11.475,S1O
78,PO7,40,-10.498,S1O
78,PO7,41,-10.498,S1O
78,PO7,42,-10.986,S1O
78,PO7,43,-12.451,S1O
78,PO7,44,-13.916,S1O
78,PO7,45,-15.381,S1O
78,PO7,46,-14.893,S1O
78,PO7,47,-13.428,S1O
78,PO7,48,-11.475,S1O
78,PO7,49,-9.521,S1O
78,PO7,50,-10.010,S1O
78,PO7,51,-10.986,S1O
78,PO7,52,-12.451,S1O
78,PO7,53,-12.451,S1O
78,PO7,54,-10.986,S1O
78,PO7,55,-9.033,S1O
78,PO7,56,-7.568,S1O
78,PO7,57,-7.080,S1O
78,PO7,58,-7.568,S1O
78,PO7,59,-7.080,S1O
78,PO7,60,-6.104,S1O
78,PO7,61,-4.150,S1O
78,PO7,62,-2.197,S1O
78,PO7,63,-1.221,S1O
78,PO7,64,-1.709,S1O
78,PO7,65,-2.197,S1O
78,PO7,66,-1.709,S1O
78,PO7,67,-0.244,S1O
78,PO7,68,1.221,S1O
78,PO7,69,2.197,S1O
78,PO7,70,1.709,S1O
78,PO7,71,-0.244,S1O
78,PO7,72,-1.221,S1O
78,PO7,73,-1.221,S1O
78,PO7,74,-1.221,S1O
78,PO7,75,-1.709,S1O
78,PO7,76,-2.686,S1O
78,PO7,77,-5.615,S1O
78,PO7,78,-7.568,S1O
78,PO7,79,-8.545,S1O
78,PO7,80,-9.033,S1O
78,PO7,81,-8.545,S1O
78,PO7,82,-8.545,S1O
78,PO7,83,-8.545,S1O
78,PO7,84,-8.545,S1O
78,PO7,85,-7.568,S1O
78,PO7,86,-6.104,S1O
78,PO7,87,-4.639,S1O
78,PO7,88,-3.662,S1O
78,PO7,89,-3.174,S1O
78,PO7,90,-2.686,S1O
78,PO7,91,-1.709,S1O
78,PO7,92,0.244,S1O
78,PO7,93,2.686,S1O
78,PO7,94,5.615,S1O
78,PO7,95,7.080,S1O
78,PO7,96,7.080,S1O
78,PO7,97,5.615,S1O
78,PO7,98,5.127,S1O
78,PO7,99,6.104,S1O
78,PO7,100,8.057,S1O
78,PO7,101,10.010,S1O
78,PO7,102,10.010,S1O
78,PO7,103,7.568,S1O
78,PO7,104,4.150,S1O
78,PO7,105,0.732,S1O
78,PO7,106,0.244,S1O
78,PO7,107,1.221,S1O
78,PO7,108,2.686,S1O
78,PO7,109,2.686,S1O
78,PO7,110,1.221,S1O
78,PO7,111,-0.732,S1O
78,PO7,112,-2.686,S1O
78,PO7,113,-3.662,S1O
78,PO7,114,-3.662,S1O
78,PO7,115,-3.662,S1O
78,PO7,116,-3.174,S1O
78,PO7,117,-2.197,S1O
78,PO7,118,-1.709,S1O
78,PO7,119,-0.732,S1O
78,PO7,120,-0.244,S1O
78,PO7,121,1.221,S1O
78,PO7,122,2.197,S1O
78,PO7,123,3.174,S1O
78,PO7,124,3.662,S1O
78,PO7,125,4.150,S1O
78,PO7,126,5.127,S1O
78,PO7,127,6.104,S1O
78,PO7,128,6.592,S1O
78,PO7,129,6.592,S1O
78,PO7,130,3.662,S1O
78,PO7,131,1.221,S1O
78,PO7,132,-0.244,S1O
78,PO7,133,0.244,S1O
78,PO7,134,2.197,S1O
78,PO7,135,3.174,S1O
78,PO7,136,1.709,S1O
78,PO7,137,-1.709,S1O
78,PO7,138,-5.127,S1O
78,PO7,139,-6.104,S1O
78,PO7,140,-5.127,S1O
78,PO7,141,-2.686,S1O
78,PO7,142,-0.732,S1O
78,PO7,143,0.244,S1O
78,PO7,144,0.732,S1O
78,PO7,145,1.709,S1O
78,PO7,146,3.174,S1O
78,PO7,147,4.150,S1O
78,PO7,148,4.639,S1O
78,PO7,149,4.150,S1O
78,PO7,150,2.686,S1O
78,PO7,151,0.244,S1O
78,PO7,152,-1.709,S1O
78,PO7,153,-4.150,S1O
78,PO7,154,-5.127,S1O
78,PO7,155,-5.127,S1O
78,PO7,156,-4.150,S1O
78,PO7,157,-3.174,S1O
78,PO7,158,-1.709,S1O
78,PO7,159,-1.709,S1O
78,PO7,160,-2.197,S1O
78,PO7,161,-3.174,S1O
78,PO7,162,-4.150,S1O
78,PO7,163,-5.127,S1O
78,PO7,164,-5.615,S1O
78,PO7,165,-5.615,S1O
78,PO7,166,-5.127,S1O
78,PO7,167,-4.639,S1O
78,PO7,168,-2.686,S1O
78,PO7,169,-0.732,S1O
78,PO7,170,1.709,S1O
78,PO7,171,2.686,S1O
78,PO7,172,2.686,S1O
78,PO7,173,1.221,S1O
78,PO7,174,-1.221,S1O
78,PO7,175,-3.174,S1O
78,PO7,176,-5.127,S1O
78,PO7,177,-6.104,S1O
78,PO7,178,-6.104,S1O
78,PO7,179,-5.615,S1O
78,PO7,180,-4.150,S1O
78,PO7,181,-0.244,S1O
78,PO7,182,5.615,S1O
78,PO7,183,11.963,S1O
78,PO7,184,18.311,S1O
78,PO7,185,21.240,S1O
78,PO7,186,20.264,S1O
78,PO7,187,14.893,S1O
78,PO7,188,8.057,S1O
78,PO7,189,2.197,S1O
78,PO7,190,-0.732,S1O
78,PO7,191,-1.221,S1O
78,PO7,192,-0.732,S1O
78,PO7,193,-0.732,S1O
78,PO7,194,-2.197,S1O
78,PO7,195,-3.662,S1O
78,PO7,196,-4.150,S1O
78,PO7,197,-3.662,S1O
78,PO7,198,-2.686,S1O
78,PO7,199,-2.197,S1O
78,PO7,200,-3.174,S1O
78,PO7,201,-3.662,S1O
78,PO7,202,-2.686,S1O
78,PO7,203,-0.244,S1O
78,PO7,204,3.662,S1O
78,PO7,205,7.080,S1O
78,PO7,206,8.545,S1O
78,PO7,207,7.568,S1O
78,PO7,208,5.615,S1O
78,PO7,209,2.686,S1O
78,PO7,210,1.221,S1O
78,PO7,211,0.732,S1O
78,PO7,212,1.221,S1O
78,PO7,213,1.221,S1O
78,PO7,214,0.732,S1O
78,PO7,215,-0.732,S1O
78,PO7,216,-2.197,S1O
78,PO7,217,-3.662,S1O
78,PO7,218,-4.639,S1O
78,PO7,219,-5.127,S1O
78,PO7,220,-5.127,S1O
78,PO7,221,-5.127,S1O
78,PO7,222,-4.639,S1O
78,PO7,223,-4.150,S1O
78,PO7,224,-3.662,S1O
78,PO7,225,-2.686,S1O
78,PO7,226,-1.709,S1O
78,PO7,227,0.244,S1O
78,PO7,228,2.197,S1O
78,PO7,229,3.174,S1O
78,PO7,230,2.686,S1O
78,PO7,231,0.732,S1O
78,PO7,232,-0.732,S1O
78,PO7,233,-0.244,S1O
78,PO7,234,2.686,S1O
78,PO7,235,7.080,S1O
78,PO7,236,10.010,S1O
78,PO7,237,10.498,S1O
78,PO7,238,9.033,S1O
78,PO7,239,6.104,S1O
78,PO7,240,4.639,S1O
78,PO7,241,4.639,S1O
78,PO7,242,6.104,S1O
78,PO7,243,7.080,S1O
78,PO7,244,7.080,S1O
78,PO7,245,7.080,S1O
78,PO7,246,7.080,S1O
78,PO7,247,6.592,S1O
78,PO7,248,4.150,S1O
78,PO7,249,0.732,S1O
78,PO7,250,-3.662,S1O
78,PO7,251,-5.615,S1O
78,PO7,252,-5.615,S1O
78,PO7,253,-3.662,S1O
78,PO7,254,-2.197,S1O
78,PO7,255,-2.197,S1O
78,PO8,0,1.048,S1O
78,PO8,1,0.559,S1O
78,PO8,2,1.048,S1O
78,PO8,3,1.536,S1O
78,PO8,4,2.024,S1O
78,PO8,5,1.048,S1O
78,PO8,6,0.559,S1O
78,PO8,7,0.071,S1O
78,PO8,8,1.536,S1O
78,PO8,9,2.513,S1O
78,PO8,10,3.489,S1O
78,PO8,11,3.001,S1O
78,PO8,12,1.048,S1O
78,PO8,13,-0.417,S1O
78,PO8,14,-0.905,S1O
78,PO8,15,-0.417,S1O
78,PO8,16,0.071,S1O
78,PO8,17,-0.417,S1O
78,PO8,18,-1.394,S1O
78,PO8,19,-2.858,S1O
78,PO8,20,-4.323,S1O
78,PO8,21,-4.812,S1O
78,PO8,22,-5.788,S1O
78,PO8,23,-5.300,S1O
78,PO8,24,-4.323,S1O
78,PO8,25,-2.370,S1O
78,PO8,26,0.071,S1O
78,PO8,27,2.024,S1O
78,PO8,28,2.024,S1O
78,PO8,29,-0.417,S1O
78,PO8,30,-3.347,S1O
78,PO8,31,-5.788,S1O
78,PO8,32,-5.300,S1O
78,PO8,33,-3.347,S1O
78,PO8,34,-1.882,S1O
78,PO8,35,-1.882,S1O
78,PO8,36,-3.347,S1O
78,PO8,37,-5.300,S1O
78,PO8,38,-6.276,S1O
78,PO8,39,-5.300,S1O
78,PO8,40,-4.323,S1O
78,PO8,41,-4.323,S1O
78,PO8,42,-5.788,S1O
78,PO8,43,-8.230,S1O
78,PO8,44,-10.183,S1O
78,PO8,45,-11.159,S1O
78,PO8,46,-10.671,S1O
78,PO8,47,-9.206,S1O
78,PO8,48,-7.741,S1O
78,PO8,49,-6.276,S1O
78,PO8,50,-6.765,S1O
78,PO8,51,-8.230,S1O
78,PO8,52,-10.671,S1O
78,PO8,53,-12.136,S1O
78,PO8,54,-12.136,S1O
78,PO8,55,-10.183,S1O
78,PO8,56,-8.230,S1O
78,PO8,57,-6.765,S1O
78,PO8,58,-6.765,S1O
78,PO8,59,-7.253,S1O
78,PO8,60,-6.765,S1O
78,PO8,61,-5.300,S1O
78,PO8,62,-3.347,S1O
78,PO8,63,-2.858,S1O
78,PO8,64,-3.347,S1O
78,PO8,65,-3.347,S1O
78,PO8,66,-1.882,S1O
78,PO8,67,0.071,S1O
78,PO8,68,2.024,S1O
78,PO8,69,3.001,S1O
78,PO8,70,1.536,S1O
78,PO8,71,0.559,S1O
78,PO8,72,0.071,S1O
78,PO8,73,1.048,S1O
78,PO8,74,1.536,S1O
78,PO8,75,0.559,S1O
78,PO8,76,-1.394,S1O
78,PO8,77,-3.835,S1O
78,PO8,78,-5.300,S1O
78,PO8,79,-5.300,S1O
78,PO8,80,-4.812,S1O
78,PO8,81,-4.323,S1O
78,PO8,82,-4.812,S1O
78,PO8,83,-5.300,S1O
78,PO8,84,-4.812,S1O
78,PO8,85,-3.835,S1O
78,PO8,86,-2.858,S1O
78,PO8,87,-3.347,S1O
78,PO8,88,-3.835,S1O
78,PO8,89,-4.323,S1O
78,PO8,90,-3.835,S1O
78,PO8,91,-1.882,S1O
78,PO8,92,1.048,S1O
78,PO8,93,3.489,S1O
78,PO8,94,5.442,S1O
78,PO8,95,5.931,S1O
78,PO8,96,6.419,S1O
78,PO8,97,6.907,S1O
78,PO8,98,7.884,S1O
78,PO8,99,9.349,S1O
78,PO8,100,11.790,S1O
78,PO8,101,13.255,S1O
78,PO8,102,13.743,S1O
78,PO8,103,13.255,S1O
78,PO8,104,10.813,S1O
78,PO8,105,7.884,S1O
78,PO8,106,5.442,S1O
78,PO8,107,3.489,S1O
78,PO8,108,2.513,S1O
78,PO8,109,2.513,S1O
78,PO8,110,2.513,S1O
78,PO8,111,2.513,S1O
78,PO8,112,2.024,S1O
78,PO8,113,0.559,S1O
78,PO8,114,-0.417,S1O
78,PO8,115,-0.905,S1O
78,PO8,116,-0.417,S1O
78,PO8,117,0.559,S1O
78,PO8,118,1.536,S1O
78,PO8,119,1.536,S1O
78,PO8,120,1.536,S1O
78,PO8,121,2.513,S1O
78,PO8,122,3.977,S1O
78,PO8,123,5.442,S1O
78,PO8,124,5.442,S1O
78,PO8,125,4.954,S1O
78,PO8,126,4.466,S1O
78,PO8,127,4.466,S1O
78,PO8,128,4.954,S1O
78,PO8,129,4.466,S1O
78,PO8,130,3.001,S1O
78,PO8,131,0.559,S1O
78,PO8,132,-0.905,S1O
78,PO8,133,-0.417,S1O
78,PO8,134,1.048,S1O
78,PO8,135,1.536,S1O
78,PO8,136,-0.417,S1O
78,PO8,137,-3.835,S1O
78,PO8,138,-6.765,S1O
78,PO8,139,-7.741,S1O
78,PO8,140,-5.788,S1O
78,PO8,141,-2.370,S1O
78,PO8,142,0.559,S1O
78,PO8,143,2.513,S1O
78,PO8,144,3.001,S1O
78,PO8,145,3.489,S1O
78,PO8,146,3.977,S1O
78,PO8,147,4.466,S1O
78,PO8,148,4.954,S1O
78,PO8,149,4.466,S1O
78,PO8,150,3.489,S1O
78,PO8,151,1.536,S1O
78,PO8,152,0.071,S1O
78,PO8,153,-0.905,S1O
78,PO8,154,-0.417,S1O
78,PO8,155,0.071,S1O
78,PO8,156,0.071,S1O
78,PO8,157,0.559,S1O
78,PO8,158,0.559,S1O
78,PO8,159,0.071,S1O
78,PO8,160,0.071,S1O
78,PO8,161,-0.417,S1O
78,PO8,162,-0.417,S1O
78,PO8,163,-1.394,S1O
78,PO8,164,-1.882,S1O
78,PO8,165,-2.370,S1O
78,PO8,166,-1.882,S1O
78,PO8,167,-0.417,S1O
78,PO8,168,2.024,S1O
78,PO8,169,3.977,S1O
78,PO8,170,4.954,S1O
78,PO8,171,4.954,S1O
78,PO8,172,3.977,S1O
78,PO8,173,2.513,S1O
78,PO8,174,0.559,S1O
78,PO8,175,-1.394,S1O
78,PO8,176,-3.347,S1O
78,PO8,177,-5.300,S1O
78,PO8,178,-5.300,S1O
78,PO8,179,-3.835,S1O
78,PO8,180,-1.394,S1O
78,PO8,181,1.048,S1O
78,PO8,182,3.489,S1O
78,PO8,183,5.931,S1O
78,PO8,184,9.349,S1O
78,PO8,185,13.255,S1O
78,PO8,186,15.208,S1O
78,PO8,187,15.208,S1O
78,PO8,188,12.278,S1O
78,PO8,189,7.884,S1O
78,PO8,190,4.466,S1O
78,PO8,191,2.513,S1O
78,PO8,192,2.024,S1O
78,PO8,193,2.513,S1O
78,PO8,194,1.536,S1O
78,PO8,195,0.071,S1O
78,PO8,196,-1.394,S1O
78,PO8,197,-2.370,S1O
78,PO8,198,-2.858,S1O
78,PO8,199,-2.370,S1O
78,PO8,200,-1.394,S1O
78,PO8,201,0.071,S1O
78,PO8,202,2.513,S1O
78,PO8,203,4.466,S1O
78,PO8,204,6.907,S1O
78,PO8,205,9.349,S1O
78,PO8,206,10.813,S1O
78,PO8,207,10.813,S1O
78,PO8,208,10.325,S1O
78,PO8,209,8.372,S1O
78,PO8,210,6.907,S1O
78,PO8,211,5.931,S1O
78,PO8,212,5.931,S1O
78,PO8,213,5.931,S1O
78,PO8,214,5.931,S1O
78,PO8,215,4.954,S1O
78,PO8,216,3.001,S1O
78,PO8,217,0.559,S1O
78,PO8,218,-1.882,S1O
78,PO8,219,-4.323,S1O
78,PO8,220,-5.788,S1O
78,PO8,221,-6.765,S1O
78,PO8,222,-5.788,S1O
78,PO8,223,-3.835,S1O
78,PO8,224,-1.394,S1O
78,PO8,225,1.536,S1O
78,PO8,226,4.954,S1O
78,PO8,227,7.395,S1O
78,PO8,228,8.860,S1O
78,PO8,229,8.372,S1O
78,PO8,230,5.931,S1O
78,PO8,231,2.513,S1O
78,PO8,232,1.536,S1O
78,PO8,233,3.001,S1O
78,PO8,234,7.395,S1O
78,PO8,235,12.278,S1O
78,PO8,236,14.231,S1O
78,PO8,237,13.255,S1O
78,PO8,238,10.325,S1O
78,PO8,239,7.395,S1O
78,PO8,240,5.442,S1O
78,PO8,241,4.954,S1O
78,PO8,242,5.442,S1O
78,PO8,243,5.931,S1O
78,PO8,244,7.884,S1O
78,PO8,245,10.813,S1O
78,PO8,246,12.767,S1O
78,PO8,247,12.278,S1O
78,PO8,248,8.372,S1O
78,PO8,249,2.513,S1O
78,PO8,250,-1.882,S1O
78,PO8,251,-2.858,S1O
78,PO8,252,0.071,S1O
78,PO8,253,3.489,S1O
78,PO8,254,5.442,S1O
78,PO8,255,4.466,S1O
78,FCZ,0,-1.027,S1O
78,FCZ,1,-1.027,S1O
78,FCZ,2,-1.027,S1O
78,FCZ,3,-0.539,S1O
78,FCZ,4,-0.051,S1O
78,FCZ,5,0.437,S1O
78,FCZ,6,-0.051,S1O
78,FCZ,7,-0.539,S1O
78,FCZ,8,-0.539,S1O
78,FCZ,9,-1.027,S1O
78,FCZ,10,-0.539,S1O
78,FCZ,11,0.437,S1O
78,FCZ,12,0.926,S1O
78,FCZ,13,1.414,S1O
78,FCZ,14,1.414,S1O
78,FCZ,15,0.437,S1O
78,FCZ,16,-0.051,S1O
78,FCZ,17,-0.539,S1O
78,FCZ,18,-0.539,S1O
78,FCZ,19,-1.027,S1O
78,FCZ,20,-1.027,S1O
78,FCZ,21,-0.539,S1O
78,FCZ,22,-0.539,S1O
78,FCZ,23,0.437,S1O
78,FCZ,24,0.437,S1O
78,FCZ,25,-0.051,S1O
78,FCZ,26,-0.539,S1O
78,FCZ,27,-1.027,S1O
78,FCZ,28,-1.027,S1O
78,FCZ,29,-0.051,S1O
78,FCZ,30,1.414,S1O
78,FCZ,31,3.367,S1O
78,FCZ,32,4.344,S1O
78,FCZ,33,4.832,S1O
78,FCZ,34,5.320,S1O
78,FCZ,35,4.832,S1O
78,FCZ,36,4.344,S1O
78,FCZ,37,3.855,S1O
78,FCZ,38,3.855,S1O
78,FCZ,39,4.344,S1O
78,FCZ,40,4.832,S1O
78,FCZ,41,5.320,S1O
78,FCZ,42,5.320,S1O
78,FCZ,43,5.809,S1O
78,FCZ,44,4.832,S1O
78,FCZ,45,4.344,S1O
78,FCZ,46,3.855,S1O
78,FCZ,47,2.879,S1O
78,FCZ,48,2.391,S1O
78,FCZ,49,1.902,S1O
78,FCZ,50,1.414,S1O
78,FCZ,51,0.926,S1O
78,FCZ,52,1.414,S1O
78,FCZ,53,1.902,S1O
78,FCZ,54,2.879,S1O
78,FCZ,55,3.367,S1O
78,FCZ,56,3.367,S1O
78,FCZ,57,2.391,S1O
78,FCZ,58,1.902,S1O
78,FCZ,59,1.414,S1O
78,FCZ,60,1.414,S1O
78,FCZ,61,1.902,S1O
78,FCZ,62,2.391,S1O
78,FCZ,63,2.879,S1O
78,FCZ,64,2.391,S1O
78,FCZ,65,2.391,S1O
78,FCZ,66,1.902,S1O
78,FCZ,67,2.391,S1O
78,FCZ,68,2.391,S1O
78,FCZ,69,2.391,S1O
78,FCZ,70,2.391,S1O
78,FCZ,71,1.902,S1O
78,FCZ,72,1.414,S1O
78,FCZ,73,0.437,S1O
78,FCZ,74,-0.051,S1O
78,FCZ,75,-0.051,S1O
78,FCZ,76,0.437,S1O
78,FCZ,77,0.926,S1O
78,FCZ,78,0.926,S1O
78,FCZ,79,1.414,S1O
78,FCZ,80,0.926,S1O
78,FCZ,81,0.926,S1O
78,FCZ,82,0.437,S1O
78,FCZ,83,0.926,S1O
78,FCZ,84,1.902,S1O
78,FCZ,85,2.391,S1O
78,FCZ,86,2.391,S1O
78,FCZ,87,2.391,S1O
78,FCZ,88,2.879,S1O
78,FCZ,89,2.879,S1O
78,FCZ,90,3.367,S1O
78,FCZ,91,3.855,S1O
78,FCZ,92,3.367,S1O
78,FCZ,93,3.367,S1O
78,FCZ,94,2.391,S1O
78,FCZ,95,2.391,S1O
78,FCZ,96,2.879,S1O
78,FCZ,97,3.367,S1O
78,FCZ,98,3.855,S1O
78,FCZ,99,3.855,S1O
78,FCZ,100,2.879,S1O
78,FCZ,101,1.902,S1O
78,FCZ,102,0.926,S1O
78,FCZ,103,0.926,S1O
78,FCZ,104,1.414,S1O
78,FCZ,105,1.414,S1O
78,FCZ,106,1.902,S1O
78,FCZ,107,2.391,S1O
78,FCZ,108,2.391,S1O
78,FCZ,109,2.391,S1O
78,FCZ,110,1.902,S1O
78,FCZ,111,1.902,S1O
78,FCZ,112,1.414,S1O
78,FCZ,113,1.414,S1O
78,FCZ,114,2.391,S1O
78,FCZ,115,2.879,S1O
78,FCZ,116,3.855,S1O
78,FCZ,117,3.855,S1O
78,FCZ,118,4.344,S1O
78,FCZ,119,4.344,S1O
78,FCZ,120,4.344,S1O
78,FCZ,121,5.320,S1O
78,FCZ,122,6.297,S1O
78,FCZ,123,6.785,S1O
78,FCZ,124,6.785,S1O
78,FCZ,125,5.320,S1O
78,FCZ,126,3.367,S1O
78,FCZ,127,1.902,S1O
78,FCZ,128,0.437,S1O
78,FCZ,129,-0.539,S1O
78,FCZ,130,-0.539,S1O
78,FCZ,131,-0.051,S1O
78,FCZ,132,0.437,S1O
78,FCZ,133,0.437,S1O
78,FCZ,134,-0.051,S1O
78,FCZ,135,-1.027,S1O
78,FCZ,136,-1.516,S1O
78,FCZ,137,-1.516,S1O
78,FCZ,138,-0.539,S1O
78,FCZ,139,1.414,S1O
78,FCZ,140,2.391,S1O
78,FCZ,141,3.367,S1O
78,FCZ,142,3.367,S1O
78,FCZ,143,2.879,S1O
78,FCZ,144,2.391,S1O
78,FCZ,145,2.391,S1O
78,FCZ,146,2.391,S1O
78,FCZ,147,2.879,S1O
78,FCZ,148,3.855,S1O
78,FCZ,149,4.832,S1O
78,FCZ,150,5.809,S1O
78,FCZ,151,6.297,S1O
78,FCZ,152,5.809,S1O
78,FCZ,153,5.320,S1O
78,FCZ,154,4.832,S1O
78,FCZ,155,3.855,S1O
78,FCZ,156,3.367,S1O
78,FCZ,157,2.879,S1O
78,FCZ,158,1.902,S1O
78,FCZ,159,1.414,S1O
78,FCZ,160,0.437,S1O
78,FCZ,161,-0.539,S1O
78,FCZ,162,-0.539,S1O
78,FCZ,163,-0.051,S1O
78,FCZ,164,0.926,S1O
78,FCZ,165,1.414,S1O
78,FCZ,166,1.414,S1O
78,FCZ,167,1.414,S1O
78,FCZ,168,0.437,S1O
78,FCZ,169,-0.051,S1O
78,FCZ,170,-0.051,S1O
78,FCZ,171,0.437,S1O
78,FCZ,172,0.926,S1O
78,FCZ,173,1.902,S1O
78,FCZ,174,3.367,S1O
78,FCZ,175,4.344,S1O
78,FCZ,176,5.320,S1O
78,FCZ,177,5.809,S1O
78,FCZ,178,6.297,S1O
78,FCZ,179,5.809,S1O
78,FCZ,180,5.320,S1O
78,FCZ,181,4.344,S1O
78,FCZ,182,4.344,S1O
78,FCZ,183,3.367,S1O
78,FCZ,184,2.879,S1O
78,FCZ,185,2.879,S1O
78,FCZ,186,2.879,S1O
78,FCZ,187,2.879,S1O
78,FCZ,188,2.879,S1O
78,FCZ,189,3.367,S1O
78,FCZ,190,2.879,S1O
78,FCZ,191,2.879,S1O
78,FCZ,192,2.879,S1O
78,FCZ,193,2.879,S1O
78,FCZ,194,3.367,S1O
78,FCZ,195,3.855,S1O
78,FCZ,196,3.855,S1O
78,FCZ,197,3.367,S1O
78,FCZ,198,2.879,S1O
78,FCZ,199,2.391,S1O
78,FCZ,200,2.391,S1O
78,FCZ,201,2.879,S1O
78,FCZ,202,3.367,S1O
78,FCZ,203,3.855,S1O
78,FCZ,204,4.344,S1O
78,FCZ,205,4.832,S1O
78,FCZ,206,5.320,S1O
78,FCZ,207,4.832,S1O
78,FCZ,208,4.344,S1O
78,FCZ,209,3.855,S1O
78,FCZ,210,3.367,S1O
78,FCZ,211,3.367,S1O
78,FCZ,212,4.832,S1O
78,FCZ,213,6.297,S1O
78,FCZ,214,7.273,S1O
78,FCZ,215,7.762,S1O
78,FCZ,216,7.273,S1O
78,FCZ,217,6.297,S1O
78,FCZ,218,4.832,S1O
78,FCZ,219,3.855,S1O
78,FCZ,220,2.879,S1O
78,FCZ,221,1.902,S1O
78,FCZ,222,1.902,S1O
78,FCZ,223,2.391,S1O
78,FCZ,224,2.879,S1O
78,FCZ,225,3.367,S1O
78,FCZ,226,2.879,S1O
78,FCZ,227,1.902,S1O
78,FCZ,228,0.926,S1O
78,FCZ,229,1.414,S1O
78,FCZ,230,2.391,S1O
78,FCZ,231,3.367,S1O
78,FCZ,232,3.855,S1O
78,FCZ,233,3.367,S1O
78,FCZ,234,1.902,S1O
78,FCZ,235,1.414,S1O
78,FCZ,236,1.414,S1O
78,FCZ,237,2.391,S1O
78,FCZ,238,3.855,S1O
78,FCZ,239,4.344,S1O
78,FCZ,240,4.344,S1O
78,FCZ,241,3.367,S1O
78,FCZ,242,2.391,S1O
78,FCZ,243,1.902,S1O
78,FCZ,244,1.414,S1O
78,FCZ,245,1.414,S1O
78,FCZ,246,0.926,S1O
78,FCZ,247,0.926,S1O
78,FCZ,248,1.902,S1O
78,FCZ,249,3.367,S1O
78,FCZ,250,4.832,S1O
78,FCZ,251,5.809,S1O
78,FCZ,252,5.809,S1O
78,FCZ,253,5.320,S1O
78,FCZ,254,3.855,S1O
78,FCZ,255,2.879,S1O
78,POZ,0,2.136,S1O
78,POZ,1,1.160,S1O
78,POZ,2,0.183,S1O
78,POZ,3,0.183,S1O
78,POZ,4,1.160,S1O
78,POZ,5,2.136,S1O
78,POZ,6,3.601,S1O
78,POZ,7,4.578,S1O
78,POZ,8,5.554,S1O
78,POZ,9,7.019,S1O
78,POZ,10,7.996,S1O
78,POZ,11,8.484,S1O
78,POZ,12,7.996,S1O
78,POZ,13,6.042,S1O
78,POZ,14,4.089,S1O
78,POZ,15,3.601,S1O
78,POZ,16,3.113,S1O
78,POZ,17,4.089,S1O
78,POZ,18,3.113,S1O
78,POZ,19,1.648,S1O
78,POZ,20,-1.282,S1O
78,POZ,21,-4.211,S1O
78,POZ,22,-6.165,S1O
78,POZ,23,-6.653,S1O
78,POZ,24,-6.165,S1O
78,POZ,25,-4.211,S1O
78,POZ,26,-2.747,S1O
78,POZ,27,-1.770,S1O
78,POZ,28,-1.770,S1O
78,POZ,29,-3.235,S1O
78,POZ,30,-5.676,S1O
78,POZ,31,-7.141,S1O
78,POZ,32,-8.118,S1O
78,POZ,33,-7.629,S1O
78,POZ,34,-6.165,S1O
78,POZ,35,-5.188,S1O
78,POZ,36,-5.188,S1O
78,POZ,37,-6.165,S1O
78,POZ,38,-7.629,S1O
78,POZ,39,-8.118,S1O
78,POZ,40,-8.118,S1O
78,POZ,41,-7.141,S1O
78,POZ,42,-6.165,S1O
78,POZ,43,-6.653,S1O
78,POZ,44,-7.141,S1O
78,POZ,45,-8.118,S1O
78,POZ,46,-8.606,S1O
78,POZ,47,-8.118,S1O
78,POZ,48,-6.165,S1O
78,POZ,49,-4.700,S1O
78,POZ,50,-3.723,S1O
78,POZ,51,-4.211,S1O
78,POZ,52,-5.676,S1O
78,POZ,53,-7.141,S1O
78,POZ,54,-7.629,S1O
78,POZ,55,-7.141,S1O
78,POZ,56,-5.188,S1O
78,POZ,57,-3.235,S1O
78,POZ,58,-3.235,S1O
78,POZ,59,-3.723,S1O
78,POZ,60,-4.211,S1O
78,POZ,61,-4.211,S1O
78,POZ,62,-2.747,S1O
78,POZ,63,-0.793,S1O
78,POZ,64,0.183,S1O
78,POZ,65,0.183,S1O
78,POZ,66,-0.305,S1O
78,POZ,67,0.183,S1O
78,POZ,68,1.160,S1O
78,POZ,69,1.648,S1O
78,POZ,70,2.136,S1O
78,POZ,71,1.648,S1O
78,POZ,72,0.671,S1O
78,POZ,73,0.671,S1O
78,POZ,74,1.160,S1O
78,POZ,75,1.648,S1O
78,POZ,76,1.648,S1O
78,POZ,77,0.183,S1O
78,POZ,78,-1.282,S1O
78,POZ,79,-2.747,S1O
78,POZ,80,-3.723,S1O
78,POZ,81,-3.723,S1O
78,POZ,82,-3.235,S1O
78,POZ,83,-2.747,S1O
78,POZ,84,-2.258,S1O
78,POZ,85,-2.258,S1O
78,POZ,86,-2.258,S1O
78,POZ,87,-1.770,S1O
78,POZ,88,-1.770,S1O
78,POZ,89,-1.770,S1O
78,POZ,90,-1.770,S1O
78,POZ,91,-0.305,S1O
78,POZ,92,1.160,S1O
78,POZ,93,3.113,S1O
78,POZ,94,4.578,S1O
78,POZ,95,5.554,S1O
78,POZ,96,5.554,S1O
78,POZ,97,5.066,S1O
78,POZ,98,4.578,S1O
78,POZ,99,4.578,S1O
78,POZ,100,5.554,S1O
78,POZ,101,7.019,S1O
78,POZ,102,7.996,S1O
78,POZ,103,7.996,S1O
78,POZ,104,6.042,S1O
78,POZ,105,3.601,S1O
78,POZ,106,2.136,S1O
78,POZ,107,1.648,S1O
78,POZ,108,2.136,S1O
78,POZ,109,3.113,S1O
78,POZ,110,3.113,S1O
78,POZ,111,2.625,S1O
78,POZ,112,1.160,S1O
78,POZ,113,-0.305,S1O
78,POZ,114,-1.282,S1O
78,POZ,115,-2.258,S1O
78,POZ,116,-2.258,S1O
78,POZ,117,-1.770,S1O
78,POZ,118,-1.770,S1O
78,POZ,119,-1.282,S1O
78,POZ,120,-1.282,S1O
78,POZ,121,-0.793,S1O
78,POZ,122,0.183,S1O
78,POZ,123,1.160,S1O
78,POZ,124,3.113,S1O
78,POZ,125,4.578,S1O
78,POZ,126,6.531,S1O
78,POZ,127,7.507,S1O
78,POZ,128,7.507,S1O
78,POZ,129,7.019,S1O
78,POZ,130,5.554,S1O
78,POZ,131,4.089,S1O
78,POZ,132,3.113,S1O
78,POZ,133,3.113,S1O
78,POZ,134,4.089,S1O
78,POZ,135,4.578,S1O
78,POZ,136,3.601,S1O
78,POZ,137,1.160,S1O
78,POZ,138,-1.770,S1O
78,POZ,139,-3.723,S1O
78,POZ,140,-4.211,S1O
78,POZ,141,-2.747,S1O
78,POZ,142,-0.793,S1O
78,POZ,143,1.160,S1O
78,POZ,144,2.136,S1O
78,POZ,145,2.625,S1O
78,POZ,146,3.113,S1O
78,POZ,147,3.113,S1O
78,POZ,148,2.625,S1O
78,POZ,149,2.136,S1O
78,POZ,150,1.160,S1O
78,POZ,151,-0.793,S1O
78,POZ,152,-1.770,S1O
78,POZ,153,-2.258,S1O
78,POZ,154,-2.747,S1O
78,POZ,155,-2.258,S1O
78,POZ,156,-1.770,S1O
78,POZ,157,-0.793,S1O
78,POZ,158,0.183,S1O
78,POZ,159,1.160,S1O
78,POZ,160,1.648,S1O
78,POZ,161,1.160,S1O
78,POZ,162,0.671,S1O
78,POZ,163,-0.793,S1O
78,POZ,164,-1.770,S1O
78,POZ,165,-1.770,S1O
78,POZ,166,-1.770,S1O
78,POZ,167,-0.793,S1O
78,POZ,168,0.183,S1O
78,POZ,169,1.160,S1O
78,POZ,170,2.136,S1O
78,POZ,171,3.113,S1O
78,POZ,172,3.601,S1O
78,POZ,173,3.113,S1O
78,POZ,174,1.648,S1O
78,POZ,175,-1.282,S1O
78,POZ,176,-3.723,S1O
78,POZ,177,-5.676,S1O
78,POZ,178,-6.165,S1O
78,POZ,179,-5.676,S1O
78,POZ,180,-4.700,S1O
78,POZ,181,-3.235,S1O
78,POZ,182,-0.305,S1O
78,POZ,183,2.625,S1O
78,POZ,184,6.042,S1O
78,POZ,185,8.972,S1O
78,POZ,186,9.460,S1O
78,POZ,187,7.996,S1O
78,POZ,188,5.554,S1O
78,POZ,189,2.136,S1O
78,POZ,190,-0.793,S1O
78,POZ,191,-1.770,S1O
78,POZ,192,-2.258,S1O
78,POZ,193,-2.258,S1O
78,POZ,194,-2.258,S1O
78,POZ,195,-2.747,S1O
78,POZ,196,-3.235,S1O
78,POZ,197,-3.723,S1O
78,POZ,198,-4.211,S1O
78,POZ,199,-5.188,S1O
78,POZ,200,-5.676,S1O
78,POZ,201,-5.676,S1O
78,POZ,202,-4.700,S1O
78,POZ,203,-2.258,S1O
78,POZ,204,0.671,S1O
78,POZ,205,3.113,S1O
78,POZ,206,4.089,S1O
78,POZ,207,3.601,S1O
78,POZ,208,1.648,S1O
78,POZ,209,-0.305,S1O
78,POZ,210,-1.770,S1O
78,POZ,211,-1.770,S1O
78,POZ,212,-1.770,S1O
78,POZ,213,-0.793,S1O
78,POZ,214,-1.282,S1O
78,POZ,215,-1.770,S1O
78,POZ,216,-2.747,S1O
78,POZ,217,-3.235,S1O
78,POZ,218,-3.235,S1O
78,POZ,219,-3.235,S1O
78,POZ,220,-2.747,S1O
78,POZ,221,-2.747,S1O
78,POZ,222,-2.747,S1O
78,POZ,223,-2.747,S1O
78,POZ,224,-1.770,S1O
78,POZ,225,-0.305,S1O
78,POZ,226,1.160,S1O
78,POZ,227,3.113,S1O
78,POZ,228,4.089,S1O
78,POZ,229,4.578,S1O
78,POZ,230,3.113,S1O
78,POZ,231,1.160,S1O
78,POZ,232,-0.305,S1O
78,POZ,233,0.183,S1O
78,POZ,234,2.136,S1O
78,POZ,235,5.066,S1O
78,POZ,236,7.019,S1O
78,POZ,237,7.996,S1O
78,POZ,238,6.531,S1O
78,POZ,239,5.066,S1O
78,POZ,240,3.113,S1O
78,POZ,241,2.625,S1O
78,POZ,242,2.625,S1O
78,POZ,243,3.601,S1O
78,POZ,244,4.578,S1O
78,POZ,245,6.042,S1O
78,POZ,246,6.531,S1O
78,POZ,247,6.531,S1O
78,POZ,248,4.578,S1O
78,POZ,249,1.160,S1O
78,POZ,250,-2.258,S1O
78,POZ,251,-4.211,S1O
78,POZ,252,-2.747,S1O
78,POZ,253,0.671,S1O
78,POZ,254,3.601,S1O
78,POZ,255,4.578,S1O
78,OZ,0,-0.071,S1O
78,OZ,1,-0.559,S1O
78,OZ,2,-0.559,S1O
78,OZ,3,-0.071,S1O
78,OZ,4,0.905,S1O
78,OZ,5,1.882,S1O
78,OZ,6,1.882,S1O
78,OZ,7,2.370,S1O
78,OZ,8,3.347,S1O
78,OZ,9,4.812,S1O
78,OZ,10,6.276,S1O
78,OZ,11,6.765,S1O
78,OZ,12,5.788,S1O
78,OZ,13,3.835,S1O
78,OZ,14,2.370,S1O
78,OZ,15,1.394,S1O
78,OZ,16,1.882,S1O
78,OZ,17,2.858,S1O
78,OZ,18,2.370,S1O
78,OZ,19,0.905,S1O
78,OZ,20,-1.536,S1O
78,OZ,21,-4.466,S1O
78,OZ,22,-6.419,S1O
78,OZ,23,-7.395,S1O
78,OZ,24,-6.907,S1O
78,OZ,25,-5.442,S1O
78,OZ,26,-3.977,S1O
78,OZ,27,-2.513,S1O
78,OZ,28,-3.001,S1O
78,OZ,29,-4.466,S1O
78,OZ,30,-6.907,S1O
78,OZ,31,-8.372,S1O
78,OZ,32,-7.884,S1O
78,OZ,33,-6.907,S1O
78,OZ,34,-5.442,S1O
78,OZ,35,-4.466,S1O
78,OZ,36,-4.954,S1O
78,OZ,37,-6.419,S1O
78,OZ,38,-6.907,S1O
78,OZ,39,-6.907,S1O
78,OZ,40,-6.419,S1O
78,OZ,41,-5.442,S1O
78,OZ,42,-5.442,S1O
78,OZ,43,-6.907,S1O
78,OZ,44,-8.372,S1O
78,OZ,45,-9.837,S1O
78,OZ,46,-9.837,S1O
78,OZ,47,-8.860,S1O
78,OZ,48,-7.395,S1O
78,OZ,49,-5.931,S1O
78,OZ,50,-5.442,S1O
78,OZ,51,-6.419,S1O
78,OZ,52,-7.884,S1O
78,OZ,53,-8.860,S1O
78,OZ,54,-9.349,S1O
78,OZ,55,-8.372,S1O
78,OZ,56,-6.419,S1O
78,OZ,57,-4.954,S1O
78,OZ,58,-4.954,S1O
78,OZ,59,-4.954,S1O
78,OZ,60,-4.954,S1O
78,OZ,61,-3.977,S1O
78,OZ,62,-2.513,S1O
78,OZ,63,-1.048,S1O
78,OZ,64,-0.559,S1O
78,OZ,65,-0.559,S1O
78,OZ,66,0.417,S1O
78,OZ,67,1.882,S1O
78,OZ,68,3.347,S1O
78,OZ,69,4.323,S1O
78,OZ,70,3.835,S1O
78,OZ,71,1.882,S1O
78,OZ,72,0.417,S1O
78,OZ,73,-0.071,S1O
78,OZ,74,0.417,S1O
78,OZ,75,1.394,S1O
78,OZ,76,0.905,S1O
78,OZ,77,-1.048,S1O
78,OZ,78,-3.001,S1O
78,OZ,79,-4.466,S1O
78,OZ,80,-4.954,S1O
78,OZ,81,-4.466,S1O
78,OZ,82,-3.977,S1O
78,OZ,83,-3.977,S1O
78,OZ,84,-3.977,S1O
78,OZ,85,-3.977,S1O
78,OZ,86,-3.001,S1O
78,OZ,87,-2.024,S1O
78,OZ,88,-1.536,S1O
78,OZ,89,-1.048,S1O
78,OZ,90,-1.048,S1O
78,OZ,91,-0.559,S1O
78,OZ,92,0.905,S1O
78,OZ,93,3.347,S1O
78,OZ,94,5.788,S1O
78,OZ,95,7.253,S1O
78,OZ,96,7.253,S1O
78,OZ,97,6.765,S1O
78,OZ,98,6.765,S1O
78,OZ,99,8.230,S1O
78,OZ,100,10.671,S1O
78,OZ,101,13.112,S1O
78,OZ,102,14.089,S1O
78,OZ,103,12.624,S1O
78,OZ,104,8.718,S1O
78,OZ,105,5.300,S1O
78,OZ,106,2.858,S1O
78,OZ,107,2.370,S1O
78,OZ,108,3.347,S1O
78,OZ,109,3.835,S1O
78,OZ,110,3.835,S1O
78,OZ,111,2.858,S1O
78,OZ,112,1.394,S1O
78,OZ,113,0.417,S1O
78,OZ,114,-0.559,S1O
78,OZ,115,-1.048,S1O
78,OZ,116,-1.048,S1O
78,OZ,117,-0.559,S1O
78,OZ,118,0.417,S1O
78,OZ,119,1.394,S1O
78,OZ,120,1.882,S1O
78,OZ,121,2.858,S1O
78,OZ,122,3.347,S1O
78,OZ,123,4.323,S1O
78,OZ,124,4.812,S1O
78,OZ,125,5.788,S1O
78,OZ,126,6.765,S1O
78,OZ,127,7.741,S1O
78,OZ,128,7.741,S1O
78,OZ,129,6.765,S1O
78,OZ,130,5.300,S1O
78,OZ,131,3.347,S1O
78,OZ,132,1.882,S1O
78,OZ,133,1.882,S1O
78,OZ,134,2.370,S1O
78,OZ,135,2.370,S1O
78,OZ,136,0.905,S1O
78,OZ,137,-1.048,S1O
78,OZ,138,-3.001,S1O
78,OZ,139,-4.466,S1O
78,OZ,140,-3.977,S1O
78,OZ,141,-2.513,S1O
78,OZ,142,-1.048,S1O
78,OZ,143,0.417,S1O
78,OZ,144,0.905,S1O
78,OZ,145,1.882,S1O
78,OZ,146,2.370,S1O
78,OZ,147,3.347,S1O
78,OZ,148,4.323,S1O
78,OZ,149,4.323,S1O
78,OZ,150,2.858,S1O
78,OZ,151,0.905,S1O
78,OZ,152,-1.048,S1O
78,OZ,153,-2.513,S1O
78,OZ,154,-3.001,S1O
78,OZ,155,-2.513,S1O
78,OZ,156,-1.048,S1O
78,OZ,157,-0.071,S1O
78,OZ,158,0.905,S1O
78,OZ,159,0.417,S1O
78,OZ,160,-0.071,S1O
78,OZ,161,-1.048,S1O
78,OZ,162,-2.024,S1O
78,OZ,163,-2.513,S1O
78,OZ,164,-3.001,S1O
78,OZ,165,-3.489,S1O
78,OZ,166,-3.977,S1O
78,OZ,167,-3.489,S1O
78,OZ,168,-2.024,S1O
78,OZ,169,-0.559,S1O
78,OZ,170,1.394,S1O
78,OZ,171,2.858,S1O
78,OZ,172,3.347,S1O
78,OZ,173,2.858,S1O
78,OZ,174,0.905,S1O
78,OZ,175,-1.536,S1O
78,OZ,176,-4.466,S1O
78,OZ,177,-5.931,S1O
78,OZ,178,-6.907,S1O
78,OZ,179,-5.442,S1O
78,OZ,180,-4.466,S1O
78,OZ,181,-1.536,S1O
78,OZ,182,2.858,S1O
78,OZ,183,8.718,S1O
78,OZ,184,14.089,S1O
78,OZ,185,17.507,S1O
78,OZ,186,17.995,S1O
78,OZ,187,15.554,S1O
78,OZ,188,10.671,S1O
78,OZ,189,4.812,S1O
78,OZ,190,0.905,S1O
78,OZ,191,-1.048,S1O
78,OZ,192,-1.048,S1O
78,OZ,193,-0.559,S1O
78,OZ,194,-1.048,S1O
78,OZ,195,-2.513,S1O
78,OZ,196,-3.977,S1O
78,OZ,197,-4.954,S1O
78,OZ,198,-4.954,S1O
78,OZ,199,-4.954,S1O
78,OZ,200,-4.466,S1O
78,OZ,201,-3.977,S1O
78,OZ,202,-3.001,S1O
78,OZ,203,-1.048,S1O
78,OZ,204,1.882,S1O
78,OZ,205,5.300,S1O
78,OZ,206,7.741,S1O
78,OZ,207,8.230,S1O
78,OZ,208,6.765,S1O
78,OZ,209,4.323,S1O
78,OZ,210,2.370,S1O
78,OZ,211,1.394,S1O
78,OZ,212,1.394,S1O
78,OZ,213,1.394,S1O
78,OZ,214,0.905,S1O
78,OZ,215,-0.071,S1O
78,OZ,216,-2.024,S1O
78,OZ,217,-3.489,S1O
78,OZ,218,-4.466,S1O
78,OZ,219,-5.442,S1O
78,OZ,220,-5.931,S1O
78,OZ,221,-6.419,S1O
78,OZ,222,-6.419,S1O
78,OZ,223,-5.931,S1O
78,OZ,224,-4.954,S1O
78,OZ,225,-3.001,S1O
78,OZ,226,-1.048,S1O
78,OZ,227,1.394,S1O
78,OZ,228,3.347,S1O
78,OZ,229,3.835,S1O
78,OZ,230,3.347,S1O
78,OZ,231,1.394,S1O
78,OZ,232,-0.559,S1O
78,OZ,233,-0.071,S1O
78,OZ,234,1.882,S1O
78,OZ,235,5.300,S1O
78,OZ,236,8.718,S1O
78,OZ,237,9.694,S1O
78,OZ,238,8.230,S1O
78,OZ,239,5.788,S1O
78,OZ,240,3.347,S1O
78,OZ,241,2.858,S1O
78,OZ,242,3.347,S1O
78,OZ,243,5.300,S1O
78,OZ,244,7.741,S1O
78,OZ,245,9.206,S1O
78,OZ,246,10.183,S1O
78,OZ,247,9.206,S1O
78,OZ,248,6.765,S1O
78,OZ,249,1.882,S1O
78,OZ,250,-3.001,S1O
78,OZ,251,-5.442,S1O
78,OZ,252,-4.466,S1O
78,OZ,253,-1.048,S1O
78,OZ,254,2.370,S1O
78,OZ,255,2.858,S1O
78,P2,0,2.655,S1O
78,P2,1,2.655,S1O
78,P2,2,2.167,S1O
78,P2,3,1.678,S1O
78,P2,4,1.678,S1O
78,P2,5,2.167,S1O
78,P2,6,2.167,S1O
78,P2,7,2.655,S1O
78,P2,8,2.655,S1O
78,P2,9,3.143,S1O
78,P2,10,3.143,S1O
78,P2,11,3.632,S1O
78,P2,12,2.655,S1O
78,P2,13,1.678,S1O
78,P2,14,0.702,S1O
78,P2,15,0.702,S1O
78,P2,16,1.190,S1O
78,P2,17,2.167,S1O
78,P2,18,3.143,S1O
78,P2,19,2.655,S1O
78,P2,20,1.190,S1O
78,P2,21,-0.275,S1O
78,P2,22,-1.740,S1O
78,P2,23,-2.228,S1O
78,P2,24,-1.251,S1O
78,P2,25,0.214,S1O
78,P2,26,1.190,S1O
78,P2,27,2.167,S1O
78,P2,28,1.678,S1O
78,P2,29,0.214,S1O
78,P2,30,-2.228,S1O
78,P2,31,-4.181,S1O
78,P2,32,-4.669,S1O
78,P2,33,-3.693,S1O
78,P2,34,-2.228,S1O
78,P2,35,-1.740,S1O
78,P2,36,-1.740,S1O
78,P2,37,-2.716,S1O
78,P2,38,-3.693,S1O
78,P2,39,-4.669,S1O
78,P2,40,-4.669,S1O
78,P2,41,-4.181,S1O
78,P2,42,-4.669,S1O
78,P2,43,-5.157,S1O
78,P2,44,-5.646,S1O
78,P2,45,-6.134,S1O
78,P2,46,-6.134,S1O
78,P2,47,-5.157,S1O
78,P2,48,-3.693,S1O
78,P2,49,-2.228,S1O
78,P2,50,-2.228,S1O
78,P2,51,-2.228,S1O
78,P2,52,-3.204,S1O
78,P2,53,-4.669,S1O
78,P2,54,-5.157,S1O
78,P2,55,-4.669,S1O
78,P2,56,-3.204,S1O
78,P2,57,-1.740,S1O
78,P2,58,-1.740,S1O
78,P2,59,-2.228,S1O
78,P2,60,-2.716,S1O
78,P2,61,-2.716,S1O
78,P2,62,-1.740,S1O
78,P2,63,-0.763,S1O
78,P2,64,0.214,S1O
78,P2,65,0.214,S1O
78,P2,66,0.214,S1O
78,P2,67,0.702,S1O
78,P2,68,1.678,S1O
78,P2,69,2.655,S1O
78,P2,70,3.143,S1O
78,P2,71,3.143,S1O
78,P2,72,3.143,S1O
78,P2,73,3.143,S1O
78,P2,74,3.632,S1O
78,P2,75,3.632,S1O
78,P2,76,3.632,S1O
78,P2,77,3.143,S1O
78,P2,78,1.678,S1O
78,P2,79,0.702,S1O
78,P2,80,0.214,S1O
78,P2,81,0.214,S1O
78,P2,82,0.214,S1O
78,P2,83,0.702,S1O
78,P2,84,0.702,S1O
78,P2,85,0.702,S1O
78,P2,86,0.702,S1O
78,P2,87,0.214,S1O
78,P2,88,-0.275,S1O
78,P2,89,-0.763,S1O
78,P2,90,-0.763,S1O
78,P2,91,-0.275,S1O
78,P2,92,0.702,S1O
78,P2,93,2.167,S1O
78,P2,94,3.632,S1O
78,P2,95,4.120,S1O
78,P2,96,4.120,S1O
78,P2,97,3.143,S1O
78,P2,98,2.655,S1O
78,P2,99,3.143,S1O
78,P2,100,4.608,S1O
78,P2,101,6.073,S1O
78,P2,102,7.538,S1O
78,P2,103,7.538,S1O
78,P2,104,6.073,S1O
78,P2,105,4.120,S1O
78,P2,106,2.655,S1O
78,P2,107,2.167,S1O
78,P2,108,2.655,S1O
78,P2,109,3.143,S1O
78,P2,110,4.120,S1O
78,P2,111,4.120,S1O
78,P2,112,3.632,S1O
78,P2,113,2.655,S1O
78,P2,114,1.678,S1O
78,P2,115,0.702,S1O
78,P2,116,0.214,S1O
78,P2,117,0.214,S1O
78,P2,118,0.214,S1O
78,P2,119,0.214,S1O
78,P2,120,-0.275,S1O
78,P2,121,-0.763,S1O
78,P2,122,-0.763,S1O
78,P2,123,-0.275,S1O
78,P2,124,0.702,S1O
78,P2,125,1.678,S1O
78,P2,126,3.143,S1O
78,P2,127,4.608,S1O
78,P2,128,5.585,S1O
78,P2,129,6.561,S1O
78,P2,130,6.073,S1O
78,P2,131,5.585,S1O
78,P2,132,4.608,S1O
78,P2,133,4.608,S1O
78,P2,134,5.585,S1O
78,P2,135,6.073,S1O
78,P2,136,6.073,S1O
78,P2,137,4.608,S1O
78,P2,138,1.678,S1O
78,P2,139,-0.763,S1O
78,P2,140,-1.251,S1O
78,P2,141,-0.275,S1O
78,P2,142,1.678,S1O
78,P2,143,3.143,S1O
78,P2,144,4.120,S1O
78,P2,145,4.120,S1O
78,P2,146,3.632,S1O
78,P2,147,3.143,S1O
78,P2,148,2.655,S1O
78,P2,149,2.655,S1O
78,P2,150,1.678,S1O
78,P2,151,0.702,S1O
78,P2,152,-0.275,S1O
78,P2,153,-0.763,S1O
78,P2,154,-0.275,S1O
78,P2,155,0.702,S1O
78,P2,156,1.678,S1O
78,P2,157,2.167,S1O
78,P2,158,2.655,S1O
78,P2,159,3.143,S1O
78,P2,160,4.120,S1O
78,P2,161,4.120,S1O
78,P2,162,4.120,S1O
78,P2,163,3.632,S1O
78,P2,164,3.143,S1O
78,P2,165,2.655,S1O
78,P2,166,3.143,S1O
78,P2,167,4.120,S1O
78,P2,168,5.096,S1O
78,P2,169,5.585,S1O
78,P2,170,6.073,S1O
78,P2,171,6.073,S1O
78,P2,172,6.561,S1O
78,P2,173,5.585,S1O
78,P2,174,4.120,S1O
78,P2,175,2.167,S1O
78,P2,176,0.214,S1O
78,P2,177,-0.763,S1O
78,P2,178,-1.251,S1O
78,P2,179,-0.275,S1O
78,P2,180,0.214,S1O
78,P2,181,1.678,S1O
78,P2,182,2.655,S1O
78,P2,183,4.120,S1O
78,P2,184,6.073,S1O
78,P2,185,8.026,S1O
78,P2,186,9.003,S1O
78,P2,187,9.003,S1O
78,P2,188,8.026,S1O
78,P2,189,6.561,S1O
78,P2,190,5.585,S1O
78,P2,191,4.608,S1O
78,P2,192,4.120,S1O
78,P2,193,3.632,S1O
78,P2,194,3.143,S1O
78,P2,195,3.143,S1O
78,P2,196,3.632,S1O
78,P2,197,3.143,S1O
78,P2,198,2.167,S1O
78,P2,199,1.190,S1O
78,P2,200,0.214,S1O
78,P2,201,0.214,S1O
78,P2,202,1.190,S1O
78,P2,203,3.143,S1O
78,P2,204,5.096,S1O
78,P2,205,6.561,S1O
78,P2,206,7.050,S1O
78,P2,207,6.561,S1O
78,P2,208,5.585,S1O
78,P2,209,4.608,S1O
78,P2,210,3.632,S1O
78,P2,211,3.143,S1O
78,P2,212,3.143,S1O
78,P2,213,3.143,S1O
78,P2,214,3.143,S1O
78,P2,215,3.632,S1O
78,P2,216,3.632,S1O
78,P2,217,3.632,S1O
78,P2,218,3.632,S1O
78,P2,219,3.143,S1O
78,P2,220,2.655,S1O
78,P2,221,2.167,S1O
78,P2,222,2.655,S1O
78,P2,223,3.143,S1O
78,P2,224,4.120,S1O
78,P2,225,6.073,S1O
78,P2,226,7.538,S1O
78,P2,227,9.003,S1O
78,P2,228,9.003,S1O
78,P2,229,8.514,S1O
78,P2,230,7.050,S1O
78,P2,231,5.585,S1O
78,P2,232,4.608,S1O
78,P2,233,5.096,S1O
78,P2,234,6.561,S1O
78,P2,235,9.003,S1O
78,P2,236,10.468,S1O
78,P2,237,10.468,S1O
78,P2,238,9.491,S1O
78,P2,239,8.026,S1O
78,P2,240,6.561,S1O
78,P2,241,5.585,S1O
78,P2,242,5.096,S1O
78,P2,243,6.073,S1O
78,P2,244,7.050,S1O
78,P2,245,9.491,S1O
78,P2,246,10.956,S1O
78,P2,247,11.444,S1O
78,P2,248,9.491,S1O
78,P2,249,5.585,S1O
78,P2,250,2.167,S1O
78,P2,251,0.702,S1O
78,P2,252,2.167,S1O
78,P2,253,5.585,S1O
78,P2,254,9.003,S1O
78,P2,255,10.468,S1O
78,P1,0,2.319,S1O
78,P1,1,2.319,S1O
78,P1,2,1.343,S1O
78,P1,3,1.343,S1O
78,P1,4,1.343,S1O
78,P1,5,2.319,S1O
78,P1,6,2.808,S1O
78,P1,7,3.784,S1O
78,P1,8,4.272,S1O
78,P1,9,5.249,S1O
78,P1,10,5.737,S1O
78,P1,11,6.226,S1O
78,P1,12,5.249,S1O
78,P1,13,4.272,S1O
78,P1,14,2.319,S1O
78,P1,15,2.319,S1O
78,P1,16,2.808,S1O
78,P1,17,3.296,S1O
78,P1,18,3.296,S1O
78,P1,19,2.808,S1O
78,P1,20,0.854,S1O
78,P1,21,-1.099,S1O
78,P1,22,-2.563,S1O
78,P1,23,-3.052,S1O
78,P1,24,-3.052,S1O
78,P1,25,-2.563,S1O
78,P1,26,-1.099,S1O
78,P1,27,-0.610,S1O
78,P1,28,-0.122,S1O
78,P1,29,-1.099,S1O
78,P1,30,-3.052,S1O
78,P1,31,-4.517,S1O
78,P1,32,-5.493,S1O
78,P1,33,-5.005,S1O
78,P1,34,-4.028,S1O
78,P1,35,-3.052,S1O
78,P1,36,-3.052,S1O
78,P1,37,-3.540,S1O
78,P1,38,-4.517,S1O
78,P1,39,-5.005,S1O
78,P1,40,-5.005,S1O
78,P1,41,-4.517,S1O
78,P1,42,-4.517,S1O
78,P1,43,-5.005,S1O
78,P1,44,-5.493,S1O
78,P1,45,-5.981,S1O
78,P1,46,-5.981,S1O
78,P1,47,-5.005,S1O
78,P1,48,-4.028,S1O
78,P1,49,-3.052,S1O
78,P1,50,-2.563,S1O
78,P1,51,-3.052,S1O
78,P1,52,-3.540,S1O
78,P1,53,-4.028,S1O
78,P1,54,-4.028,S1O
78,P1,55,-3.052,S1O
78,P1,56,-2.075,S1O
78,P1,57,-1.587,S1O
78,P1,58,-1.587,S1O
78,P1,59,-2.563,S1O
78,P1,60,-2.563,S1O
78,P1,61,-2.563,S1O
78,P1,62,-1.587,S1O
78,P1,63,-0.610,S1O
78,P1,64,-0.122,S1O
78,P1,65,-0.610,S1O
78,P1,66,-0.610,S1O
78,P1,67,-0.610,S1O
78,P1,68,0.366,S1O
78,P1,69,0.854,S1O
78,P1,70,1.343,S1O
78,P1,71,0.854,S1O
78,P1,72,0.854,S1O
78,P1,73,1.343,S1O
78,P1,74,2.808,S1O
78,P1,75,3.296,S1O
78,P1,76,3.296,S1O
78,P1,77,2.319,S1O
78,P1,78,0.366,S1O
78,P1,79,-0.610,S1O
78,P1,80,-0.610,S1O
78,P1,81,-0.122,S1O
78,P1,82,0.366,S1O
78,P1,83,0.366,S1O
78,P1,84,-0.122,S1O
78,P1,85,-0.610,S1O
78,P1,86,-0.610,S1O
78,P1,87,-0.122,S1O
78,P1,88,0.366,S1O
78,P1,89,-0.122,S1O
78,P1,90,-0.122,S1O
78,P1,91,-0.122,S1O
78,P1,92,0.854,S1O
78,P1,93,2.319,S1O
78,P1,94,4.272,S1O
78,P1,95,4.761,S1O
78,P1,96,4.272,S1O
78,P1,97,3.296,S1O
78,P1,98,2.319,S1O
78,P1,99,2.808,S1O
78,P1,100,3.784,S1O
78,P1,101,4.761,S1O
78,P1,102,5.737,S1O
78,P1,103,4.761,S1O
78,P1,104,3.296,S1O
78,P1,105,1.831,S1O
78,P1,106,1.343,S1O
78,P1,107,1.831,S1O
78,P1,108,2.319,S1O
78,P1,109,3.296,S1O
78,P1,110,3.296,S1O
78,P1,111,2.808,S1O
78,P1,112,2.319,S1O
78,P1,113,1.343,S1O
78,P1,114,-0.122,S1O
78,P1,115,-0.610,S1O
78,P1,116,-1.099,S1O
78,P1,117,-0.610,S1O
78,P1,118,-0.122,S1O
78,P1,119,-0.122,S1O
78,P1,120,-0.122,S1O
78,P1,121,-0.610,S1O
78,P1,122,-0.122,S1O
78,P1,123,0.366,S1O
78,P1,124,1.831,S1O
78,P1,125,3.296,S1O
78,P1,126,4.761,S1O
78,P1,127,5.249,S1O
78,P1,128,5.737,S1O
78,P1,129,5.737,S1O
78,P1,130,4.761,S1O
78,P1,131,4.272,S1O
78,P1,132,3.784,S1O
78,P1,133,3.784,S1O
78,P1,134,5.249,S1O
78,P1,135,6.226,S1O
78,P1,136,5.737,S1O
78,P1,137,4.272,S1O
78,P1,138,2.319,S1O
78,P1,139,0.366,S1O
78,P1,140,-0.122,S1O
78,P1,141,0.366,S1O
78,P1,142,1.343,S1O
78,P1,143,1.831,S1O
78,P1,144,2.319,S1O
78,P1,145,2.319,S1O
78,P1,146,2.319,S1O
78,P1,147,2.808,S1O
78,P1,148,2.319,S1O
78,P1,149,1.831,S1O
78,P1,150,0.854,S1O
78,P1,151,-0.610,S1O
78,P1,152,-2.075,S1O
78,P1,153,-2.563,S1O
78,P1,154,-2.563,S1O
78,P1,155,-1.587,S1O
78,P1,156,-0.610,S1O
78,P1,157,0.854,S1O
78,P1,158,2.808,S1O
78,P1,159,3.784,S1O
78,P1,160,4.272,S1O
78,P1,161,3.784,S1O
78,P1,162,3.296,S1O
78,P1,163,2.808,S1O
78,P1,164,2.319,S1O
78,P1,165,2.319,S1O
78,P1,166,2.319,S1O
78,P1,167,2.319,S1O
78,P1,168,2.319,S1O
78,P1,169,3.296,S1O
78,P1,170,4.272,S1O
78,P1,171,4.761,S1O
78,P1,172,5.249,S1O
78,P1,173,4.272,S1O
78,P1,174,2.808,S1O
78,P1,175,0.854,S1O
78,P1,176,-0.610,S1O
78,P1,177,-1.099,S1O
78,P1,178,-2.075,S1O
78,P1,179,-2.075,S1O
78,P1,180,-2.075,S1O
78,P1,181,-1.099,S1O
78,P1,182,1.343,S1O
78,P1,183,4.761,S1O
78,P1,184,7.690,S1O
78,P1,185,9.644,S1O
78,P1,186,9.644,S1O
78,P1,187,8.667,S1O
78,P1,188,6.226,S1O
78,P1,189,3.784,S1O
78,P1,190,2.319,S1O
78,P1,191,1.831,S1O
78,P1,192,1.831,S1O
78,P1,193,1.831,S1O
78,P1,194,2.319,S1O
78,P1,195,2.319,S1O
78,P1,196,2.808,S1O
78,P1,197,2.808,S1O
78,P1,198,1.831,S1O
78,P1,199,0.854,S1O
78,P1,200,-0.122,S1O
78,P1,201,-0.610,S1O
78,P1,202,-0.122,S1O
78,P1,203,1.343,S1O
78,P1,204,3.296,S1O
78,P1,205,5.737,S1O
78,P1,206,6.226,S1O
78,P1,207,6.226,S1O
78,P1,208,4.272,S1O
78,P1,209,2.319,S1O
78,P1,210,0.366,S1O
78,P1,211,-0.122,S1O
78,P1,212,0.366,S1O
78,P1,213,1.343,S1O
78,P1,214,1.831,S1O
78,P1,215,2.319,S1O
78,P1,216,1.831,S1O
78,P1,217,1.343,S1O
78,P1,218,1.831,S1O
78,P1,219,1.831,S1O
78,P1,220,2.319,S1O
78,P1,221,1.831,S1O
78,P1,222,1.343,S1O
78,P1,223,0.854,S1O
78,P1,224,0.854,S1O
78,P1,225,1.831,S1O
78,P1,226,3.296,S1O
78,P1,227,4.761,S1O
78,P1,228,5.737,S1O
78,P1,229,5.737,S1O
78,P1,230,5.249,S1O
78,P1,231,3.784,S1O
78,P1,232,3.296,S1O
78,P1,233,2.808,S1O
78,P1,234,3.784,S1O
78,P1,235,5.249,S1O
78,P1,236,6.714,S1O
78,P1,237,7.690,S1O
78,P1,238,7.690,S1O
78,P1,239,7.202,S1O
78,P1,240,6.714,S1O
78,P1,241,6.226,S1O
78,P1,242,6.226,S1O
78,P1,243,6.226,S1O
78,P1,244,6.714,S1O
78,P1,245,6.714,S1O
78,P1,246,7.202,S1O
78,P1,247,6.714,S1O
78,P1,248,4.761,S1O
78,P1,249,2.319,S1O
78,P1,250,-1.099,S1O
78,P1,251,-3.052,S1O
78,P1,252,-2.563,S1O
78,P1,253,-0.122,S1O
78,P1,254,2.319,S1O
78,P1,255,3.784,S1O
78,CPZ,0,2.146,S1O
78,CPZ,1,2.146,S1O
78,CPZ,2,1.170,S1O
78,CPZ,3,1.170,S1O
78,CPZ,4,0.682,S1O
78,CPZ,5,0.682,S1O
78,CPZ,6,0.682,S1O
78,CPZ,7,0.682,S1O
78,CPZ,8,0.682,S1O
78,CPZ,9,1.658,S1O
78,CPZ,10,2.146,S1O
78,CPZ,11,2.146,S1O
78,CPZ,12,1.170,S1O
78,CPZ,13,0.682,S1O
78,CPZ,14,-0.295,S1O
78,CPZ,15,0.193,S1O
78,CPZ,16,1.170,S1O
78,CPZ,17,1.658,S1O
78,CPZ,18,1.658,S1O
78,CPZ,19,1.170,S1O
78,CPZ,20,0.193,S1O
78,CPZ,21,-0.295,S1O
78,CPZ,22,-0.783,S1O
78,CPZ,23,-0.783,S1O
78,CPZ,24,-0.295,S1O
78,CPZ,25,0.193,S1O
78,CPZ,26,0.682,S1O
78,CPZ,27,1.170,S1O
78,CPZ,28,0.682,S1O
78,CPZ,29,-0.295,S1O
78,CPZ,30,-1.760,S1O
78,CPZ,31,-3.225,S1O
78,CPZ,32,-4.201,S1O
78,CPZ,33,-3.713,S1O
78,CPZ,34,-2.736,S1O
78,CPZ,35,-1.760,S1O
78,CPZ,36,-1.760,S1O
78,CPZ,37,-2.248,S1O
78,CPZ,38,-3.225,S1O
78,CPZ,39,-4.201,S1O
78,CPZ,40,-3.713,S1O
78,CPZ,41,-3.225,S1O
78,CPZ,42,-3.225,S1O
78,CPZ,43,-3.225,S1O
78,CPZ,44,-3.713,S1O
78,CPZ,45,-3.713,S1O
78,CPZ,46,-3.713,S1O
78,CPZ,47,-2.736,S1O
78,CPZ,48,-2.248,S1O
78,CPZ,49,-1.272,S1O
78,CPZ,50,-1.272,S1O
78,CPZ,51,-1.272,S1O
78,CPZ,52,-1.272,S1O
78,CPZ,53,-1.760,S1O
78,CPZ,54,-2.248,S1O
78,CPZ,55,-2.248,S1O
78,CPZ,56,-2.248,S1O
78,CPZ,57,-1.760,S1O
78,CPZ,58,-1.760,S1O
78,CPZ,59,-2.248,S1O
78,CPZ,60,-2.736,S1O
78,CPZ,61,-3.225,S1O
78,CPZ,62,-2.736,S1O
78,CPZ,63,-2.248,S1O
78,CPZ,64,-1.272,S1O
78,CPZ,65,-1.272,S1O
78,CPZ,66,-1.272,S1O
78,CPZ,67,-2.248,S1O
78,CPZ,68,-2.248,S1O
78,CPZ,69,-1.760,S1O
78,CPZ,70,-1.272,S1O
78,CPZ,71,-0.783,S1O
78,CPZ,72,-0.295,S1O
78,CPZ,73,-0.295,S1O
78,CPZ,74,0.193,S1O
78,CPZ,75,0.682,S1O
78,CPZ,76,1.170,S1O
78,CPZ,77,1.170,S1O
78,CPZ,78,0.682,S1O
78,CPZ,79,0.193,S1O
78,CPZ,80,-0.295,S1O
78,CPZ,81,-0.295,S1O
78,CPZ,82,-0.295,S1O
78,CPZ,83,-0.295,S1O
78,CPZ,84,-0.783,S1O
78,CPZ,85,-1.272,S1O
78,CPZ,86,-1.272,S1O
78,CPZ,87,-1.272,S1O
78,CPZ,88,-1.760,S1O
78,CPZ,89,-2.248,S1O
78,CPZ,90,-2.736,S1O
78,CPZ,91,-2.736,S1O
78,CPZ,92,-2.736,S1O
78,CPZ,93,-1.760,S1O
78,CPZ,94,-1.272,S1O
78,CPZ,95,-1.272,S1O
78,CPZ,96,-1.760,S1O
78,CPZ,97,-2.248,S1O
78,CPZ,98,-2.736,S1O
78,CPZ,99,-2.736,S1O
78,CPZ,100,-2.248,S1O
78,CPZ,101,-0.295,S1O
78,CPZ,102,0.682,S1O
78,CPZ,103,1.170,S1O
78,CPZ,104,0.682,S1O
78,CPZ,105,-0.295,S1O
78,CPZ,106,-0.783,S1O
78,CPZ,107,-0.783,S1O
78,CPZ,108,0.193,S1O
78,CPZ,109,1.170,S1O
78,CPZ,110,1.170,S1O
78,CPZ,111,1.170,S1O
78,CPZ,112,0.682,S1O
78,CPZ,113,-0.295,S1O
78,CPZ,114,-1.272,S1O
78,CPZ,115,-1.760,S1O
78,CPZ,116,-2.248,S1O
78,CPZ,117,-2.736,S1O
78,CPZ,118,-2.736,S1O
78,CPZ,119,-2.248,S1O
78,CPZ,120,-2.736,S1O
78,CPZ,121,-3.713,S1O
78,CPZ,122,-3.713,S1O
78,CPZ,123,-4.201,S1O
78,CPZ,124,-3.225,S1O
78,CPZ,125,-2.248,S1O
78,CPZ,126,-0.783,S1O
78,CPZ,127,0.682,S1O
78,CPZ,128,1.170,S1O
78,CPZ,129,1.658,S1O
78,CPZ,130,1.658,S1O
78,CPZ,131,1.658,S1O
78,CPZ,132,1.658,S1O
78,CPZ,133,2.146,S1O
78,CPZ,134,2.635,S1O
78,CPZ,135,3.123,S1O
78,CPZ,136,3.123,S1O
78,CPZ,137,2.635,S1O
78,CPZ,138,1.170,S1O
78,CPZ,139,-0.295,S1O
78,CPZ,140,-0.783,S1O
78,CPZ,141,-0.783,S1O
78,CPZ,142,-0.295,S1O
78,CPZ,143,0.682,S1O
78,CPZ,144,0.682,S1O
78,CPZ,145,0.193,S1O
78,CPZ,146,-0.783,S1O
78,CPZ,147,-1.760,S1O
78,CPZ,148,-1.760,S1O
78,CPZ,149,-1.760,S1O
78,CPZ,150,-2.248,S1O
78,CPZ,151,-2.248,S1O
78,CPZ,152,-2.736,S1O
78,CPZ,153,-3.713,S1O
78,CPZ,154,-3.713,S1O
78,CPZ,155,-2.736,S1O
78,CPZ,156,-1.760,S1O
78,CPZ,157,-0.295,S1O
78,CPZ,158,0.682,S1O
78,CPZ,159,0.682,S1O
78,CPZ,160,0.682,S1O
78,CPZ,161,1.170,S1O
78,CPZ,162,1.170,S1O
78,CPZ,163,1.658,S1O
78,CPZ,164,1.658,S1O
78,CPZ,165,1.658,S1O
78,CPZ,166,1.170,S1O
78,CPZ,167,1.170,S1O
78,CPZ,168,1.658,S1O
78,CPZ,169,2.635,S1O
78,CPZ,170,3.123,S1O
78,CPZ,171,3.123,S1O
78,CPZ,172,2.635,S1O
78,CPZ,173,2.146,S1O
78,CPZ,174,1.170,S1O
78,CPZ,175,0.682,S1O
78,CPZ,176,-0.295,S1O
78,CPZ,177,-0.783,S1O
78,CPZ,178,-1.760,S1O
78,CPZ,179,-2.248,S1O
78,CPZ,180,-1.760,S1O
78,CPZ,181,-0.783,S1O
78,CPZ,182,0.193,S1O
78,CPZ,183,1.658,S1O
78,CPZ,184,2.635,S1O
78,CPZ,185,3.611,S1O
78,CPZ,186,4.100,S1O
78,CPZ,187,4.588,S1O
78,CPZ,188,4.588,S1O
78,CPZ,189,4.588,S1O
78,CPZ,190,3.611,S1O
78,CPZ,191,2.635,S1O
78,CPZ,192,1.658,S1O
78,CPZ,193,1.170,S1O
78,CPZ,194,1.658,S1O
78,CPZ,195,2.635,S1O
78,CPZ,196,3.611,S1O
78,CPZ,197,3.611,S1O
78,CPZ,198,3.123,S1O
78,CPZ,199,1.658,S1O
78,CPZ,200,0.682,S1O
78,CPZ,201,0.193,S1O
78,CPZ,202,0.193,S1O
78,CPZ,203,1.658,S1O
78,CPZ,204,2.146,S1O
78,CPZ,205,3.123,S1O
78,CPZ,206,3.123,S1O
78,CPZ,207,2.635,S1O
78,CPZ,208,2.146,S1O
78,CPZ,209,1.170,S1O
78,CPZ,210,0.193,S1O
78,CPZ,211,-0.783,S1O
78,CPZ,212,-0.783,S1O
78,CPZ,213,-0.783,S1O
78,CPZ,214,-0.295,S1O
78,CPZ,215,0.682,S1O
78,CPZ,216,1.170,S1O
78,CPZ,217,2.146,S1O
78,CPZ,218,2.635,S1O
78,CPZ,219,2.635,S1O
78,CPZ,220,2.635,S1O
78,CPZ,221,2.635,S1O
78,CPZ,222,2.146,S1O
78,CPZ,223,2.146,S1O
78,CPZ,224,2.635,S1O
78,CPZ,225,3.611,S1O
78,CPZ,226,4.588,S1O
78,CPZ,227,5.564,S1O
78,CPZ,228,5.564,S1O
78,CPZ,229,5.076,S1O
78,CPZ,230,4.100,S1O
78,CPZ,231,3.123,S1O
78,CPZ,232,2.146,S1O
78,CPZ,233,1.658,S1O
78,CPZ,234,2.146,S1O
78,CPZ,235,2.635,S1O
78,CPZ,236,3.611,S1O
78,CPZ,237,4.100,S1O
78,CPZ,238,4.100,S1O
78,CPZ,239,3.611,S1O
78,CPZ,240,2.635,S1O
78,CPZ,241,2.146,S1O
78,CPZ,242,2.146,S1O
78,CPZ,243,2.635,S1O
78,CPZ,244,3.611,S1O
78,CPZ,245,4.588,S1O
78,CPZ,246,5.076,S1O
78,CPZ,247,4.588,S1O
78,CPZ,248,3.611,S1O
78,CPZ,249,1.658,S1O
78,CPZ,250,-0.783,S1O
78,CPZ,251,-2.248,S1O
78,CPZ,252,-1.760,S1O
78,CPZ,253,-0.295,S1O
78,CPZ,254,2.146,S1O
78,CPZ,255,3.611,S1O
78,nd,0,-7.161,S1O
78,nd,1,-6.185,S1O
78,nd,2,-4.720,S1O
78,nd,3,-3.255,S1O
78,nd,4,-3.743,S1O
78,nd,5,-4.720,S1O
78,nd,6,-6.185,S1O
78,nd,7,-6.185,S1O
78,nd,8,-5.208,S1O
78,nd,9,-3.255,S1O
78,nd,10,-1.790,S1O
78,nd,11,-1.790,S1O
78,nd,12,-2.279,S1O
78,nd,13,-3.255,S1O
78,nd,14,-4.232,S1O
78,nd,15,-4.720,S1O
78,nd,16,-5.208,S1O
78,nd,17,-7.161,S1O
78,nd,18,-9.603,S1O
78,nd,19,-12.044,S1O
78,nd,20,-13.997,S1O
78,nd,21,-14.974,S1O
78,nd,22,-15.462,S1O
78,nd,23,-14.974,S1O
78,nd,24,-13.997,S1O
78,nd,25,-12.533,S1O
78,nd,26,-11.556,S1O
78,nd,27,-11.068,S1O
78,nd,28,-10.579,S1O
78,nd,29,-10.579,S1O
78,nd,30,-9.115,S1O
78,nd,31,-7.161,S1O
78,nd,32,-3.743,S1O
78,nd,33,-0.814,S1O
78,nd,34,1.139,S1O
78,nd,35,2.116,S1O
78,nd,36,2.604,S1O
78,nd,37,3.581,S1O
78,nd,38,5.046,S1O
78,nd,39,6.022,S1O
78,nd,40,6.022,S1O
78,nd,41,4.069,S1O
78,nd,42,0.163,S1O
78,nd,43,-3.743,S1O
78,nd,44,-6.673,S1O
78,nd,45,-7.650,S1O
78,nd,46,-6.185,S1O
78,nd,47,-3.743,S1O
78,nd,48,-2.767,S1O
78,nd,49,-4.720,S1O
78,nd,50,-8.138,S1O
78,nd,51,-11.068,S1O
78,nd,52,-12.533,S1O
78,nd,53,-11.068,S1O
78,nd,54,-8.626,S1O
78,nd,55,-6.673,S1O
78,nd,56,-6.673,S1O
78,nd,57,-8.626,S1O
78,nd,58,-10.579,S1O
78,nd,59,-12.044,S1O
78,nd,60,-11.068,S1O
78,nd,61,-8.626,S1O
78,nd,62,-5.697,S1O
78,nd,63,-3.743,S1O
78,nd,64,-1.790,S1O
78,nd,65,-1.302,S1O
78,nd,66,-1.302,S1O
78,nd,67,-1.302,S1O
78,nd,68,-1.302,S1O
78,nd,69,-1.302,S1O
78,nd,70,-1.302,S1O
78,nd,71,-1.790,S1O
78,nd,72,-1.790,S1O
78,nd,73,-2.279,S1O
78,nd,74,-3.255,S1O
78,nd,75,-4.232,S1O
78,nd,76,-4.720,S1O
78,nd,77,-5.697,S1O
78,nd,78,-6.185,S1O
78,nd,79,-6.185,S1O
78,nd,80,-6.673,S1O
78,nd,81,-6.673,S1O
78,nd,82,-7.161,S1O
78,nd,83,-7.161,S1O
78,nd,84,-6.673,S1O
78,nd,85,-5.208,S1O
78,nd,86,-3.255,S1O
78,nd,87,-1.790,S1O
78,nd,88,-1.790,S1O
78,nd,89,-2.767,S1O
78,nd,90,-3.743,S1O
78,nd,91,-3.255,S1O
78,nd,92,-0.814,S1O
78,nd,93,1.628,S1O
78,nd,94,4.069,S1O
78,nd,95,4.069,S1O
78,nd,96,2.604,S1O
78,nd,97,3.092,S1O
78,nd,98,4.557,S1O
78,nd,99,7.975,S1O
78,nd,100,10.905,S1O
78,nd,101,12.370,S1O
78,nd,102,9.928,S1O
78,nd,103,5.534,S1O
78,nd,104,1.139,S1O
78,nd,105,-0.326,S1O
78,nd,106,0.163,S1O
78,nd,107,2.116,S1O
78,nd,108,3.092,S1O
78,nd,109,2.604,S1O
78,nd,110,0.651,S1O
78,nd,111,-1.302,S1O
78,nd,112,-2.767,S1O
78,nd,113,-3.255,S1O
78,nd,114,-2.767,S1O
78,nd,115,-1.302,S1O
78,nd,116,0.163,S1O
78,nd,117,1.628,S1O
78,nd,118,3.581,S1O
78,nd,119,5.046,S1O
78,nd,120,6.022,S1O
78,nd,121,6.999,S1O
78,nd,122,7.487,S1O
78,nd,123,7.487,S1O
78,nd,124,6.999,S1O
78,nd,125,5.046,S1O
78,nd,126,3.092,S1O
78,nd,127,1.139,S1O
78,nd,128,-1.302,S1O
78,nd,129,-3.743,S1O
78,nd,130,-6.185,S1O
78,nd,131,-7.161,S1O
78,nd,132,-8.138,S1O
78,nd,133,-8.626,S1O
78,nd,134,-8.626,S1O
78,nd,135,-9.115,S1O
78,nd,136,-9.603,S1O
78,nd,137,-9.603,S1O
78,nd,138,-8.138,S1O
78,nd,139,-6.185,S1O
78,nd,140,-3.255,S1O
78,nd,141,-0.814,S1O
78,nd,142,1.139,S1O
78,nd,143,1.628,S1O
78,nd,144,1.628,S1O
78,nd,145,1.139,S1O
78,nd,146,0.651,S1O
78,nd,147,0.651,S1O
78,nd,148,0.651,S1O
78,nd,149,0.163,S1O
78,nd,150,-1.302,S1O
78,nd,151,-3.743,S1O
78,nd,152,-6.185,S1O
78,nd,153,-8.626,S1O
78,nd,154,-9.115,S1O
78,nd,155,-8.626,S1O
78,nd,156,-7.161,S1O
78,nd,157,-6.185,S1O
78,nd,158,-6.673,S1O
78,nd,159,-8.138,S1O
78,nd,160,-10.579,S1O
78,nd,161,-12.533,S1O
78,nd,162,-13.509,S1O
78,nd,163,-13.997,S1O
78,nd,164,-13.021,S1O
78,nd,165,-11.068,S1O
78,nd,166,-8.626,S1O
78,nd,167,-5.208,S1O
78,nd,168,-2.767,S1O
78,nd,169,-0.326,S1O
78,nd,170,1.139,S1O
78,nd,171,2.116,S1O
78,nd,172,3.092,S1O
78,nd,173,3.581,S1O
78,nd,174,3.581,S1O
78,nd,175,3.581,S1O
78,nd,176,2.604,S1O
78,nd,177,1.139,S1O
78,nd,178,-0.326,S1O
78,nd,179,-0.814,S1O
78,nd,180,-0.326,S1O
78,nd,181,1.139,S1O
78,nd,182,4.069,S1O
78,nd,183,6.510,S1O
78,nd,184,7.975,S1O
78,nd,185,7.487,S1O
78,nd,186,5.046,S1O
78,nd,187,2.604,S1O
78,nd,188,0.163,S1O
78,nd,189,-1.302,S1O
78,nd,190,-2.279,S1O
78,nd,191,-3.255,S1O
78,nd,192,-4.720,S1O
78,nd,193,-5.208,S1O
78,nd,194,-4.232,S1O
78,nd,195,-2.279,S1O
78,nd,196,0.163,S1O
78,nd,197,2.116,S1O
78,nd,198,2.604,S1O
78,nd,199,2.604,S1O
78,nd,200,4.069,S1O
78,nd,201,6.510,S1O
78,nd,202,9.928,S1O
78,nd,203,13.346,S1O
78,nd,204,16.276,S1O
78,nd,205,17.741,S1O
78,nd,206,18.717,S1O
78,nd,207,18.229,S1O
78,nd,208,17.253,S1O
78,nd,209,15.788,S1O
78,nd,210,14.323,S1O
78,nd,211,13.835,S1O
78,nd,212,13.835,S1O
78,nd,213,13.835,S1O
78,nd,214,13.346,S1O
78,nd,215,11.393,S1O
78,nd,216,8.464,S1O
78,nd,217,5.534,S1O
78,nd,218,3.092,S1O
78,nd,219,1.628,S1O
78,nd,220,0.163,S1O
78,nd,221,-1.790,S1O
78,nd,222,-3.743,S1O
78,nd,223,-4.232,S1O
78,nd,224,-3.743,S1O
78,nd,225,-1.302,S1O
78,nd,226,1.139,S1O
78,nd,227,3.581,S1O
78,nd,228,6.022,S1O
78,nd,229,6.510,S1O
78,nd,230,6.510,S1O
78,nd,231,5.534,S1O
78,nd,232,4.557,S1O
78,nd,233,3.581,S1O
78,nd,234,5.046,S1O
78,nd,235,7.487,S1O
78,nd,236,10.905,S1O
78,nd,237,13.835,S1O
78,nd,238,14.811,S1O
78,nd,239,12.858,S1O
78,nd,240,9.440,S1O
78,nd,241,6.022,S1O
78,nd,242,4.557,S1O
78,nd,243,5.046,S1O
78,nd,244,6.022,S1O
78,nd,245,7.487,S1O
78,nd,246,7.975,S1O
78,nd,247,6.510,S1O
78,nd,248,4.069,S1O
78,nd,249,0.651,S1O
78,nd,250,-3.255,S1O
78,nd,251,-6.673,S1O
78,nd,252,-8.626,S1O
78,nd,253,-9.115,S1O
78,nd,254,-8.138,S1O
78,nd,255,-8.138,S1O
78,Y,0,-8.006,S1O
78,Y,1,-7.029,S1O
78,Y,2,-5.076,S1O
78,Y,3,-3.611,S1O
78,Y,4,-3.611,S1O
78,Y,5,-4.588,S1O
78,Y,6,-6.053,S1O
78,Y,7,-6.541,S1O
78,Y,8,-5.076,S1O
78,Y,9,-3.123,S1O
78,Y,10,-1.658,S1O
78,Y,11,-1.658,S1O
78,Y,12,-2.635,S1O
78,Y,13,-3.611,S1O
78,Y,14,-4.100,S1O
78,Y,15,-4.588,S1O
78,Y,16,-5.564,S1O
78,Y,17,-7.517,S1O
78,Y,18,-9.959,S1O
78,Y,19,-12.889,S1O
78,Y,20,-14.842,S1O
78,Y,21,-15.818,S1O
78,Y,22,-16.307,S1O
78,Y,23,-15.330,S1O
78,Y,24,-14.353,S1O
78,Y,25,-13.377,S1O
78,Y,26,-11.912,S1O
78,Y,27,-11.424,S1O
78,Y,28,-11.424,S1O
78,Y,29,-10.935,S1O
78,Y,30,-9.471,S1O
78,Y,31,-7.029,S1O
78,Y,32,-4.100,S1O
78,Y,33,-0.682,S1O
78,Y,34,1.272,S1O
78,Y,35,2.248,S1O
78,Y,36,3.225,S1O
78,Y,37,3.713,S1O
78,Y,38,5.178,S1O
78,Y,39,6.154,S1O
78,Y,40,6.154,S1O
78,Y,41,3.713,S1O
78,Y,42,0.295,S1O
78,Y,43,-4.100,S1O
78,Y,44,-7.517,S1O
78,Y,45,-8.006,S1O
78,Y,46,-6.541,S1O
78,Y,47,-4.100,S1O
78,Y,48,-3.123,S1O
78,Y,49,-5.076,S1O
78,Y,50,-8.494,S1O
78,Y,51,-11.912,S1O
78,Y,52,-13.377,S1O
78,Y,53,-11.912,S1O
78,Y,54,-8.982,S1O
78,Y,55,-7.029,S1O
78,Y,56,-7.029,S1O
78,Y,57,-8.982,S1O
78,Y,58,-11.912,S1O
78,Y,59,-12.889,S1O
78,Y,60,-11.912,S1O
78,Y,61,-8.982,S1O
78,Y,62,-5.564,S1O
78,Y,63,-3.123,S1O
78,Y,64,-1.658,S1O
78,Y,65,-1.170,S1O
78,Y,66,-1.170,S1O
78,Y,67,-1.170,S1O
78,Y,68,-1.170,S1O
78,Y,69,-1.170,S1O
78,Y,70,-1.658,S1O
78,Y,71,-1.658,S1O
78,Y,72,-2.146,S1O
78,Y,73,-2.635,S1O
78,Y,74,-3.123,S1O
78,Y,75,-4.100,S1O
78,Y,76,-5.076,S1O
78,Y,77,-6.053,S1O
78,Y,78,-6.541,S1O
78,Y,79,-6.541,S1O
78,Y,80,-6.541,S1O
78,Y,81,-7.029,S1O
78,Y,82,-7.517,S1O
78,Y,83,-8.006,S1O
78,Y,84,-7.029,S1O
78,Y,85,-5.076,S1O
78,Y,86,-3.123,S1O
78,Y,87,-2.146,S1O
78,Y,88,-2.146,S1O
78,Y,89,-3.123,S1O
78,Y,90,-4.100,S1O
78,Y,91,-3.611,S1O
78,Y,92,-0.682,S1O
78,Y,93,2.248,S1O
78,Y,94,4.201,S1O
78,Y,95,4.201,S1O
78,Y,96,3.225,S1O
78,Y,97,2.736,S1O
78,Y,98,4.690,S1O
78,Y,99,8.596,S1O
78,Y,100,11.525,S1O
78,Y,101,12.502,S1O
78,Y,102,10.061,S1O
78,Y,103,5.666,S1O
78,Y,104,1.760,S1O
78,Y,105,-0.193,S1O
78,Y,106,0.295,S1O
78,Y,107,2.736,S1O
78,Y,108,3.225,S1O
78,Y,109,2.736,S1O
78,Y,110,0.783,S1O
78,Y,111,-1.170,S1O
78,Y,112,-2.635,S1O
78,Y,113,-3.123,S1O
78,Y,114,-2.635,S1O
78,Y,115,-1.170,S1O
78,Y,116,0.295,S1O
78,Y,117,1.760,S1O
78,Y,118,3.713,S1O
78,Y,119,5.178,S1O
78,Y,120,6.154,S1O
78,Y,121,7.131,S1O
78,Y,122,7.619,S1O
78,Y,123,7.131,S1O
78,Y,124,6.643,S1O
78,Y,125,5.666,S1O
78,Y,126,3.713,S1O
78,Y,127,1.272,S1O
78,Y,128,-1.658,S1O
78,Y,129,-4.100,S1O
78,Y,130,-6.053,S1O
78,Y,131,-7.517,S1O
78,Y,132,-8.494,S1O
78,Y,133,-8.494,S1O
78,Y,134,-9.471,S1O
78,Y,135,-9.959,S1O
78,Y,136,-10.447,S1O
78,Y,137,-9.959,S1O
78,Y,138,-8.494,S1O
78,Y,139,-6.053,S1O
78,Y,140,-3.123,S1O
78,Y,141,-0.682,S1O
78,Y,142,1.272,S1O
78,Y,143,1.760,S1O
78,Y,144,1.760,S1O
78,Y,145,1.272,S1O
78,Y,146,0.783,S1O
78,Y,147,0.783,S1O
78,Y,148,0.783,S1O
78,Y,149,0.295,S1O
78,Y,150,-1.170,S1O
78,Y,151,-3.611,S1O
78,Y,152,-7.029,S1O
78,Y,153,-9.471,S1O
78,Y,154,-9.959,S1O
78,Y,155,-8.982,S1O
78,Y,156,-7.517,S1O
78,Y,157,-6.541,S1O
78,Y,158,-6.541,S1O
78,Y,159,-8.494,S1O
78,Y,160,-10.935,S1O
78,Y,161,-13.377,S1O
78,Y,162,-14.353,S1O
78,Y,163,-14.842,S1O
78,Y,164,-13.865,S1O
78,Y,165,-11.424,S1O
78,Y,166,-8.494,S1O
78,Y,167,-5.564,S1O
78,Y,168,-2.635,S1O
78,Y,169,-0.682,S1O
78,Y,170,1.272,S1O
78,Y,171,2.248,S1O
78,Y,172,2.736,S1O
78,Y,173,3.713,S1O
78,Y,174,3.713,S1O
78,Y,175,3.713,S1O
78,Y,176,2.248,S1O
78,Y,177,0.783,S1O
78,Y,178,-0.193,S1O
78,Y,179,-0.682,S1O
78,Y,180,-0.193,S1O
78,Y,181,1.760,S1O
78,Y,182,4.690,S1O
78,Y,183,7.131,S1O
78,Y,184,8.596,S1O
78,Y,185,7.619,S1O
78,Y,186,5.666,S1O
78,Y,187,2.248,S1O
78,Y,188,-0.193,S1O
78,Y,189,-1.658,S1O
78,Y,190,-2.635,S1O
78,Y,191,-3.611,S1O
78,Y,192,-5.076,S1O
78,Y,193,-5.564,S1O
78,Y,194,-4.588,S1O
78,Y,195,-2.146,S1O
78,Y,196,0.295,S1O
78,Y,197,2.248,S1O
78,Y,198,2.736,S1O
78,Y,199,2.736,S1O
78,Y,200,4.201,S1O
78,Y,201,7.131,S1O
78,Y,202,11.037,S1O
78,Y,203,14.455,S1O
78,Y,204,16.897,S1O
78,Y,205,18.850,S1O
78,Y,206,19.338,S1O
78,Y,207,19.338,S1O
78,Y,208,18.361,S1O
78,Y,209,16.897,S1O
78,Y,210,15.432,S1O
78,Y,211,14.455,S1O
78,Y,212,14.455,S1O
78,Y,213,14.455,S1O
78,Y,214,13.479,S1O
78,Y,215,11.525,S1O
78,Y,216,9.084,S1O
78,Y,217,6.154,S1O
78,Y,218,3.713,S1O
78,Y,219,1.760,S1O
78,Y,220,-0.193,S1O
78,Y,221,-2.146,S1O
78,Y,222,-4.100,S1O
78,Y,223,-4.588,S1O
78,Y,224,-4.100,S1O
78,Y,225,-1.658,S1O
78,Y,226,1.272,S1O
78,Y,227,4.201,S1O
78,Y,228,6.154,S1O
78,Y,229,6.643,S1O
78,Y,230,6.154,S1O
78,Y,231,5.178,S1O
78,Y,232,3.713,S1O
78,Y,233,3.713,S1O
78,Y,234,4.201,S1O
78,Y,235,7.619,S1O
78,Y,236,11.525,S1O
78,Y,237,14.455,S1O
78,Y,238,15.432,S1O
78,Y,239,12.990,S1O
78,Y,240,9.084,S1O
78,Y,241,6.154,S1O
78,Y,242,4.690,S1O
78,Y,243,5.178,S1O
78,Y,244,6.643,S1O
78,Y,245,8.108,S1O
78,Y,246,8.108,S1O
78,Y,247,7.131,S1O
78,Y,248,4.201,S1O
78,Y,249,0.295,S1O
78,Y,250,-3.611,S1O
78,Y,251,-7.029,S1O
78,Y,252,-8.982,S1O
78,Y,253,-9.471,S1O
78,Y,254,-8.982,S1O
78,Y,255,-8.982,S1O
