Trial no,Sensor position,Sample No,Sensor val,Matching condition
15,FP1,0,-1.984,
15,FP1,1,-2.960,
15,FP1,2,-2.472,
15,FP1,3,-0.031,
15,FP1,4,4.364,
15,FP1,5,9.735,
15,FP1,6,13.153,
15,FP1,7,14.618,
15,FP1,8,13.641,
15,FP1,9,10.712,
15,FP1,10,7.294,
15,FP1,11,4.852,
15,FP1,12,3.387,
15,FP1,13,4.364,
15,FP1,14,5.829,
15,FP1,15,7.782,
15,FP1,16,8.759,
15,FP1,17,7.782,
15,FP1,18,4.852,
15,FP1,19,1.434,
15,FP1,20,-1.007,
15,FP1,21,-1.984,
15,FP1,22,-0.519,
15,FP1,23,1.923,
15,FP1,24,3.876,
15,FP1,25,3.876,
15,FP1,26,2.411,
15,FP1,27,-0.031,
15,FP1,28,-1.495,
15,FP1,29,-1.495,
15,FP1,30,0.458,
15,FP1,31,3.876,
15,FP1,32,8.270,
15,FP1,33,13.153,
15,FP1,34,17.059,
15,FP1,35,19.989,
15,FP1,36,20.966,
15,FP1,37,20.477,
15,FP1,38,18.524,
15,FP1,39,16.083,
15,FP1,40,12.665,
15,FP1,41,9.735,
15,FP1,42,6.805,
15,FP1,43,4.852,
15,FP1,44,4.852,
15,FP1,45,5.341,
15,FP1,46,5.829,
15,FP1,47,5.829,
15,FP1,48,4.852,
15,FP1,49,3.387,
15,FP1,50,1.923,
15,FP1,51,1.923,
15,FP1,52,3.876,
15,FP1,53,7.294,
15,FP1,54,11.200,
15,FP1,55,15.106,
15,FP1,56,17.548,
15,FP1,57,19.501,
15,FP1,58,20.477,
15,FP1,59,19.989,
15,FP1,60,18.036,
15,FP1,61,14.618,
15,FP1,62,9.735,
15,FP1,63,4.852,
15,FP1,64,1.434,
15,FP1,65,-0.031,
15,FP1,66,-0.031,
15,FP1,67,0.458,
15,FP1,68,-0.031,
15,FP1,69,-0.031,
15,FP1,70,-0.031,
15,FP1,71,0.458,
15,FP1,72,1.923,
15,FP1,73,3.876,
15,FP1,74,5.341,
15,FP1,75,7.294,
15,FP1,76,9.735,
15,FP1,77,13.641,
15,FP1,78,18.524,
15,FP1,79,22.430,
15,FP1,80,23.407,
15,FP1,81,20.966,
15,FP1,82,15.594,
15,FP1,83,8.270,
15,FP1,84,0.946,
15,FP1,85,-5.402,
15,FP1,86,-9.796,
15,FP1,87,-11.261,
15,FP1,88,-10.284,
15,FP1,89,-6.866,
15,FP1,90,-2.960,
15,FP1,91,1.434,
15,FP1,92,3.876,
15,FP1,93,4.852,
15,FP1,94,5.829,
15,FP1,95,6.317,
15,FP1,96,6.805,
15,FP1,97,6.805,
15,FP1,98,5.341,
15,FP1,99,3.876,
15,FP1,100,2.411,
15,FP1,101,1.923,
15,FP1,102,1.923,
15,FP1,103,0.946,
15,FP1,104,-0.031,
15,FP1,105,-2.472,
15,FP1,106,-4.913,
15,FP1,107,-6.866,
15,FP1,108,-8.820,
15,FP1,109,-11.261,
15,FP1,110,-13.702,
15,FP1,111,-15.656,
15,FP1,112,-17.120,
15,FP1,113,-17.609,
15,FP1,114,-17.120,
15,FP1,115,-15.656,
15,FP1,116,-13.702,
15,FP1,117,-10.773,
15,FP1,118,-6.378,
15,FP1,119,-1.007,
15,FP1,120,4.852,
15,FP1,121,10.223,
15,FP1,122,13.641,
15,FP1,123,16.571,
15,FP1,124,17.059,
15,FP1,125,16.083,
15,FP1,126,13.153,
15,FP1,127,8.759,
15,FP1,128,3.387,
15,FP1,129,-1.495,
15,FP1,130,-4.913,
15,FP1,131,-7.355,
15,FP1,132,-8.820,
15,FP1,133,-9.308,
15,FP1,134,-9.796,
15,FP1,135,-10.284,
15,FP1,136,-9.796,
15,FP1,137,-9.796,
15,FP1,138,-8.820,
15,FP1,139,-6.866,
15,FP1,140,-3.937,
15,FP1,141,-0.031,
15,FP1,142,3.876,
15,FP1,143,6.805,
15,FP1,144,7.782,
15,FP1,145,7.294,
15,FP1,146,5.341,
15,FP1,147,2.899,
15,FP1,148,1.434,
15,FP1,149,0.458,
15,FP1,150,-0.031,
15,FP1,151,-0.031,
15,FP1,152,-0.031,
15,FP1,153,-1.007,
15,FP1,154,-2.960,
15,FP1,155,-6.378,
15,FP1,156,-9.308,
15,FP1,157,-10.773,
15,FP1,158,-9.796,
15,FP1,159,-7.843,
15,FP1,160,-5.890,
15,FP1,161,-4.913,
15,FP1,162,-4.913,
15,FP1,163,-4.913,
15,FP1,164,-3.937,
15,FP1,165,-1.984,
15,FP1,166,0.946,
15,FP1,167,2.899,
15,FP1,168,3.876,
15,FP1,169,4.364,
15,FP1,170,3.876,
15,FP1,171,2.411,
15,FP1,172,-0.031,
15,FP1,173,-3.937,
15,FP1,174,-7.355,
15,FP1,175,-9.796,
15,FP1,176,-9.308,
15,FP1,177,-7.355,
15,FP1,178,-3.937,
15,FP1,179,-2.472,
15,FP1,180,-2.472,
15,FP1,181,-3.448,
15,FP1,182,-3.448,
15,FP1,183,-2.960,
15,FP1,184,-1.495,
15,FP1,185,-1.495,
15,FP1,186,-2.472,
15,FP1,187,-4.425,
15,FP1,188,-4.913,
15,FP1,189,-2.472,
15,FP1,190,1.923,
15,FP1,191,6.805,
15,FP1,192,8.759,
15,FP1,193,8.270,
15,FP1,194,5.341,
15,FP1,195,2.411,
15,FP1,196,0.946,
15,FP1,197,1.923,
15,FP1,198,3.387,
15,FP1,199,4.364,
15,FP1,200,4.364,
15,FP1,201,2.899,
15,FP1,202,-0.031,
15,FP1,203,-1.984,
15,FP1,204,-3.448,
15,FP1,205,-2.960,
15,FP1,206,-1.495,
15,FP1,207,-0.031,
15,FP1,208,0.946,
15,FP1,209,0.946,
15,FP1,210,0.946,
15,FP1,211,1.434,
15,FP1,212,1.923,
15,FP1,213,2.411,
15,FP1,214,1.923,
15,FP1,215,0.946,
15,FP1,216,0.458,
15,FP1,217,0.946,
15,FP1,218,2.411,
15,FP1,219,3.387,
15,FP1,220,3.876,
15,FP1,221,2.899,
15,FP1,222,2.899,
15,FP1,223,4.364,
15,FP1,224,6.317,
15,FP1,225,7.782,
15,FP1,226,6.317,
15,FP1,227,1.434,
15,FP1,228,-5.402,
15,FP1,229,-10.284,
15,FP1,230,-10.773,
15,FP1,231,-6.866,
15,FP1,232,-0.519,
15,FP1,233,4.852,
15,FP1,234,6.317,
15,FP1,235,3.876,
15,FP1,236,-1.007,
15,FP1,237,-5.402,
15,FP1,238,-7.355,
15,FP1,239,-5.890,
15,FP1,240,-2.472,
15,FP1,241,1.434,
15,FP1,242,4.852,
15,FP1,243,7.782,
15,FP1,244,9.735,
15,FP1,245,10.712,
15,FP1,246,10.223,
15,FP1,247,8.759,
15,FP1,248,6.317,
15,FP1,249,3.387,
15,FP1,250,1.434,
15,FP1,251,0.458,
15,FP1,252,0.946,
15,FP1,253,1.434,
15,FP1,254,2.899,
15,FP1,255,4.852,
15,FP2,0,-3.601,
15,FP2,1,-3.601,
15,FP2,2,-2.136,
15,FP2,3,0.305,
15,FP2,4,4.211,
15,FP2,5,7.629,
15,FP2,6,10.071,
15,FP2,7,11.047,
15,FP2,8,10.559,
15,FP2,9,8.118,
15,FP2,10,4.700,
15,FP2,11,2.258,
15,FP2,12,1.282,
15,FP2,13,2.258,
15,FP2,14,4.700,
15,FP2,15,7.141,
15,FP2,16,8.606,
15,FP2,17,8.118,
15,FP2,18,5.188,
15,FP2,19,1.770,
15,FP2,20,-1.648,
15,FP2,21,-3.113,
15,FP2,22,-2.625,
15,FP2,23,-1.648,
15,FP2,24,0.305,
15,FP2,25,1.282,
15,FP2,26,0.793,
15,FP2,27,0.305,
15,FP2,28,-0.183,
15,FP2,29,-0.183,
15,FP2,30,-0.183,
15,FP2,31,1.282,
15,FP2,32,4.700,
15,FP2,33,9.094,
15,FP2,34,15.442,
15,FP2,35,20.813,
15,FP2,36,24.231,
15,FP2,37,24.231,
15,FP2,38,20.813,
15,FP2,39,15.930,
15,FP2,40,10.559,
15,FP2,41,6.165,
15,FP2,42,3.723,
15,FP2,43,3.235,
15,FP2,44,5.188,
15,FP2,45,7.141,
15,FP2,46,9.094,
15,FP2,47,9.583,
15,FP2,48,8.118,
15,FP2,49,5.676,
15,FP2,50,3.235,
15,FP2,51,2.258,
15,FP2,52,3.235,
15,FP2,53,6.165,
15,FP2,54,9.583,
15,FP2,55,13.977,
15,FP2,56,16.907,
15,FP2,57,19.348,
15,FP2,58,20.325,
15,FP2,59,19.836,
15,FP2,60,17.883,
15,FP2,61,14.465,
15,FP2,62,9.583,
15,FP2,63,4.700,
15,FP2,64,0.793,
15,FP2,65,-0.671,
15,FP2,66,-0.183,
15,FP2,67,0.305,
15,FP2,68,0.793,
15,FP2,69,0.305,
15,FP2,70,-0.183,
15,FP2,71,0.305,
15,FP2,72,1.770,
15,FP2,73,4.211,
15,FP2,74,6.653,
15,FP2,75,8.606,
15,FP2,76,10.071,
15,FP2,77,12.024,
15,FP2,78,14.954,
15,FP2,79,17.883,
15,FP2,80,19.348,
15,FP2,81,18.372,
15,FP2,82,14.954,
15,FP2,83,10.559,
15,FP2,84,5.676,
15,FP2,85,1.282,
15,FP2,86,-2.625,
15,FP2,87,-6.042,
15,FP2,88,-7.996,
15,FP2,89,-8.484,
15,FP2,90,-7.019,
15,FP2,91,-3.601,
15,FP2,92,0.305,
15,FP2,93,3.723,
15,FP2,94,5.676,
15,FP2,95,7.141,
15,FP2,96,7.629,
15,FP2,97,6.653,
15,FP2,98,5.676,
15,FP2,99,3.723,
15,FP2,100,2.258,
15,FP2,101,1.282,
15,FP2,102,0.793,
15,FP2,103,1.282,
15,FP2,104,1.282,
15,FP2,105,0.305,
15,FP2,106,-1.648,
15,FP2,107,-4.578,
15,FP2,108,-7.507,
15,FP2,109,-10.437,
15,FP2,110,-13.855,
15,FP2,111,-15.808,
15,FP2,112,-17.761,
15,FP2,113,-17.761,
15,FP2,114,-16.785,
15,FP2,115,-14.832,
15,FP2,116,-11.902,
15,FP2,117,-7.996,
15,FP2,118,-4.089,
15,FP2,119,0.305,
15,FP2,120,4.211,
15,FP2,121,7.629,
15,FP2,122,10.559,
15,FP2,123,12.512,
15,FP2,124,14.465,
15,FP2,125,14.954,
15,FP2,126,13.000,
15,FP2,127,8.606,
15,FP2,128,2.747,
15,FP2,129,-3.113,
15,FP2,130,-7.019,
15,FP2,131,-8.972,
15,FP2,132,-8.972,
15,FP2,133,-8.972,
15,FP2,134,-9.460,
15,FP2,135,-10.437,
15,FP2,136,-11.902,
15,FP2,137,-11.902,
15,FP2,138,-9.949,
15,FP2,139,-7.019,
15,FP2,140,-3.113,
15,FP2,141,0.305,
15,FP2,142,2.747,
15,FP2,143,4.211,
15,FP2,144,5.188,
15,FP2,145,5.188,
15,FP2,146,4.700,
15,FP2,147,3.235,
15,FP2,148,1.770,
15,FP2,149,-0.183,
15,FP2,150,-1.648,
15,FP2,151,-1.648,
15,FP2,152,-1.648,
15,FP2,153,-1.648,
15,FP2,154,-3.113,
15,FP2,155,-5.554,
15,FP2,156,-7.996,
15,FP2,157,-9.949,
15,FP2,158,-9.460,
15,FP2,159,-7.507,
15,FP2,160,-5.066,
15,FP2,161,-4.089,
15,FP2,162,-3.601,
15,FP2,163,-3.601,
15,FP2,164,-3.113,
15,FP2,165,-1.648,
15,FP2,166,-0.183,
15,FP2,167,1.770,
15,FP2,168,2.258,
15,FP2,169,2.747,
15,FP2,170,2.747,
15,FP2,171,1.770,
15,FP2,172,0.305,
15,FP2,173,-2.625,
15,FP2,174,-6.042,
15,FP2,175,-8.972,
15,FP2,176,-9.460,
15,FP2,177,-7.996,
15,FP2,178,-5.066,
15,FP2,179,-3.113,
15,FP2,180,-3.113,
15,FP2,181,-4.089,
15,FP2,182,-4.578,
15,FP2,183,-4.089,
15,FP2,184,-2.136,
15,FP2,185,-1.648,
15,FP2,186,-2.136,
15,FP2,187,-4.089,
15,FP2,188,-5.066,
15,FP2,189,-4.089,
15,FP2,190,-0.671,
15,FP2,191,3.723,
15,FP2,192,6.653,
15,FP2,193,7.629,
15,FP2,194,6.165,
15,FP2,195,4.700,
15,FP2,196,4.211,
15,FP2,197,4.700,
15,FP2,198,4.700,
15,FP2,199,4.211,
15,FP2,200,1.770,
15,FP2,201,-0.183,
15,FP2,202,-2.136,
15,FP2,203,-2.136,
15,FP2,204,-1.160,
15,FP2,205,0.305,
15,FP2,206,1.282,
15,FP2,207,1.770,
15,FP2,208,0.793,
15,FP2,209,0.305,
15,FP2,210,-0.183,
15,FP2,211,-0.183,
15,FP2,212,-0.183,
15,FP2,213,0.305,
15,FP2,214,0.793,
15,FP2,215,1.770,
15,FP2,216,3.235,
15,FP2,217,4.700,
15,FP2,218,5.676,
15,FP2,219,5.188,
15,FP2,220,4.700,
15,FP2,221,4.211,
15,FP2,222,5.188,
15,FP2,223,7.141,
15,FP2,224,9.094,
15,FP2,225,9.583,
15,FP2,226,7.141,
15,FP2,227,2.258,
15,FP2,228,-3.601,
15,FP2,229,-7.019,
15,FP2,230,-7.019,
15,FP2,231,-4.089,
15,FP2,232,0.793,
15,FP2,233,3.723,
15,FP2,234,3.235,
15,FP2,235,-0.671,
15,FP2,236,-4.578,
15,FP2,237,-7.507,
15,FP2,238,-7.019,
15,FP2,239,-3.601,
15,FP2,240,1.282,
15,FP2,241,6.165,
15,FP2,242,9.094,
15,FP2,243,10.559,
15,FP2,244,10.559,
15,FP2,245,9.583,
15,FP2,246,8.118,
15,FP2,247,6.165,
15,FP2,248,4.211,
15,FP2,249,2.258,
15,FP2,250,1.282,
15,FP2,251,1.282,
15,FP2,252,2.258,
15,FP2,253,3.723,
15,FP2,254,4.700,
15,FP2,255,5.676,
15,F7,0,-8.026,
15,F7,1,-9.003,
15,F7,2,-7.538,
15,F7,3,-2.167,
15,F7,4,5.646,
15,F7,5,13.458,
15,F7,6,17.853,
15,F7,7,18.829,
15,F7,8,16.388,
15,F7,9,12.970,
15,F7,10,9.552,
15,F7,11,8.087,
15,F7,12,7.111,
15,F7,13,7.599,
15,F7,14,8.575,
15,F7,15,10.040,
15,F7,16,11.017,
15,F7,17,11.505,
15,F7,18,10.040,
15,F7,19,8.087,
15,F7,20,4.669,
15,F7,21,1.740,
15,F7,22,0.275,
15,F7,23,0.275,
15,F7,24,0.763,
15,F7,25,1.251,
15,F7,26,0.763,
15,F7,27,0.275,
15,F7,28,1.251,
15,F7,29,3.204,
15,F7,30,6.622,
15,F7,31,10.040,
15,F7,32,13.458,
15,F7,33,15.900,
15,F7,34,17.365,
15,F7,35,17.853,
15,F7,36,16.876,
15,F7,37,14.435,
15,F7,38,11.993,
15,F7,39,10.040,
15,F7,40,9.064,
15,F7,41,8.087,
15,F7,42,6.622,
15,F7,43,5.157,
15,F7,44,3.693,
15,F7,45,2.228,
15,F7,46,1.251,
15,F7,47,0.275,
15,F7,48,-0.702,
15,F7,49,-1.678,
15,F7,50,-0.702,
15,F7,51,1.251,
15,F7,52,5.157,
15,F7,53,10.040,
15,F7,54,14.435,
15,F7,55,17.853,
15,F7,56,20.294,
15,F7,57,21.759,
15,F7,58,22.736,
15,F7,59,22.736,
15,F7,60,21.271,
15,F7,61,17.853,
15,F7,62,13.947,
15,F7,63,10.040,
15,F7,64,7.599,
15,F7,65,6.134,
15,F7,66,5.157,
15,F7,67,3.204,
15,F7,68,1.251,
15,F7,69,-1.190,
15,F7,70,-2.655,
15,F7,71,-2.167,
15,F7,72,0.275,
15,F7,73,3.204,
15,F7,74,6.622,
15,F7,75,11.505,
15,F7,76,17.365,
15,F7,77,24.200,
15,F7,78,29.572,
15,F7,79,32.013,
15,F7,80,29.572,
15,F7,81,22.736,
15,F7,82,13.458,
15,F7,83,5.157,
15,F7,84,-1.190,
15,F7,85,-4.608,
15,F7,86,-6.561,
15,F7,87,-8.514,
15,F7,88,-9.979,
15,F7,89,-9.979,
15,F7,90,-7.538,
15,F7,91,-3.143,
15,F7,92,2.228,
15,F7,93,6.134,
15,F7,94,7.111,
15,F7,95,5.646,
15,F7,96,3.204,
15,F7,97,1.740,
15,F7,98,2.228,
15,F7,99,3.693,
15,F7,100,4.669,
15,F7,101,4.669,
15,F7,102,3.204,
15,F7,103,0.763,
15,F7,104,-1.678,
15,F7,105,-3.632,
15,F7,106,-5.585,
15,F7,107,-7.050,
15,F7,108,-7.538,
15,F7,109,-8.026,
15,F7,110,-9.003,
15,F7,111,-9.979,
15,F7,112,-11.444,
15,F7,113,-13.885,
15,F7,114,-16.327,
15,F7,115,-16.815,
15,F7,116,-15.350,
15,F7,117,-11.444,
15,F7,118,-4.608,
15,F7,119,3.204,
15,F7,120,10.529,
15,F7,121,15.900,
15,F7,122,18.341,
15,F7,123,18.341,
15,F7,124,17.365,
15,F7,125,15.900,
15,F7,126,13.947,
15,F7,127,11.993,
15,F7,128,9.064,
15,F7,129,5.646,
15,F7,130,1.740,
15,F7,131,-2.655,
15,F7,132,-5.096,
15,F7,133,-6.073,
15,F7,134,-5.585,
15,F7,135,-4.120,
15,F7,136,-2.167,
15,F7,137,-0.702,
15,F7,138,0.275,
15,F7,139,2.228,
15,F7,140,4.669,
15,F7,141,8.087,
15,F7,142,11.993,
15,F7,143,14.923,
15,F7,144,15.900,
15,F7,145,14.435,
15,F7,146,11.993,
15,F7,147,10.040,
15,F7,148,9.064,
15,F7,149,9.064,
15,F7,150,10.040,
15,F7,151,10.040,
15,F7,152,9.064,
15,F7,153,7.111,
15,F7,154,4.669,
15,F7,155,2.228,
15,F7,156,1.251,
15,F7,157,0.763,
15,F7,158,2.228,
15,F7,159,3.693,
15,F7,160,5.646,
15,F7,161,6.622,
15,F7,162,7.111,
15,F7,163,7.111,
15,F7,164,7.599,
15,F7,165,8.575,
15,F7,166,10.040,
15,F7,167,11.017,
15,F7,168,12.482,
15,F7,169,13.947,
15,F7,170,14.923,
15,F7,171,13.947,
15,F7,172,10.529,
15,F7,173,5.157,
15,F7,174,-0.702,
15,F7,175,-3.632,
15,F7,176,-3.143,
15,F7,177,0.275,
15,F7,178,4.669,
15,F7,179,7.599,
15,F7,180,8.575,
15,F7,181,8.087,
15,F7,182,8.087,
15,F7,183,9.552,
15,F7,184,10.529,
15,F7,185,10.040,
15,F7,186,8.087,
15,F7,187,5.157,
15,F7,188,2.716,
15,F7,189,3.693,
15,F7,190,7.599,
15,F7,191,12.970,
15,F7,192,17.853,
15,F7,193,18.829,
15,F7,194,16.876,
15,F7,195,12.970,
15,F7,196,10.529,
15,F7,197,10.040,
15,F7,198,11.505,
15,F7,199,13.458,
15,F7,200,14.923,
15,F7,201,13.947,
15,F7,202,11.505,
15,F7,203,9.064,
15,F7,204,7.111,
15,F7,205,5.646,
15,F7,206,5.646,
15,F7,207,6.622,
15,F7,208,8.575,
15,F7,209,11.017,
15,F7,210,13.947,
15,F7,211,15.900,
15,F7,212,15.411,
15,F7,213,12.970,
15,F7,214,10.040,
15,F7,215,8.087,
15,F7,216,8.087,
15,F7,217,10.529,
15,F7,218,11.993,
15,F7,219,11.017,
15,F7,220,9.064,
15,F7,221,6.134,
15,F7,222,6.622,
15,F7,223,9.552,
15,F7,224,13.947,
15,F7,225,17.365,
15,F7,226,16.876,
15,F7,227,11.993,
15,F7,228,5.646,
15,F7,229,0.275,
15,F7,230,-2.167,
15,F7,231,-1.190,
15,F7,232,3.204,
15,F7,233,8.087,
15,F7,234,11.993,
15,F7,235,13.458,
15,F7,236,11.505,
15,F7,237,7.111,
15,F7,238,2.228,
15,F7,239,-0.702,
15,F7,240,-0.702,
15,F7,241,1.740,
15,F7,242,5.646,
15,F7,243,9.064,
15,F7,244,11.505,
15,F7,245,13.458,
15,F7,246,14.435,
15,F7,247,13.947,
15,F7,248,11.993,
15,F7,249,8.575,
15,F7,250,4.669,
15,F7,251,2.228,
15,F7,252,2.228,
15,F7,253,3.204,
15,F7,254,5.157,
15,F7,255,6.134,
15,F8,0,-3.387,
15,F8,1,-3.876,
15,F8,2,-2.899,
15,F8,3,0.031,
15,F8,4,4.425,
15,F8,5,8.331,
15,F8,6,11.261,
15,F8,7,12.238,
15,F8,8,10.773,
15,F8,9,7.843,
15,F8,10,3.937,
15,F8,11,1.007,
15,F8,12,0.031,
15,F8,13,1.495,
15,F8,14,3.937,
15,F8,15,6.866,
15,F8,16,8.331,
15,F8,17,7.355,
15,F8,18,4.425,
15,F8,19,1.495,
15,F8,20,-0.946,
15,F8,21,-1.923,
15,F8,22,-0.946,
15,F8,23,1.007,
15,F8,24,3.448,
15,F8,25,4.425,
15,F8,26,4.913,
15,F8,27,4.913,
15,F8,28,4.425,
15,F8,29,4.913,
15,F8,30,5.402,
15,F8,31,6.866,
15,F8,32,9.308,
15,F8,33,12.238,
15,F8,34,16.144,
15,F8,35,20.050,
15,F8,36,22.491,
15,F8,37,22.491,
15,F8,38,20.050,
15,F8,39,15.167,
15,F8,40,9.308,
15,F8,41,3.937,
15,F8,42,1.007,
15,F8,43,0.519,
15,F8,44,3.448,
15,F8,45,8.820,
15,F8,46,13.702,
15,F8,47,17.120,
15,F8,48,17.609,
15,F8,49,15.167,
15,F8,50,11.261,
15,F8,51,8.331,
15,F8,52,7.355,
15,F8,53,9.308,
15,F8,54,12.238,
15,F8,55,15.167,
15,F8,56,16.632,
15,F8,57,18.585,
15,F8,58,20.050,
15,F8,59,22.003,
15,F8,60,23.468,
15,F8,61,21.515,
15,F8,62,16.632,
15,F8,63,9.796,
15,F8,64,3.448,
15,F8,65,-0.458,
15,F8,66,-0.946,
15,F8,67,1.007,
15,F8,68,3.448,
15,F8,69,5.890,
15,F8,70,6.866,
15,F8,71,6.866,
15,F8,72,6.378,
15,F8,73,5.402,
15,F8,74,5.402,
15,F8,75,5.402,
15,F8,76,6.866,
15,F8,77,10.773,
15,F8,78,15.656,
15,F8,79,20.050,
15,F8,80,23.468,
15,F8,81,24.445,
15,F8,82,22.491,
15,F8,83,19.073,
15,F8,84,15.167,
15,F8,85,12.238,
15,F8,86,9.796,
15,F8,87,6.866,
15,F8,88,4.425,
15,F8,89,1.984,
15,F8,90,-0.458,
15,F8,91,-1.434,
15,F8,92,-0.458,
15,F8,93,1.984,
15,F8,94,5.402,
15,F8,95,8.820,
15,F8,96,10.284,
15,F8,97,10.773,
15,F8,98,9.308,
15,F8,99,7.355,
15,F8,100,6.866,
15,F8,101,7.843,
15,F8,102,9.308,
15,F8,103,11.261,
15,F8,104,11.749,
15,F8,105,10.284,
15,F8,106,7.355,
15,F8,107,3.937,
15,F8,108,1.007,
15,F8,109,-1.434,
15,F8,110,-4.364,
15,F8,111,-7.294,
15,F8,112,-10.223,
15,F8,113,-12.177,
15,F8,114,-11.688,
15,F8,115,-9.247,
15,F8,116,-4.852,
15,F8,117,-0.458,
15,F8,118,2.472,
15,F8,119,3.937,
15,F8,120,3.937,
15,F8,121,4.425,
15,F8,122,6.866,
15,F8,123,10.773,
15,F8,124,14.191,
15,F8,125,15.656,
15,F8,126,12.726,
15,F8,127,7.843,
15,F8,128,1.495,
15,F8,129,-2.899,
15,F8,130,-5.341,
15,F8,131,-4.852,
15,F8,132,-3.876,
15,F8,133,-2.411,
15,F8,134,-2.411,
15,F8,135,-2.899,
15,F8,136,-4.364,
15,F8,137,-5.341,
15,F8,138,-4.852,
15,F8,139,-2.899,
15,F8,140,1.495,
15,F8,141,6.378,
15,F8,142,10.773,
15,F8,143,14.191,
15,F8,144,15.167,
15,F8,145,14.191,
15,F8,146,12.238,
15,F8,147,9.796,
15,F8,148,7.355,
15,F8,149,6.378,
15,F8,150,5.890,
15,F8,151,6.866,
15,F8,152,7.355,
15,F8,153,6.866,
15,F8,154,5.402,
15,F8,155,2.960,
15,F8,156,0.031,
15,F8,157,-1.434,
15,F8,158,-0.458,
15,F8,159,2.472,
15,F8,160,5.890,
15,F8,161,8.331,
15,F8,162,8.820,
15,F8,163,6.866,
15,F8,164,4.425,
15,F8,165,2.472,
15,F8,166,2.472,
15,F8,167,4.425,
15,F8,168,6.378,
15,F8,169,8.331,
15,F8,170,8.331,
15,F8,171,6.866,
15,F8,172,2.960,
15,F8,173,-1.434,
15,F8,174,-4.852,
15,F8,175,-6.317,
15,F8,176,-4.364,
15,F8,177,0.031,
15,F8,178,4.425,
15,F8,179,6.378,
15,F8,180,5.402,
15,F8,181,1.984,
15,F8,182,-0.458,
15,F8,183,-0.946,
15,F8,184,0.519,
15,F8,185,2.472,
15,F8,186,2.960,
15,F8,187,1.984,
15,F8,188,0.519,
15,F8,189,0.031,
15,F8,190,1.495,
15,F8,191,3.937,
15,F8,192,6.378,
15,F8,193,7.843,
15,F8,194,8.331,
15,F8,195,7.843,
15,F8,196,7.843,
15,F8,197,8.331,
15,F8,198,9.308,
15,F8,199,9.308,
15,F8,200,8.331,
15,F8,201,5.890,
15,F8,202,3.448,
15,F8,203,2.472,
15,F8,204,3.937,
15,F8,205,6.378,
15,F8,206,9.308,
15,F8,207,10.284,
15,F8,208,9.308,
15,F8,209,5.890,
15,F8,210,2.472,
15,F8,211,1.007,
15,F8,212,1.007,
15,F8,213,2.960,
15,F8,214,5.402,
15,F8,215,6.378,
15,F8,216,7.355,
15,F8,217,7.355,
15,F8,218,6.866,
15,F8,219,7.355,
15,F8,220,7.843,
15,F8,221,9.796,
15,F8,222,12.726,
15,F8,223,16.632,
15,F8,224,19.562,
15,F8,225,18.585,
15,F8,226,13.702,
15,F8,227,5.402,
15,F8,228,-2.899,
15,F8,229,-8.270,
15,F8,230,-7.294,
15,F8,231,-1.923,
15,F8,232,5.402,
15,F8,233,10.284,
15,F8,234,11.261,
15,F8,235,7.843,
15,F8,236,2.960,
15,F8,237,-1.923,
15,F8,238,-3.387,
15,F8,239,-1.434,
15,F8,240,2.960,
15,F8,241,9.308,
15,F8,242,14.679,
15,F8,243,18.585,
15,F8,244,18.585,
15,F8,245,16.144,
15,F8,246,11.261,
15,F8,247,6.866,
15,F8,248,3.937,
15,F8,249,3.448,
15,F8,250,3.448,
15,F8,251,3.937,
15,F8,252,3.937,
15,F8,253,3.937,
15,F8,254,4.425,
15,F8,255,6.378,
15,AF1,0,-1.149,
15,AF1,1,-3.591,
15,AF1,2,-3.591,
15,AF1,3,-1.149,
15,AF1,4,3.733,
15,AF1,5,8.616,
15,AF1,6,12.034,
15,AF1,7,13.499,
15,AF1,8,12.522,
15,AF1,9,10.569,
15,AF1,10,8.616,
15,AF1,11,6.175,
15,AF1,12,4.710,
15,AF1,13,4.222,
15,AF1,14,5.198,
15,AF1,15,6.175,
15,AF1,16,6.663,
15,AF1,17,4.710,
15,AF1,18,1.292,
15,AF1,19,-3.591,
15,AF1,20,-7.009,
15,AF1,21,-7.985,
15,AF1,22,-6.032,
15,AF1,23,-3.103,
15,AF1,24,-0.661,
15,AF1,25,0.315,
15,AF1,26,-0.661,
15,AF1,27,-2.126,
15,AF1,28,-3.591,
15,AF1,29,-4.079,
15,AF1,30,-2.614,
15,AF1,31,0.315,
15,AF1,32,5.198,
15,AF1,33,9.593,
15,AF1,34,13.499,
15,AF1,35,15.452,
15,AF1,36,15.940,
15,AF1,37,14.964,
15,AF1,38,13.499,
15,AF1,39,12.522,
15,AF1,40,11.546,
15,AF1,41,9.593,
15,AF1,42,7.640,
15,AF1,43,4.710,
15,AF1,44,1.780,
15,AF1,45,-0.661,
15,AF1,46,-2.126,
15,AF1,47,-2.614,
15,AF1,48,-2.614,
15,AF1,49,-3.103,
15,AF1,50,-3.103,
15,AF1,51,-2.126,
15,AF1,52,-1.149,
15,AF1,53,1.292,
15,AF1,54,3.733,
15,AF1,55,6.175,
15,AF1,56,7.640,
15,AF1,57,8.616,
15,AF1,58,9.104,
15,AF1,59,9.104,
15,AF1,60,8.128,
15,AF1,61,6.175,
15,AF1,62,3.245,
15,AF1,63,-0.173,
15,AF1,64,-3.103,
15,AF1,65,-5.544,
15,AF1,66,-6.521,
15,AF1,67,-6.521,
15,AF1,68,-7.009,
15,AF1,69,-6.521,
15,AF1,70,-5.544,
15,AF1,71,-4.079,
15,AF1,72,-2.614,
15,AF1,73,-1.149,
15,AF1,74,-0.173,
15,AF1,75,0.315,
15,AF1,76,1.292,
15,AF1,77,3.733,
15,AF1,78,7.151,
15,AF1,79,10.081,
15,AF1,80,11.058,
15,AF1,81,9.104,
15,AF1,82,5.686,
15,AF1,83,1.292,
15,AF1,84,-3.103,
15,AF1,85,-6.521,
15,AF1,86,-9.939,
15,AF1,87,-12.868,
15,AF1,88,-13.845,
15,AF1,89,-12.868,
15,AF1,90,-9.939,
15,AF1,91,-6.032,
15,AF1,92,-3.591,
15,AF1,93,-1.638,
15,AF1,94,-1.149,
15,AF1,95,-0.661,
15,AF1,96,-0.661,
15,AF1,97,-0.173,
15,AF1,98,-0.661,
15,AF1,99,-1.149,
15,AF1,100,-1.638,
15,AF1,101,-1.638,
15,AF1,102,-1.149,
15,AF1,103,-0.661,
15,AF1,104,-1.638,
15,AF1,105,-4.079,
15,AF1,106,-7.497,
15,AF1,107,-10.915,
15,AF1,108,-13.845,
15,AF1,109,-16.774,
15,AF1,110,-18.239,
15,AF1,111,-20.192,
15,AF1,112,-21.657,
15,AF1,113,-23.122,
15,AF1,114,-23.122,
15,AF1,115,-22.146,
15,AF1,116,-19.216,
15,AF1,117,-15.310,
15,AF1,118,-9.939,
15,AF1,119,-5.056,
15,AF1,120,0.315,
15,AF1,121,4.710,
15,AF1,122,8.128,
15,AF1,123,9.593,
15,AF1,124,9.593,
15,AF1,125,8.128,
15,AF1,126,5.198,
15,AF1,127,1.780,
15,AF1,128,-1.149,
15,AF1,129,-4.567,
15,AF1,130,-7.985,
15,AF1,131,-10.915,
15,AF1,132,-13.845,
15,AF1,133,-15.798,
15,AF1,134,-16.774,
15,AF1,135,-17.263,
15,AF1,136,-16.774,
15,AF1,137,-15.310,
15,AF1,138,-13.357,
15,AF1,139,-9.939,
15,AF1,140,-5.544,
15,AF1,141,-1.149,
15,AF1,142,2.757,
15,AF1,143,4.222,
15,AF1,144,3.733,
15,AF1,145,2.268,
15,AF1,146,1.780,
15,AF1,147,1.292,
15,AF1,148,1.780,
15,AF1,149,2.268,
15,AF1,150,0.804,
15,AF1,151,-1.149,
15,AF1,152,-3.591,
15,AF1,153,-6.032,
15,AF1,154,-8.474,
15,AF1,155,-10.427,
15,AF1,156,-11.892,
15,AF1,157,-12.868,
15,AF1,158,-12.868,
15,AF1,159,-11.892,
15,AF1,160,-10.915,
15,AF1,161,-9.939,
15,AF1,162,-9.450,
15,AF1,163,-8.962,
15,AF1,164,-7.497,
15,AF1,165,-5.544,
15,AF1,166,-4.567,
15,AF1,167,-4.567,
15,AF1,168,-5.544,
15,AF1,169,-6.032,
15,AF1,170,-6.032,
15,AF1,171,-6.032,
15,AF1,172,-7.009,
15,AF1,173,-10.427,
15,AF1,174,-14.821,
15,AF1,175,-18.239,
15,AF1,176,-19.704,
15,AF1,177,-17.751,
15,AF1,178,-14.333,
15,AF1,179,-11.892,
15,AF1,180,-10.915,
15,AF1,181,-10.915,
15,AF1,182,-10.915,
15,AF1,183,-10.427,
15,AF1,184,-9.450,
15,AF1,185,-9.939,
15,AF1,186,-11.403,
15,AF1,187,-13.845,
15,AF1,188,-14.821,
15,AF1,189,-13.845,
15,AF1,190,-11.892,
15,AF1,191,-10.427,
15,AF1,192,-9.939,
15,AF1,193,-11.892,
15,AF1,194,-14.333,
15,AF1,195,-16.286,
15,AF1,196,-16.286,
15,AF1,197,-14.821,
15,AF1,198,-13.357,
15,AF1,199,-11.403,
15,AF1,200,-10.427,
15,AF1,201,-10.427,
15,AF1,202,-11.403,
15,AF1,203,-13.845,
15,AF1,204,-15.798,
15,AF1,205,-16.286,
15,AF1,206,-14.821,
15,AF1,207,-12.868,
15,AF1,208,-9.939,
15,AF1,209,-8.962,
15,AF1,210,-8.474,
15,AF1,211,-8.962,
15,AF1,212,-8.962,
15,AF1,213,-8.474,
15,AF1,214,-7.985,
15,AF1,215,-7.985,
15,AF1,216,-7.985,
15,AF1,217,-7.497,
15,AF1,218,-7.497,
15,AF1,219,-7.497,
15,AF1,220,-8.474,
15,AF1,221,-10.427,
15,AF1,222,-10.915,
15,AF1,223,-9.939,
15,AF1,224,-7.985,
15,AF1,225,-6.521,
15,AF1,226,-8.474,
15,AF1,227,-12.380,
15,AF1,228,-18.728,
15,AF1,229,-23.610,
15,AF1,230,-25.075,
15,AF1,231,-23.610,
15,AF1,232,-20.681,
15,AF1,233,-17.751,
15,AF1,234,-16.774,
15,AF1,235,-17.263,
15,AF1,236,-18.239,
15,AF1,237,-19.216,
15,AF1,238,-19.704,
15,AF1,239,-19.216,
15,AF1,240,-17.751,
15,AF1,241,-15.310,
15,AF1,242,-12.380,
15,AF1,243,-10.427,
15,AF1,244,-10.427,
15,AF1,245,-11.892,
15,AF1,246,-13.845,
15,AF1,247,-15.798,
15,AF1,248,-16.774,
15,AF1,249,-17.263,
15,AF1,250,-18.239,
15,AF1,251,-19.216,
15,AF1,252,-20.192,
15,AF1,253,-20.681,
15,AF1,254,-19.216,
15,AF1,255,-17.263,
15,AF2,0,-4.171,
15,AF2,1,-4.659,
15,AF2,2,-4.171,
15,AF2,3,-1.241,
15,AF2,4,2.665,
15,AF2,5,7.060,
15,AF2,6,9.501,
15,AF2,7,9.989,
15,AF2,8,9.013,
15,AF2,9,6.571,
15,AF2,10,3.642,
15,AF2,11,2.177,
15,AF2,12,1.200,
15,AF2,13,1.689,
15,AF2,14,3.642,
15,AF2,15,5.107,
15,AF2,16,5.595,
15,AF2,17,5.107,
15,AF2,18,2.665,
15,AF2,19,-0.264,
15,AF2,20,-3.194,
15,AF2,21,-3.682,
15,AF2,22,-2.706,
15,AF2,23,-0.264,
15,AF2,24,1.200,
15,AF2,25,1.689,
15,AF2,26,0.712,
15,AF2,27,-0.264,
15,AF2,28,-1.241,
15,AF2,29,-0.753,
15,AF2,30,0.224,
15,AF2,31,1.689,
15,AF2,32,5.107,
15,AF2,33,8.525,
15,AF2,34,13.407,
15,AF2,35,17.314,
15,AF2,36,19.755,
15,AF2,37,19.267,
15,AF2,38,16.337,
15,AF2,39,12.431,
15,AF2,40,8.036,
15,AF2,41,5.107,
15,AF2,42,3.642,
15,AF2,43,3.153,
15,AF2,44,3.153,
15,AF2,45,3.642,
15,AF2,46,4.618,
15,AF2,47,5.107,
15,AF2,48,5.107,
15,AF2,49,4.130,
15,AF2,50,2.665,
15,AF2,51,1.689,
15,AF2,52,2.665,
15,AF2,53,4.618,
15,AF2,54,8.036,
15,AF2,55,10.966,
15,AF2,56,12.431,
15,AF2,57,13.896,
15,AF2,58,14.872,
15,AF2,59,15.361,
15,AF2,60,14.872,
15,AF2,61,12.919,
15,AF2,62,8.525,
15,AF2,63,3.153,
15,AF2,64,-1.729,
15,AF2,65,-4.171,
15,AF2,66,-4.659,
15,AF2,67,-3.682,
15,AF2,68,-2.218,
15,AF2,69,-2.218,
15,AF2,70,-1.241,
15,AF2,71,-0.753,
15,AF2,72,-0.264,
15,AF2,73,0.712,
15,AF2,74,2.177,
15,AF2,75,3.153,
15,AF2,76,5.107,
15,AF2,77,8.036,
15,AF2,78,11.454,
15,AF2,79,14.872,
15,AF2,80,15.849,
15,AF2,81,14.872,
15,AF2,82,11.454,
15,AF2,83,6.571,
15,AF2,84,1.200,
15,AF2,85,-3.194,
15,AF2,86,-6.124,
15,AF2,87,-8.565,
15,AF2,88,-8.565,
15,AF2,89,-8.077,
15,AF2,90,-5.636,
15,AF2,91,-3.682,
15,AF2,92,-1.241,
15,AF2,93,1.200,
15,AF2,94,3.153,
15,AF2,95,4.618,
15,AF2,96,5.595,
15,AF2,97,5.595,
15,AF2,98,4.130,
15,AF2,99,1.689,
15,AF2,100,-1.241,
15,AF2,101,-2.706,
15,AF2,102,-2.706,
15,AF2,103,-1.729,
15,AF2,104,-0.753,
15,AF2,105,-1.241,
15,AF2,106,-3.194,
15,AF2,107,-6.124,
15,AF2,108,-9.054,
15,AF2,109,-11.983,
15,AF2,110,-13.936,
15,AF2,111,-15.401,
15,AF2,112,-16.866,
15,AF2,113,-17.843,
15,AF2,114,-17.354,
15,AF2,115,-15.889,
15,AF2,116,-13.448,
15,AF2,117,-9.542,
15,AF2,118,-5.636,
15,AF2,119,-1.729,
15,AF2,120,1.689,
15,AF2,121,4.618,
15,AF2,122,7.548,
15,AF2,123,9.501,
15,AF2,124,10.966,
15,AF2,125,10.478,
15,AF2,126,8.036,
15,AF2,127,4.130,
15,AF2,128,-1.241,
15,AF2,129,-6.124,
15,AF2,130,-9.542,
15,AF2,131,-11.983,
15,AF2,132,-12.960,
15,AF2,133,-13.448,
15,AF2,134,-13.936,
15,AF2,135,-14.425,
15,AF2,136,-14.425,
15,AF2,137,-13.936,
15,AF2,138,-12.472,
15,AF2,139,-10.518,
15,AF2,140,-8.077,
15,AF2,141,-5.147,
15,AF2,142,-3.194,
15,AF2,143,-1.241,
15,AF2,144,-0.264,
15,AF2,145,-0.264,
15,AF2,146,-0.753,
15,AF2,147,-1.241,
15,AF2,148,-1.729,
15,AF2,149,-2.218,
15,AF2,150,-2.706,
15,AF2,151,-3.194,
15,AF2,152,-3.682,
15,AF2,153,-5.147,
15,AF2,154,-7.100,
15,AF2,155,-10.030,
15,AF2,156,-11.983,
15,AF2,157,-12.960,
15,AF2,158,-11.983,
15,AF2,159,-10.030,
15,AF2,160,-8.077,
15,AF2,161,-7.100,
15,AF2,162,-6.612,
15,AF2,163,-7.100,
15,AF2,164,-6.612,
15,AF2,165,-5.636,
15,AF2,166,-3.682,
15,AF2,167,-2.218,
15,AF2,168,-1.241,
15,AF2,169,-0.264,
15,AF2,170,-0.753,
15,AF2,171,-1.241,
15,AF2,172,-3.194,
15,AF2,173,-5.636,
15,AF2,174,-9.054,
15,AF2,175,-11.007,
15,AF2,176,-11.007,
15,AF2,177,-9.542,
15,AF2,178,-7.100,
15,AF2,179,-5.636,
15,AF2,180,-6.124,
15,AF2,181,-6.612,
15,AF2,182,-7.589,
15,AF2,183,-6.612,
15,AF2,184,-5.636,
15,AF2,185,-5.147,
15,AF2,186,-5.147,
15,AF2,187,-6.124,
15,AF2,188,-6.124,
15,AF2,189,-4.659,
15,AF2,190,-1.729,
15,AF2,191,1.200,
15,AF2,192,2.665,
15,AF2,193,2.665,
15,AF2,194,0.712,
15,AF2,195,-0.753,
15,AF2,196,-0.753,
15,AF2,197,0.224,
15,AF2,198,1.689,
15,AF2,199,1.689,
15,AF2,200,0.224,
15,AF2,201,-2.706,
15,AF2,202,-5.147,
15,AF2,203,-6.612,
15,AF2,204,-6.612,
15,AF2,205,-5.636,
15,AF2,206,-3.682,
15,AF2,207,-2.706,
15,AF2,208,-2.218,
15,AF2,209,-3.194,
15,AF2,210,-4.171,
15,AF2,211,-4.171,
15,AF2,212,-4.171,
15,AF2,213,-4.171,
15,AF2,214,-4.171,
15,AF2,215,-3.682,
15,AF2,216,-3.194,
15,AF2,217,-2.218,
15,AF2,218,-0.753,
15,AF2,219,-0.264,
15,AF2,220,-0.264,
15,AF2,221,-1.241,
15,AF2,222,-0.753,
15,AF2,223,0.224,
15,AF2,224,2.177,
15,AF2,225,2.665,
15,AF2,226,1.200,
15,AF2,227,-3.682,
15,AF2,228,-9.054,
15,AF2,229,-12.472,
15,AF2,230,-12.472,
15,AF2,231,-9.054,
15,AF2,232,-4.659,
15,AF2,233,-1.729,
15,AF2,234,-1.729,
15,AF2,235,-4.659,
15,AF2,236,-8.077,
15,AF2,237,-10.030,
15,AF2,238,-10.030,
15,AF2,239,-8.077,
15,AF2,240,-4.171,
15,AF2,241,-0.264,
15,AF2,242,2.665,
15,AF2,243,4.618,
15,AF2,244,6.083,
15,AF2,245,5.595,
15,AF2,246,4.618,
15,AF2,247,3.153,
15,AF2,248,1.200,
15,AF2,249,-0.264,
15,AF2,250,-1.241,
15,AF2,251,-2.218,
15,AF2,252,-2.218,
15,AF2,253,-2.218,
15,AF2,254,-1.729,
15,AF2,255,-0.264,
15,FZ,0,6.358,
15,FZ,1,6.358,
15,FZ,2,6.846,
15,FZ,3,7.823,
15,FZ,4,10.264,
15,FZ,5,12.705,
15,FZ,6,14.659,
15,FZ,7,15.147,
15,FZ,8,14.170,
15,FZ,9,12.217,
15,FZ,10,9.288,
15,FZ,11,7.334,
15,FZ,12,5.381,
15,FZ,13,4.405,
15,FZ,14,4.405,
15,FZ,15,5.870,
15,FZ,16,7.823,
15,FZ,17,9.776,
15,FZ,18,9.776,
15,FZ,19,8.311,
15,FZ,20,5.870,
15,FZ,21,4.405,
15,FZ,22,4.893,
15,FZ,23,7.823,
15,FZ,24,10.264,
15,FZ,25,11.729,
15,FZ,26,10.264,
15,FZ,27,7.823,
15,FZ,28,5.870,
15,FZ,29,6.846,
15,FZ,30,8.799,
15,FZ,31,10.752,
15,FZ,32,12.705,
15,FZ,33,13.194,
15,FZ,34,13.682,
15,FZ,35,15.635,
15,FZ,36,18.077,
15,FZ,37,20.518,
15,FZ,38,21.006,
15,FZ,39,19.541,
15,FZ,40,16.123,
15,FZ,41,13.682,
15,FZ,42,11.729,
15,FZ,43,11.241,
15,FZ,44,10.752,
15,FZ,45,11.729,
15,FZ,46,12.217,
15,FZ,47,12.705,
15,FZ,48,12.705,
15,FZ,49,12.217,
15,FZ,50,12.217,
15,FZ,51,11.729,
15,FZ,52,11.729,
15,FZ,53,12.217,
15,FZ,54,13.194,
15,FZ,55,14.170,
15,FZ,56,14.659,
15,FZ,57,15.147,
15,FZ,58,15.635,
15,FZ,59,16.123,
15,FZ,60,16.123,
15,FZ,61,15.147,
15,FZ,62,13.194,
15,FZ,63,10.752,
15,FZ,64,8.311,
15,FZ,65,6.846,
15,FZ,66,6.358,
15,FZ,67,6.358,
15,FZ,68,5.870,
15,FZ,69,5.870,
15,FZ,70,5.870,
15,FZ,71,5.870,
15,FZ,72,6.358,
15,FZ,73,6.358,
15,FZ,74,7.334,
15,FZ,75,8.311,
15,FZ,76,9.776,
15,FZ,77,12.217,
15,FZ,78,14.659,
15,FZ,79,15.635,
15,FZ,80,15.147,
15,FZ,81,13.194,
15,FZ,82,10.264,
15,FZ,83,6.358,
15,FZ,84,2.452,
15,FZ,85,-1.455,
15,FZ,86,-4.384,
15,FZ,87,-5.361,
15,FZ,88,-4.873,
15,FZ,89,-2.920,
15,FZ,90,-0.478,
15,FZ,91,0.987,
15,FZ,92,1.963,
15,FZ,93,2.940,
15,FZ,94,3.916,
15,FZ,95,5.381,
15,FZ,96,6.846,
15,FZ,97,7.334,
15,FZ,98,7.334,
15,FZ,99,5.870,
15,FZ,100,5.381,
15,FZ,101,4.893,
15,FZ,102,4.405,
15,FZ,103,3.916,
15,FZ,104,2.940,
15,FZ,105,0.498,
15,FZ,106,-1.455,
15,FZ,107,-2.920,
15,FZ,108,-3.408,
15,FZ,109,-3.408,
15,FZ,110,-4.384,
15,FZ,111,-5.849,
15,FZ,112,-8.291,
15,FZ,113,-10.244,
15,FZ,114,-10.244,
15,FZ,115,-9.267,
15,FZ,116,-6.826,
15,FZ,117,-4.873,
15,FZ,118,-2.920,
15,FZ,119,-0.478,
15,FZ,120,2.940,
15,FZ,121,7.334,
15,FZ,122,10.264,
15,FZ,123,11.729,
15,FZ,124,11.241,
15,FZ,125,9.288,
15,FZ,126,7.334,
15,FZ,127,5.381,
15,FZ,128,3.428,
15,FZ,129,1.475,
15,FZ,130,-1.455,
15,FZ,131,-3.896,
15,FZ,132,-6.826,
15,FZ,133,-8.291,
15,FZ,134,-9.267,
15,FZ,135,-9.755,
15,FZ,136,-9.267,
15,FZ,137,-8.291,
15,FZ,138,-5.849,
15,FZ,139,-2.920,
15,FZ,140,0.498,
15,FZ,141,3.916,
15,FZ,142,5.870,
15,FZ,143,6.846,
15,FZ,144,6.846,
15,FZ,145,6.358,
15,FZ,146,5.870,
15,FZ,147,4.893,
15,FZ,148,3.916,
15,FZ,149,3.428,
15,FZ,150,2.940,
15,FZ,151,3.428,
15,FZ,152,4.405,
15,FZ,153,4.893,
15,FZ,154,3.916,
15,FZ,155,1.963,
15,FZ,156,-0.478,
15,FZ,157,-1.455,
15,FZ,158,-0.478,
15,FZ,159,1.963,
15,FZ,160,5.381,
15,FZ,161,7.334,
15,FZ,162,8.311,
15,FZ,163,8.799,
15,FZ,164,9.288,
15,FZ,165,10.264,
15,FZ,166,11.241,
15,FZ,167,11.729,
15,FZ,168,11.729,
15,FZ,169,11.241,
15,FZ,170,10.752,
15,FZ,171,10.264,
15,FZ,172,9.776,
15,FZ,173,7.823,
15,FZ,174,5.870,
15,FZ,175,3.916,
15,FZ,176,3.916,
15,FZ,177,3.916,
15,FZ,178,5.381,
15,FZ,179,6.846,
15,FZ,180,7.334,
15,FZ,181,7.334,
15,FZ,182,7.823,
15,FZ,183,8.799,
15,FZ,184,9.776,
15,FZ,185,10.264,
15,FZ,186,10.264,
15,FZ,187,11.729,
15,FZ,188,14.659,
15,FZ,189,20.518,
15,FZ,190,27.354,
15,FZ,191,32.237,
15,FZ,192,34.190,
15,FZ,193,32.725,
15,FZ,194,29.307,
15,FZ,195,26.866,
15,FZ,196,26.866,
15,FZ,197,28.819,
15,FZ,198,31.748,
15,FZ,199,33.702,
15,FZ,200,34.190,
15,FZ,201,32.237,
15,FZ,202,29.307,
15,FZ,203,26.377,
15,FZ,204,23.448,
15,FZ,205,22.471,
15,FZ,206,22.959,
15,FZ,207,23.936,
15,FZ,208,25.401,
15,FZ,209,26.377,
15,FZ,210,26.377,
15,FZ,211,24.913,
15,FZ,212,23.448,
15,FZ,213,22.959,
15,FZ,214,22.471,
15,FZ,215,22.471,
15,FZ,216,21.983,
15,FZ,217,21.983,
15,FZ,218,22.471,
15,FZ,219,22.471,
15,FZ,220,23.448,
15,FZ,221,23.936,
15,FZ,222,24.424,
15,FZ,223,25.401,
15,FZ,224,26.866,
15,FZ,225,28.819,
15,FZ,226,29.307,
15,FZ,227,28.330,
15,FZ,228,24.913,
15,FZ,229,20.518,
15,FZ,230,17.588,
15,FZ,231,17.100,
15,FZ,232,19.541,
15,FZ,233,22.959,
15,FZ,234,25.401,
15,FZ,235,24.424,
15,FZ,236,21.006,
15,FZ,237,17.100,
15,FZ,238,15.147,
15,FZ,239,16.123,
15,FZ,240,19.541,
15,FZ,241,24.424,
15,FZ,242,29.307,
15,FZ,243,32.237,
15,FZ,244,33.702,
15,FZ,245,33.702,
15,FZ,246,33.702,
15,FZ,247,32.725,
15,FZ,248,31.260,
15,FZ,249,29.307,
15,FZ,250,27.842,
15,FZ,251,27.354,
15,FZ,252,26.866,
15,FZ,253,27.354,
15,FZ,254,27.354,
15,FZ,255,26.866,
15,F4,0,-3.825,
15,F4,1,-4.801,
15,F4,2,-4.801,
15,F4,3,-3.825,
15,F4,4,-2.360,
15,F4,5,-0.895,
15,F4,6,1.058,
15,F4,7,2.523,
15,F4,8,3.499,
15,F4,9,2.523,
15,F4,10,1.058,
15,F4,11,-0.895,
15,F4,12,-2.360,
15,F4,13,-3.337,
15,F4,14,-2.848,
15,F4,15,-1.383,
15,F4,16,0.570,
15,F4,17,1.058,
15,F4,18,0.570,
15,F4,19,-1.383,
15,F4,20,-2.848,
15,F4,21,-3.825,
15,F4,22,-3.825,
15,F4,23,-2.848,
15,F4,24,-1.383,
15,F4,25,-0.407,
15,F4,26,0.570,
15,F4,27,1.058,
15,F4,28,0.570,
15,F4,29,0.570,
15,F4,30,0.081,
15,F4,31,0.570,
15,F4,32,2.523,
15,F4,33,4.964,
15,F4,34,8.382,
15,F4,35,11.800,
15,F4,36,14.242,
15,F4,37,15.218,
15,F4,38,14.730,
15,F4,39,12.288,
15,F4,40,8.870,
15,F4,41,4.964,
15,F4,42,1.546,
15,F4,43,-0.895,
15,F4,44,-1.872,
15,F4,45,-1.383,
15,F4,46,-0.407,
15,F4,47,0.570,
15,F4,48,1.058,
15,F4,49,1.546,
15,F4,50,1.058,
15,F4,51,0.570,
15,F4,52,0.570,
15,F4,53,1.058,
15,F4,54,2.035,
15,F4,55,3.499,
15,F4,56,5.452,
15,F4,57,6.917,
15,F4,58,8.382,
15,F4,59,10.335,
15,F4,60,11.800,
15,F4,61,12.288,
15,F4,62,10.824,
15,F4,63,7.406,
15,F4,64,2.523,
15,F4,65,-1.872,
15,F4,66,-4.313,
15,F4,67,-3.825,
15,F4,68,-1.872,
15,F4,69,0.081,
15,F4,70,1.546,
15,F4,71,2.035,
15,F4,72,1.546,
15,F4,73,0.081,
15,F4,74,-1.383,
15,F4,75,-2.360,
15,F4,76,-2.360,
15,F4,77,-1.383,
15,F4,78,1.058,
15,F4,79,4.476,
15,F4,80,7.406,
15,F4,81,9.359,
15,F4,82,9.359,
15,F4,83,7.406,
15,F4,84,4.964,
15,F4,85,1.546,
15,F4,86,-1.872,
15,F4,87,-4.801,
15,F4,88,-6.755,
15,F4,89,-7.731,
15,F4,90,-6.755,
15,F4,91,-4.801,
15,F4,92,-2.848,
15,F4,93,-1.383,
15,F4,94,0.081,
15,F4,95,1.546,
15,F4,96,2.523,
15,F4,97,3.499,
15,F4,98,3.011,
15,F4,99,1.546,
15,F4,100,-0.895,
15,F4,101,-3.337,
15,F4,102,-3.825,
15,F4,103,-3.337,
15,F4,104,-2.360,
15,F4,105,-1.872,
15,F4,106,-2.360,
15,F4,107,-3.337,
15,F4,108,-5.290,
15,F4,109,-7.731,
15,F4,110,-9.684,
15,F4,111,-10.661,
15,F4,112,-12.126,
15,F4,113,-13.102,
15,F4,114,-13.590,
15,F4,115,-13.590,
15,F4,116,-12.614,
15,F4,117,-10.173,
15,F4,118,-7.243,
15,F4,119,-3.337,
15,F4,120,0.081,
15,F4,121,2.523,
15,F4,122,4.964,
15,F4,123,7.406,
15,F4,124,9.847,
15,F4,125,10.824,
15,F4,126,9.847,
15,F4,127,6.917,
15,F4,128,3.011,
15,F4,129,-1.383,
15,F4,130,-5.290,
15,F4,131,-7.243,
15,F4,132,-8.219,
15,F4,133,-8.219,
15,F4,134,-7.731,
15,F4,135,-6.755,
15,F4,136,-6.266,
15,F4,137,-6.266,
15,F4,138,-6.266,
15,F4,139,-5.778,
15,F4,140,-4.313,
15,F4,141,-1.872,
15,F4,142,0.570,
15,F4,143,3.011,
15,F4,144,4.476,
15,F4,145,5.452,
15,F4,146,5.941,
15,F4,147,5.941,
15,F4,148,5.941,
15,F4,149,5.452,
15,F4,150,4.964,
15,F4,151,3.988,
15,F4,152,2.523,
15,F4,153,0.570,
15,F4,154,-1.383,
15,F4,155,-3.337,
15,F4,156,-4.801,
15,F4,157,-5.290,
15,F4,158,-5.290,
15,F4,159,-4.313,
15,F4,160,-2.848,
15,F4,161,-2.360,
15,F4,162,-2.360,
15,F4,163,-2.360,
15,F4,164,-1.872,
15,F4,165,-1.383,
15,F4,166,-0.407,
15,F4,167,0.570,
15,F4,168,1.546,
15,F4,169,2.523,
15,F4,170,3.499,
15,F4,171,3.988,
15,F4,172,3.011,
15,F4,173,1.546,
15,F4,174,-1.383,
15,F4,175,-3.337,
15,F4,176,-4.313,
15,F4,177,-3.337,
15,F4,178,-1.383,
15,F4,179,-0.407,
15,F4,180,0.081,
15,F4,181,-0.407,
15,F4,182,-1.383,
15,F4,183,-0.895,
15,F4,184,0.570,
15,F4,185,2.035,
15,F4,186,3.499,
15,F4,187,4.476,
15,F4,188,4.476,
15,F4,189,4.964,
15,F4,190,5.941,
15,F4,191,6.429,
15,F4,192,7.406,
15,F4,193,7.406,
15,F4,194,6.917,
15,F4,195,6.429,
15,F4,196,6.429,
15,F4,197,6.917,
15,F4,198,7.406,
15,F4,199,7.894,
15,F4,200,7.406,
15,F4,201,5.452,
15,F4,202,3.011,
15,F4,203,1.058,
15,F4,204,0.570,
15,F4,205,2.035,
15,F4,206,3.988,
15,F4,207,5.452,
15,F4,208,5.941,
15,F4,209,4.476,
15,F4,210,3.499,
15,F4,211,2.523,
15,F4,212,3.011,
15,F4,213,3.499,
15,F4,214,3.499,
15,F4,215,3.499,
15,F4,216,3.499,
15,F4,217,3.988,
15,F4,218,4.964,
15,F4,219,5.941,
15,F4,220,6.429,
15,F4,221,5.941,
15,F4,222,5.941,
15,F4,223,6.917,
15,F4,224,8.382,
15,F4,225,10.824,
15,F4,226,11.312,
15,F4,227,10.335,
15,F4,228,6.917,
15,F4,229,3.499,
15,F4,230,0.570,
15,F4,231,0.570,
15,F4,232,3.011,
15,F4,233,6.429,
15,F4,234,8.870,
15,F4,235,8.870,
15,F4,236,7.406,
15,F4,237,4.964,
15,F4,238,2.523,
15,F4,239,2.035,
15,F4,240,2.523,
15,F4,241,5.452,
15,F4,242,8.870,
15,F4,243,11.800,
15,F4,244,13.753,
15,F4,245,14.730,
15,F4,246,13.753,
15,F4,247,12.288,
15,F4,248,10.824,
15,F4,249,9.847,
15,F4,250,9.359,
15,F4,251,9.359,
15,F4,252,9.359,
15,F4,253,8.382,
15,F4,254,7.406,
15,F4,255,7.406,
15,F3,0,-0.977,
15,F3,1,-2.441,
15,F3,2,-2.930,
15,F3,3,0.000,
15,F3,4,3.906,
15,F3,5,8.301,
15,F3,6,11.230,
15,F3,7,12.207,
15,F3,8,10.742,
15,F3,9,9.277,
15,F3,10,7.324,
15,F3,11,6.836,
15,F3,12,6.348,
15,F3,13,5.859,
15,F3,14,5.859,
15,F3,15,5.859,
15,F3,16,5.371,
15,F3,17,5.371,
15,F3,18,3.906,
15,F3,19,2.930,
15,F3,20,1.465,
15,F3,21,0.977,
15,F3,22,1.465,
15,F3,23,1.953,
15,F3,24,1.953,
15,F3,25,1.953,
15,F3,26,0.488,
15,F3,27,0.000,
15,F3,28,0.000,
15,F3,29,1.953,
15,F3,30,3.906,
15,F3,31,6.348,
15,F3,32,8.789,
15,F3,33,11.230,
15,F3,34,12.695,
15,F3,35,13.672,
15,F3,36,13.184,
15,F3,37,12.207,
15,F3,38,10.742,
15,F3,39,9.277,
15,F3,40,8.301,
15,F3,41,7.812,
15,F3,42,6.348,
15,F3,43,5.371,
15,F3,44,3.906,
15,F3,45,2.441,
15,F3,46,1.465,
15,F3,47,0.000,
15,F3,48,-0.488,
15,F3,49,-0.977,
15,F3,50,-0.488,
15,F3,51,0.977,
15,F3,52,3.418,
15,F3,53,6.348,
15,F3,54,8.789,
15,F3,55,10.742,
15,F3,56,11.230,
15,F3,57,11.719,
15,F3,58,12.207,
15,F3,59,12.207,
15,F3,60,11.719,
15,F3,61,9.766,
15,F3,62,7.324,
15,F3,63,4.883,
15,F3,64,2.930,
15,F3,65,2.441,
15,F3,66,1.953,
15,F3,67,1.953,
15,F3,68,1.465,
15,F3,69,0.488,
15,F3,70,0.000,
15,F3,71,0.977,
15,F3,72,2.441,
15,F3,73,4.395,
15,F3,74,6.836,
15,F3,75,9.277,
15,F3,76,12.695,
15,F3,77,15.625,
15,F3,78,18.555,
15,F3,79,19.043,
15,F3,80,17.578,
15,F3,81,13.672,
15,F3,82,8.301,
15,F3,83,2.441,
15,F3,84,-2.441,
15,F3,85,-6.348,
15,F3,86,-8.301,
15,F3,87,-8.789,
15,F3,88,-7.324,
15,F3,89,-4.883,
15,F3,90,-0.977,
15,F3,91,1.953,
15,F3,92,4.395,
15,F3,93,5.859,
15,F3,94,5.859,
15,F3,95,5.859,
15,F3,96,5.859,
15,F3,97,4.883,
15,F3,98,2.930,
15,F3,99,0.488,
15,F3,100,-1.953,
15,F3,101,-3.418,
15,F3,102,-3.906,
15,F3,103,-3.418,
15,F3,104,-3.418,
15,F3,105,-3.906,
15,F3,106,-4.883,
15,F3,107,-6.348,
15,F3,108,-8.301,
15,F3,109,-10.254,
15,F3,110,-11.719,
15,F3,111,-13.184,
15,F3,112,-14.648,
15,F3,113,-15.625,
15,F3,114,-15.625,
15,F3,115,-15.137,
15,F3,116,-13.184,
15,F3,117,-10.742,
15,F3,118,-6.836,
15,F3,119,-1.953,
15,F3,120,2.930,
15,F3,121,7.812,
15,F3,122,10.742,
15,F3,123,12.207,
15,F3,124,11.719,
15,F3,125,9.766,
15,F3,126,6.836,
15,F3,127,2.930,
15,F3,128,-0.977,
15,F3,129,-4.883,
15,F3,130,-7.812,
15,F3,131,-10.742,
15,F3,132,-12.695,
15,F3,133,-13.672,
15,F3,134,-14.160,
15,F3,135,-13.184,
15,F3,136,-12.207,
15,F3,137,-11.230,
15,F3,138,-10.254,
15,F3,139,-9.277,
15,F3,140,-7.812,
15,F3,141,-4.883,
15,F3,142,-1.953,
15,F3,143,0.000,
15,F3,144,0.977,
15,F3,145,0.488,
15,F3,146,-0.488,
15,F3,147,-1.465,
15,F3,148,-1.953,
15,F3,149,-1.465,
15,F3,150,-0.977,
15,F3,151,-0.977,
15,F3,152,-1.953,
15,F3,153,-3.906,
15,F3,154,-6.836,
15,F3,155,-9.766,
15,F3,156,-12.207,
15,F3,157,-12.695,
15,F3,158,-12.695,
15,F3,159,-10.742,
15,F3,160,-9.277,
15,F3,161,-8.789,
15,F3,162,-7.812,
15,F3,163,-7.324,
15,F3,164,-5.859,
15,F3,165,-3.906,
15,F3,166,-2.441,
15,F3,167,-0.977,
15,F3,168,-0.488,
15,F3,169,0.000,
15,F3,170,0.488,
15,F3,171,0.000,
15,F3,172,-1.953,
15,F3,173,-4.883,
15,F3,174,-8.301,
15,F3,175,-10.742,
15,F3,176,-10.742,
15,F3,177,-9.277,
15,F3,178,-6.836,
15,F3,179,-5.371,
15,F3,180,-4.395,
15,F3,181,-3.906,
15,F3,182,-2.930,
15,F3,183,-1.465,
15,F3,184,-0.488,
15,F3,185,-0.977,
15,F3,186,-2.441,
15,F3,187,-3.906,
15,F3,188,-3.906,
15,F3,189,-1.953,
15,F3,190,1.465,
15,F3,191,3.418,
15,F3,192,3.906,
15,F3,193,2.930,
15,F3,194,0.977,
15,F3,195,-0.977,
15,F3,196,-1.465,
15,F3,197,-0.977,
15,F3,198,0.000,
15,F3,199,0.488,
15,F3,200,0.488,
15,F3,201,0.000,
15,F3,202,-0.977,
15,F3,203,-2.930,
15,F3,204,-3.906,
15,F3,205,-4.395,
15,F3,206,-3.906,
15,F3,207,-2.930,
15,F3,208,-2.441,
15,F3,209,-1.465,
15,F3,210,-1.465,
15,F3,211,-1.465,
15,F3,212,-1.953,
15,F3,213,-2.441,
15,F3,214,-2.930,
15,F3,215,-3.418,
15,F3,216,-2.930,
15,F3,217,-1.953,
15,F3,218,-1.953,
15,F3,219,-2.441,
15,F3,220,-3.906,
15,F3,221,-5.371,
15,F3,222,-5.859,
15,F3,223,-3.906,
15,F3,224,-0.977,
15,F3,225,1.953,
15,F3,226,1.953,
15,F3,227,-0.977,
15,F3,228,-5.859,
15,F3,229,-9.277,
15,F3,230,-10.742,
15,F3,231,-9.277,
15,F3,232,-6.348,
15,F3,233,-3.906,
15,F3,234,-2.441,
15,F3,235,-3.906,
15,F3,236,-5.371,
15,F3,237,-6.836,
15,F3,238,-7.812,
15,F3,239,-7.324,
15,F3,240,-5.859,
15,F3,241,-4.395,
15,F3,242,-2.441,
15,F3,243,-0.488,
15,F3,244,1.465,
15,F3,245,2.930,
15,F3,246,4.395,
15,F3,247,4.883,
15,F3,248,3.906,
15,F3,249,2.441,
15,F3,250,0.488,
15,F3,251,-0.977,
15,F3,252,-1.953,
15,F3,253,-1.953,
15,F3,254,-0.977,
15,F3,255,0.000,
15,FC6,0,-0.844,
15,FC6,1,-0.844,
15,FC6,2,-0.356,
15,FC6,3,0.621,
15,FC6,4,2.085,
15,FC6,5,3.062,
15,FC6,6,4.038,
15,FC6,7,4.527,
15,FC6,8,4.527,
15,FC6,9,3.062,
15,FC6,10,1.109,
15,FC6,11,-0.844,
15,FC6,12,-2.309,
15,FC6,13,-1.333,
15,FC6,14,0.621,
15,FC6,15,2.574,
15,FC6,16,4.038,
15,FC6,17,3.550,
15,FC6,18,1.597,
15,FC6,19,-0.356,
15,FC6,20,-1.333,
15,FC6,21,-0.844,
15,FC6,22,1.109,
15,FC6,23,3.062,
15,FC6,24,4.038,
15,FC6,25,4.527,
15,FC6,26,3.550,
15,FC6,27,3.062,
15,FC6,28,2.085,
15,FC6,29,1.597,
15,FC6,30,1.109,
15,FC6,31,1.597,
15,FC6,32,2.574,
15,FC6,33,5.015,
15,FC6,34,8.433,
15,FC6,35,12.339,
15,FC6,36,15.757,
15,FC6,37,16.246,
15,FC6,38,14.292,
15,FC6,39,10.386,
15,FC6,40,5.503,
15,FC6,41,1.597,
15,FC6,42,-0.844,
15,FC6,43,-1.333,
15,FC6,44,-0.844,
15,FC6,45,0.621,
15,FC6,46,2.574,
15,FC6,47,4.527,
15,FC6,48,5.992,
15,FC6,49,6.480,
15,FC6,50,5.015,
15,FC6,51,3.550,
15,FC6,52,2.085,
15,FC6,53,1.597,
15,FC6,54,2.574,
15,FC6,55,4.527,
15,FC6,56,6.968,
15,FC6,57,8.921,
15,FC6,58,9.898,
15,FC6,59,10.874,
15,FC6,60,10.386,
15,FC6,61,8.921,
15,FC6,62,6.480,
15,FC6,63,3.062,
15,FC6,64,0.132,
15,FC6,65,-1.821,
15,FC6,66,-3.286,
15,FC6,67,-3.286,
15,FC6,68,-2.797,
15,FC6,69,-1.333,
15,FC6,70,0.132,
15,FC6,71,1.597,
15,FC6,72,1.109,
15,FC6,73,-0.356,
15,FC6,74,-2.309,
15,FC6,75,-3.286,
15,FC6,76,-2.309,
15,FC6,77,0.621,
15,FC6,78,4.527,
15,FC6,79,8.433,
15,FC6,80,10.386,
15,FC6,81,10.386,
15,FC6,82,9.410,
15,FC6,83,7.945,
15,FC6,84,5.992,
15,FC6,85,5.015,
15,FC6,86,4.038,
15,FC6,87,3.062,
15,FC6,88,1.597,
15,FC6,89,-0.844,
15,FC6,90,-2.797,
15,FC6,91,-5.239,
15,FC6,92,-6.704,
15,FC6,93,-6.704,
15,FC6,94,-5.727,
15,FC6,95,-3.774,
15,FC6,96,-0.844,
15,FC6,97,1.597,
15,FC6,98,2.085,
15,FC6,99,2.085,
15,FC6,100,1.597,
15,FC6,101,1.597,
15,FC6,102,3.062,
15,FC6,103,5.503,
15,FC6,104,6.968,
15,FC6,105,6.480,
15,FC6,106,3.550,
15,FC6,107,-0.844,
15,FC6,108,-4.751,
15,FC6,109,-6.704,
15,FC6,110,-7.680,
15,FC6,111,-8.657,
15,FC6,112,-9.145,
15,FC6,113,-9.145,
15,FC6,114,-9.145,
15,FC6,115,-6.704,
15,FC6,116,-3.286,
15,FC6,117,0.132,
15,FC6,118,2.085,
15,FC6,119,2.085,
15,FC6,120,1.109,
15,FC6,121,-0.356,
15,FC6,122,-0.356,
15,FC6,123,0.621,
15,FC6,124,2.574,
15,FC6,125,4.527,
15,FC6,126,4.038,
15,FC6,127,2.574,
15,FC6,128,-1.333,
15,FC6,129,-5.727,
15,FC6,130,-8.657,
15,FC6,131,-9.633,
15,FC6,132,-8.657,
15,FC6,133,-6.704,
15,FC6,134,-5.727,
15,FC6,135,-5.239,
15,FC6,136,-6.215,
15,FC6,137,-6.215,
15,FC6,138,-4.751,
15,FC6,139,-1.821,
15,FC6,140,1.109,
15,FC6,141,3.550,
15,FC6,142,4.527,
15,FC6,143,5.503,
15,FC6,144,6.480,
15,FC6,145,7.456,
15,FC6,146,7.945,
15,FC6,147,6.968,
15,FC6,148,5.015,
15,FC6,149,3.062,
15,FC6,150,1.109,
15,FC6,151,0.621,
15,FC6,152,1.109,
15,FC6,153,1.597,
15,FC6,154,2.085,
15,FC6,155,2.085,
15,FC6,156,1.597,
15,FC6,157,1.109,
15,FC6,158,1.109,
15,FC6,159,1.597,
15,FC6,160,3.062,
15,FC6,161,5.015,
15,FC6,162,6.480,
15,FC6,163,6.968,
15,FC6,164,6.480,
15,FC6,165,5.015,
15,FC6,166,4.527,
15,FC6,167,4.527,
15,FC6,168,5.015,
15,FC6,169,5.992,
15,FC6,170,5.992,
15,FC6,171,5.015,
15,FC6,172,2.574,
15,FC6,173,-0.356,
15,FC6,174,-2.797,
15,FC6,175,-4.262,
15,FC6,176,-3.774,
15,FC6,177,-2.309,
15,FC6,178,-0.844,
15,FC6,179,1.109,
15,FC6,180,1.109,
15,FC6,181,1.109,
15,FC6,182,1.109,
15,FC6,183,2.574,
15,FC6,184,3.550,
15,FC6,185,4.527,
15,FC6,186,4.038,
15,FC6,187,3.062,
15,FC6,188,1.597,
15,FC6,189,0.621,
15,FC6,190,0.621,
15,FC6,191,1.597,
15,FC6,192,2.574,
15,FC6,193,2.574,
15,FC6,194,1.597,
15,FC6,195,0.132,
15,FC6,196,-0.844,
15,FC6,197,-0.844,
15,FC6,198,0.132,
15,FC6,199,1.109,
15,FC6,200,1.109,
15,FC6,201,0.621,
15,FC6,202,-0.844,
15,FC6,203,-0.844,
15,FC6,204,0.132,
15,FC6,205,2.574,
15,FC6,206,5.503,
15,FC6,207,6.968,
15,FC6,208,7.456,
15,FC6,209,5.992,
15,FC6,210,3.062,
15,FC6,211,1.109,
15,FC6,212,0.132,
15,FC6,213,0.621,
15,FC6,214,1.109,
15,FC6,215,2.574,
15,FC6,216,3.550,
15,FC6,217,5.015,
15,FC6,218,6.480,
15,FC6,219,7.945,
15,FC6,220,9.410,
15,FC6,221,10.386,
15,FC6,222,11.363,
15,FC6,223,11.851,
15,FC6,224,11.851,
15,FC6,225,10.874,
15,FC6,226,8.433,
15,FC6,227,4.527,
15,FC6,228,0.132,
15,FC6,229,-3.286,
15,FC6,230,-4.262,
15,FC6,231,-2.309,
15,FC6,232,1.109,
15,FC6,233,4.038,
15,FC6,234,4.527,
15,FC6,235,2.574,
15,FC6,236,-0.356,
15,FC6,237,-3.286,
15,FC6,238,-4.751,
15,FC6,239,-3.774,
15,FC6,240,-0.844,
15,FC6,241,3.062,
15,FC6,242,6.968,
15,FC6,243,9.898,
15,FC6,244,11.363,
15,FC6,245,10.386,
15,FC6,246,7.945,
15,FC6,247,5.015,
15,FC6,248,2.085,
15,FC6,249,1.109,
15,FC6,250,0.621,
15,FC6,251,1.109,
15,FC6,252,0.621,
15,FC6,253,0.621,
15,FC6,254,1.109,
15,FC6,255,2.574,
15,FC5,0,-2.045,
15,FC5,1,-2.533,
15,FC5,2,-1.068,
15,FC5,3,1.862,
15,FC5,4,6.256,
15,FC5,5,10.651,
15,FC5,6,13.092,
15,FC5,7,12.604,
15,FC5,8,11.139,
15,FC5,9,9.186,
15,FC5,10,7.721,
15,FC5,11,7.233,
15,FC5,12,7.233,
15,FC5,13,7.233,
15,FC5,14,6.744,
15,FC5,15,6.256,
15,FC5,16,5.768,
15,FC5,17,5.280,
15,FC5,18,4.791,
15,FC5,19,3.815,
15,FC5,20,2.350,
15,FC5,21,0.885,
15,FC5,22,0.397,
15,FC5,23,0.397,
15,FC5,24,0.885,
15,FC5,25,0.885,
15,FC5,26,0.397,
15,FC5,27,-0.580,
15,FC5,28,-0.580,
15,FC5,29,0.885,
15,FC5,30,3.326,
15,FC5,31,7.233,
15,FC5,32,10.651,
15,FC5,33,12.604,
15,FC5,34,13.092,
15,FC5,35,12.115,
15,FC5,36,9.674,
15,FC5,37,7.233,
15,FC5,38,5.280,
15,FC5,39,4.303,
15,FC5,40,4.303,
15,FC5,41,4.791,
15,FC5,42,4.791,
15,FC5,43,4.303,
15,FC5,44,3.326,
15,FC5,45,2.838,
15,FC5,46,1.373,
15,FC5,47,-0.092,
15,FC5,48,-2.045,
15,FC5,49,-3.510,
15,FC5,50,-3.510,
15,FC5,51,-2.045,
15,FC5,52,0.397,
15,FC5,53,3.815,
15,FC5,54,7.233,
15,FC5,55,10.651,
15,FC5,56,13.092,
15,FC5,57,14.557,
15,FC5,58,14.557,
15,FC5,59,12.604,
15,FC5,60,10.162,
15,FC5,61,7.233,
15,FC5,62,4.791,
15,FC5,63,3.326,
15,FC5,64,2.838,
15,FC5,65,2.838,
15,FC5,66,3.326,
15,FC5,67,3.815,
15,FC5,68,3.815,
15,FC5,69,2.838,
15,FC5,70,1.862,
15,FC5,71,1.862,
15,FC5,72,2.838,
15,FC5,73,4.303,
15,FC5,74,6.744,
15,FC5,75,9.674,
15,FC5,76,12.604,
15,FC5,77,15.533,
15,FC5,78,16.998,
15,FC5,79,16.510,
15,FC5,80,13.580,
15,FC5,81,9.186,
15,FC5,82,4.303,
15,FC5,83,-0.092,
15,FC5,84,-3.510,
15,FC5,85,-4.974,
15,FC5,86,-5.951,
15,FC5,87,-5.463,
15,FC5,88,-3.998,
15,FC5,89,-2.533,
15,FC5,90,-0.580,
15,FC5,91,1.373,
15,FC5,92,2.838,
15,FC5,93,2.838,
15,FC5,94,2.350,
15,FC5,95,1.373,
15,FC5,96,0.397,
15,FC5,97,-0.092,
15,FC5,98,-0.092,
15,FC5,99,-0.092,
15,FC5,100,-0.092,
15,FC5,101,-0.580,
15,FC5,102,-1.068,
15,FC5,103,-2.045,
15,FC5,104,-3.021,
15,FC5,105,-3.510,
15,FC5,106,-3.510,
15,FC5,107,-3.510,
15,FC5,108,-3.998,
15,FC5,109,-4.486,
15,FC5,110,-5.951,
15,FC5,111,-6.927,
15,FC5,112,-8.392,
15,FC5,113,-9.857,
15,FC5,114,-10.834,
15,FC5,115,-10.834,
15,FC5,116,-9.369,
15,FC5,117,-6.927,
15,FC5,118,-2.533,
15,FC5,119,1.373,
15,FC5,120,5.280,
15,FC5,121,8.209,
15,FC5,122,10.162,
15,FC5,123,11.627,
15,FC5,124,11.627,
15,FC5,125,10.651,
15,FC5,126,9.186,
15,FC5,127,7.233,
15,FC5,128,4.791,
15,FC5,129,2.838,
15,FC5,130,0.397,
15,FC5,131,-2.045,
15,FC5,132,-3.998,
15,FC5,133,-5.463,
15,FC5,134,-5.463,
15,FC5,135,-5.463,
15,FC5,136,-4.974,
15,FC5,137,-4.486,
15,FC5,138,-3.998,
15,FC5,139,-3.021,
15,FC5,140,-1.556,
15,FC5,141,0.885,
15,FC5,142,3.326,
15,FC5,143,5.768,
15,FC5,144,6.744,
15,FC5,145,6.744,
15,FC5,146,6.744,
15,FC5,147,6.256,
15,FC5,148,5.768,
15,FC5,149,5.280,
15,FC5,150,4.791,
15,FC5,151,4.303,
15,FC5,152,2.838,
15,FC5,153,0.885,
15,FC5,154,-1.068,
15,FC5,155,-3.510,
15,FC5,156,-4.974,
15,FC5,157,-5.951,
15,FC5,158,-5.951,
15,FC5,159,-4.974,
15,FC5,160,-3.998,
15,FC5,161,-3.510,
15,FC5,162,-3.021,
15,FC5,163,-2.045,
15,FC5,164,-0.092,
15,FC5,165,1.373,
15,FC5,166,3.326,
15,FC5,167,4.791,
15,FC5,168,5.768,
15,FC5,169,6.256,
15,FC5,170,5.768,
15,FC5,171,4.303,
15,FC5,172,1.373,
15,FC5,173,-2.533,
15,FC5,174,-5.951,
15,FC5,175,-7.904,
15,FC5,176,-7.416,
15,FC5,177,-5.463,
15,FC5,178,-3.021,
15,FC5,179,-1.068,
15,FC5,180,0.397,
15,FC5,181,1.373,
15,FC5,182,2.838,
15,FC5,183,4.303,
15,FC5,184,4.791,
15,FC5,185,3.815,
15,FC5,186,1.862,
15,FC5,187,0.397,
15,FC5,188,-0.092,
15,FC5,189,1.862,
15,FC5,190,4.791,
15,FC5,191,7.721,
15,FC5,192,8.209,
15,FC5,193,7.721,
15,FC5,194,5.280,
15,FC5,195,3.326,
15,FC5,196,2.350,
15,FC5,197,3.326,
15,FC5,198,4.303,
15,FC5,199,5.280,
15,FC5,200,5.768,
15,FC5,201,4.303,
15,FC5,202,2.350,
15,FC5,203,0.397,
15,FC5,204,-1.068,
15,FC5,205,-1.556,
15,FC5,206,-0.580,
15,FC5,207,0.397,
15,FC5,208,1.862,
15,FC5,209,3.326,
15,FC5,210,4.303,
15,FC5,211,5.280,
15,FC5,212,4.791,
15,FC5,213,3.326,
15,FC5,214,1.862,
15,FC5,215,-0.092,
15,FC5,216,-1.068,
15,FC5,217,-0.580,
15,FC5,218,-0.092,
15,FC5,219,-0.092,
15,FC5,220,-1.068,
15,FC5,221,-2.045,
15,FC5,222,-2.045,
15,FC5,223,-0.580,
15,FC5,224,2.350,
15,FC5,225,4.791,
15,FC5,226,5.280,
15,FC5,227,3.326,
15,FC5,228,-0.092,
15,FC5,229,-3.021,
15,FC5,230,-4.486,
15,FC5,231,-3.021,
15,FC5,232,-0.092,
15,FC5,233,2.350,
15,FC5,234,4.303,
15,FC5,235,3.815,
15,FC5,236,1.862,
15,FC5,237,-1.068,
15,FC5,238,-3.510,
15,FC5,239,-4.486,
15,FC5,240,-4.486,
15,FC5,241,-3.510,
15,FC5,242,-2.045,
15,FC5,243,-0.580,
15,FC5,244,1.862,
15,FC5,245,4.791,
15,FC5,246,7.233,
15,FC5,247,8.209,
15,FC5,248,7.233,
15,FC5,249,4.791,
15,FC5,250,1.373,
15,FC5,251,-0.092,
15,FC5,252,-0.580,
15,FC5,253,0.885,
15,FC5,254,2.838,
15,FC5,255,3.815,
15,FC2,0,1.017,
15,FC2,1,0.529,
15,FC2,2,0.529,
15,FC2,3,1.017,
15,FC2,4,2.482,
15,FC2,5,3.459,
15,FC2,6,4.435,
15,FC2,7,4.924,
15,FC2,8,4.435,
15,FC2,9,3.459,
15,FC2,10,2.482,
15,FC2,11,1.994,
15,FC2,12,1.506,
15,FC2,13,1.506,
15,FC2,14,1.506,
15,FC2,15,2.482,
15,FC2,16,2.970,
15,FC2,17,2.970,
15,FC2,18,1.994,
15,FC2,19,0.529,
15,FC2,20,-0.448,
15,FC2,21,-0.936,
15,FC2,22,0.041,
15,FC2,23,1.506,
15,FC2,24,2.482,
15,FC2,25,2.970,
15,FC2,26,2.482,
15,FC2,27,1.994,
15,FC2,28,1.017,
15,FC2,29,0.529,
15,FC2,30,0.041,
15,FC2,31,0.041,
15,FC2,32,0.529,
15,FC2,33,1.506,
15,FC2,34,3.947,
15,FC2,35,6.388,
15,FC2,36,8.830,
15,FC2,37,10.295,
15,FC2,38,9.806,
15,FC2,39,7.853,
15,FC2,40,5.412,
15,FC2,41,2.970,
15,FC2,42,2.482,
15,FC2,43,2.970,
15,FC2,44,3.947,
15,FC2,45,4.924,
15,FC2,46,5.412,
15,FC2,47,4.924,
15,FC2,48,4.435,
15,FC2,49,3.947,
15,FC2,50,3.459,
15,FC2,51,2.482,
15,FC2,52,1.994,
15,FC2,53,1.994,
15,FC2,54,2.970,
15,FC2,55,4.435,
15,FC2,56,6.388,
15,FC2,57,7.853,
15,FC2,58,9.318,
15,FC2,59,8.830,
15,FC2,60,8.341,
15,FC2,61,7.365,
15,FC2,62,5.900,
15,FC2,63,3.947,
15,FC2,64,2.482,
15,FC2,65,1.017,
15,FC2,66,1.017,
15,FC2,67,0.529,
15,FC2,68,1.017,
15,FC2,69,1.506,
15,FC2,70,2.482,
15,FC2,71,2.970,
15,FC2,72,3.459,
15,FC2,73,3.459,
15,FC2,74,3.459,
15,FC2,75,3.459,
15,FC2,76,4.924,
15,FC2,77,6.388,
15,FC2,78,8.341,
15,FC2,79,9.318,
15,FC2,80,9.806,
15,FC2,81,9.318,
15,FC2,82,7.365,
15,FC2,83,5.900,
15,FC2,84,3.459,
15,FC2,85,1.994,
15,FC2,86,0.529,
15,FC2,87,-0.448,
15,FC2,88,-0.448,
15,FC2,89,-0.448,
15,FC2,90,0.041,
15,FC2,91,1.017,
15,FC2,92,1.506,
15,FC2,93,2.482,
15,FC2,94,3.459,
15,FC2,95,4.435,
15,FC2,96,5.412,
15,FC2,97,6.877,
15,FC2,98,6.877,
15,FC2,99,6.388,
15,FC2,100,4.924,
15,FC2,101,3.459,
15,FC2,102,2.482,
15,FC2,103,2.970,
15,FC2,104,3.459,
15,FC2,105,3.459,
15,FC2,106,2.482,
15,FC2,107,-0.448,
15,FC2,108,-3.866,
15,FC2,109,-6.307,
15,FC2,110,-6.795,
15,FC2,111,-6.795,
15,FC2,112,-6.307,
15,FC2,113,-5.819,
15,FC2,114,-5.330,
15,FC2,115,-4.354,
15,FC2,116,-2.401,
15,FC2,117,-0.448,
15,FC2,118,1.017,
15,FC2,119,1.506,
15,FC2,120,1.994,
15,FC2,121,2.482,
15,FC2,122,3.947,
15,FC2,123,5.900,
15,FC2,124,6.877,
15,FC2,125,7.365,
15,FC2,126,5.900,
15,FC2,127,4.435,
15,FC2,128,2.482,
15,FC2,129,0.529,
15,FC2,130,-0.936,
15,FC2,131,-2.889,
15,FC2,132,-3.866,
15,FC2,133,-4.354,
15,FC2,134,-4.354,
15,FC2,135,-3.377,
15,FC2,136,-1.912,
15,FC2,137,-1.424,
15,FC2,138,-0.936,
15,FC2,139,-0.448,
15,FC2,140,0.529,
15,FC2,141,1.994,
15,FC2,142,2.970,
15,FC2,143,3.459,
15,FC2,144,3.459,
15,FC2,145,3.947,
15,FC2,146,3.947,
15,FC2,147,3.947,
15,FC2,148,3.459,
15,FC2,149,3.459,
15,FC2,150,2.970,
15,FC2,151,2.482,
15,FC2,152,1.994,
15,FC2,153,1.506,
15,FC2,154,0.529,
15,FC2,155,0.041,
15,FC2,156,-0.448,
15,FC2,157,-0.448,
15,FC2,158,0.529,
15,FC2,159,1.017,
15,FC2,160,1.506,
15,FC2,161,1.994,
15,FC2,162,1.994,
15,FC2,163,1.994,
15,FC2,164,2.482,
15,FC2,165,2.482,
15,FC2,166,2.970,
15,FC2,167,3.459,
15,FC2,168,3.947,
15,FC2,169,3.947,
15,FC2,170,4.435,
15,FC2,171,3.947,
15,FC2,172,3.459,
15,FC2,173,2.482,
15,FC2,174,1.017,
15,FC2,175,0.041,
15,FC2,176,-0.448,
15,FC2,177,0.041,
15,FC2,178,0.529,
15,FC2,179,1.017,
15,FC2,180,1.017,
15,FC2,181,1.506,
15,FC2,182,1.994,
15,FC2,183,3.459,
15,FC2,184,4.435,
15,FC2,185,4.924,
15,FC2,186,4.435,
15,FC2,187,3.459,
15,FC2,188,2.482,
15,FC2,189,2.482,
15,FC2,190,2.970,
15,FC2,191,3.459,
15,FC2,192,3.947,
15,FC2,193,3.947,
15,FC2,194,3.947,
15,FC2,195,3.459,
15,FC2,196,3.947,
15,FC2,197,4.435,
15,FC2,198,4.435,
15,FC2,199,4.435,
15,FC2,200,2.970,
15,FC2,201,1.994,
15,FC2,202,1.017,
15,FC2,203,1.994,
15,FC2,204,3.947,
15,FC2,205,5.412,
15,FC2,206,6.388,
15,FC2,207,5.900,
15,FC2,208,4.435,
15,FC2,209,2.482,
15,FC2,210,1.017,
15,FC2,211,0.041,
15,FC2,212,-0.936,
15,FC2,213,-0.936,
15,FC2,214,-0.936,
15,FC2,215,-0.448,
15,FC2,216,1.017,
15,FC2,217,2.482,
15,FC2,218,3.947,
15,FC2,219,3.947,
15,FC2,220,3.459,
15,FC2,221,2.970,
15,FC2,222,2.482,
15,FC2,223,3.459,
15,FC2,224,4.435,
15,FC2,225,4.924,
15,FC2,226,4.924,
15,FC2,227,3.947,
15,FC2,228,2.482,
15,FC2,229,1.017,
15,FC2,230,0.529,
15,FC2,231,1.017,
15,FC2,232,1.994,
15,FC2,233,2.482,
15,FC2,234,2.482,
15,FC2,235,1.017,
15,FC2,236,-0.448,
15,FC2,237,-1.424,
15,FC2,238,-1.424,
15,FC2,239,0.529,
15,FC2,240,3.459,
15,FC2,241,6.388,
15,FC2,242,8.341,
15,FC2,243,9.806,
15,FC2,244,10.295,
15,FC2,245,9.318,
15,FC2,246,8.341,
15,FC2,247,6.877,
15,FC2,248,5.900,
15,FC2,249,4.924,
15,FC2,250,4.924,
15,FC2,251,5.900,
15,FC2,252,6.388,
15,FC2,253,6.877,
15,FC2,254,6.877,
15,FC2,255,6.877,
15,FC1,0,-0.102,
15,FC1,1,-1.078,
15,FC1,2,-1.078,
15,FC1,3,-0.102,
15,FC1,4,2.340,
15,FC1,5,4.781,
15,FC1,6,6.246,
15,FC1,7,6.246,
15,FC1,8,5.758,
15,FC1,9,4.293,
15,FC1,10,3.805,
15,FC1,11,3.805,
15,FC1,12,3.316,
15,FC1,13,2.828,
15,FC1,14,2.340,
15,FC1,15,1.851,
15,FC1,16,1.851,
15,FC1,17,1.851,
15,FC1,18,1.851,
15,FC1,19,1.363,
15,FC1,20,0.875,
15,FC1,21,-0.102,
15,FC1,22,0.387,
15,FC1,23,0.387,
15,FC1,24,1.363,
15,FC1,25,0.875,
15,FC1,26,0.387,
15,FC1,27,0.387,
15,FC1,28,0.387,
15,FC1,29,0.875,
15,FC1,30,1.851,
15,FC1,31,3.316,
15,FC1,32,4.293,
15,FC1,33,5.269,
15,FC1,34,6.246,
15,FC1,35,6.246,
15,FC1,36,6.246,
15,FC1,37,5.269,
15,FC1,38,4.781,
15,FC1,39,4.293,
15,FC1,40,4.293,
15,FC1,41,4.293,
15,FC1,42,4.781,
15,FC1,43,4.781,
15,FC1,44,4.781,
15,FC1,45,3.805,
15,FC1,46,2.828,
15,FC1,47,1.363,
15,FC1,48,-0.590,
15,FC1,49,-2.055,
15,FC1,50,-2.055,
15,FC1,51,-1.567,
15,FC1,52,-0.102,
15,FC1,53,1.851,
15,FC1,54,3.805,
15,FC1,55,4.781,
15,FC1,56,5.269,
15,FC1,57,5.758,
15,FC1,58,5.758,
15,FC1,59,5.758,
15,FC1,60,5.269,
15,FC1,61,4.293,
15,FC1,62,3.316,
15,FC1,63,2.340,
15,FC1,64,2.340,
15,FC1,65,1.851,
15,FC1,66,1.851,
15,FC1,67,1.363,
15,FC1,68,0.875,
15,FC1,69,0.387,
15,FC1,70,0.387,
15,FC1,71,0.875,
15,FC1,72,2.340,
15,FC1,73,3.316,
15,FC1,74,4.293,
15,FC1,75,5.269,
15,FC1,76,6.246,
15,FC1,77,6.734,
15,FC1,78,7.222,
15,FC1,79,7.222,
15,FC1,80,6.246,
15,FC1,81,4.781,
15,FC1,82,2.828,
15,FC1,83,0.875,
15,FC1,84,-1.078,
15,FC1,85,-2.055,
15,FC1,86,-3.520,
15,FC1,87,-4.008,
15,FC1,88,-3.520,
15,FC1,89,-2.543,
15,FC1,90,-1.078,
15,FC1,91,1.363,
15,FC1,92,2.828,
15,FC1,93,3.805,
15,FC1,94,4.293,
15,FC1,95,4.293,
15,FC1,96,3.805,
15,FC1,97,3.316,
15,FC1,98,2.340,
15,FC1,99,1.363,
15,FC1,100,0.387,
15,FC1,101,-0.102,
15,FC1,102,-0.590,
15,FC1,103,-0.102,
15,FC1,104,-0.102,
15,FC1,105,-0.590,
15,FC1,106,-2.055,
15,FC1,107,-3.031,
15,FC1,108,-4.008,
15,FC1,109,-4.496,
15,FC1,110,-4.985,
15,FC1,111,-5.473,
15,FC1,112,-5.961,
15,FC1,113,-6.449,
15,FC1,114,-6.938,
15,FC1,115,-6.449,
15,FC1,116,-5.961,
15,FC1,117,-4.985,
15,FC1,118,-3.031,
15,FC1,119,-1.078,
15,FC1,120,1.851,
15,FC1,121,3.805,
15,FC1,122,5.758,
15,FC1,123,6.734,
15,FC1,124,6.734,
15,FC1,125,5.758,
15,FC1,126,3.805,
15,FC1,127,1.363,
15,FC1,128,-0.590,
15,FC1,129,-2.543,
15,FC1,130,-4.008,
15,FC1,131,-4.985,
15,FC1,132,-6.449,
15,FC1,133,-7.426,
15,FC1,134,-7.914,
15,FC1,135,-7.914,
15,FC1,136,-7.914,
15,FC1,137,-7.426,
15,FC1,138,-6.938,
15,FC1,139,-5.961,
15,FC1,140,-4.985,
15,FC1,141,-3.520,
15,FC1,142,-1.567,
15,FC1,143,-0.590,
15,FC1,144,0.387,
15,FC1,145,0.387,
15,FC1,146,-0.590,
15,FC1,147,-0.590,
15,FC1,148,-0.590,
15,FC1,149,-0.590,
15,FC1,150,-0.102,
15,FC1,151,-0.102,
15,FC1,152,-1.078,
15,FC1,153,-2.543,
15,FC1,154,-4.496,
15,FC1,155,-5.961,
15,FC1,156,-7.426,
15,FC1,157,-7.914,
15,FC1,158,-7.426,
15,FC1,159,-6.938,
15,FC1,160,-5.961,
15,FC1,161,-5.473,
15,FC1,162,-4.985,
15,FC1,163,-4.496,
15,FC1,164,-4.008,
15,FC1,165,-3.031,
15,FC1,166,-2.055,
15,FC1,167,-1.567,
15,FC1,168,-0.590,
15,FC1,169,0.387,
15,FC1,170,0.387,
15,FC1,171,0.387,
15,FC1,172,-0.590,
15,FC1,173,-2.543,
15,FC1,174,-4.985,
15,FC1,175,-6.938,
15,FC1,176,-7.426,
15,FC1,177,-6.938,
15,FC1,178,-5.473,
15,FC1,179,-4.008,
15,FC1,180,-2.543,
15,FC1,181,-2.055,
15,FC1,182,-1.567,
15,FC1,183,-1.078,
15,FC1,184,-1.078,
15,FC1,185,-1.078,
15,FC1,186,-1.078,
15,FC1,187,-1.567,
15,FC1,188,-1.078,
15,FC1,189,-0.590,
15,FC1,190,0.875,
15,FC1,191,1.363,
15,FC1,192,1.851,
15,FC1,193,0.875,
15,FC1,194,-0.590,
15,FC1,195,-1.567,
15,FC1,196,-1.567,
15,FC1,197,-0.590,
15,FC1,198,0.387,
15,FC1,199,0.875,
15,FC1,200,0.387,
15,FC1,201,-0.590,
15,FC1,202,-1.567,
15,FC1,203,-2.543,
15,FC1,204,-3.031,
15,FC1,205,-2.543,
15,FC1,206,-2.055,
15,FC1,207,-1.567,
15,FC1,208,-1.078,
15,FC1,209,-1.567,
15,FC1,210,-1.078,
15,FC1,211,-1.078,
15,FC1,212,-1.567,
15,FC1,213,-1.567,
15,FC1,214,-2.055,
15,FC1,215,-2.055,
15,FC1,216,-2.543,
15,FC1,217,-2.543,
15,FC1,218,-3.031,
15,FC1,219,-3.520,
15,FC1,220,-4.008,
15,FC1,221,-4.496,
15,FC1,222,-4.008,
15,FC1,223,-3.031,
15,FC1,224,-1.567,
15,FC1,225,-0.590,
15,FC1,226,-0.102,
15,FC1,227,-1.567,
15,FC1,228,-3.520,
15,FC1,229,-5.473,
15,FC1,230,-6.449,
15,FC1,231,-6.449,
15,FC1,232,-4.985,
15,FC1,233,-4.008,
15,FC1,234,-2.543,
15,FC1,235,-3.031,
15,FC1,236,-3.520,
15,FC1,237,-4.496,
15,FC1,238,-5.473,
15,FC1,239,-5.473,
15,FC1,240,-4.985,
15,FC1,241,-4.008,
15,FC1,242,-2.543,
15,FC1,243,-1.567,
15,FC1,244,-0.102,
15,FC1,245,0.875,
15,FC1,246,1.851,
15,FC1,247,2.340,
15,FC1,248,2.340,
15,FC1,249,1.363,
15,FC1,250,0.387,
15,FC1,251,-0.102,
15,FC1,252,-0.590,
15,FC1,253,-0.102,
15,FC1,254,-0.102,
15,FC1,255,0.387,
15,T8,0,-1.190,
15,T8,1,-0.214,
15,T8,2,2.228,
15,T8,3,4.181,
15,T8,4,5.646,
15,T8,5,6.134,
15,T8,6,6.134,
15,T8,7,6.134,
15,T8,8,5.646,
15,T8,9,4.669,
15,T8,10,2.716,
15,T8,11,0.763,
15,T8,12,-0.214,
15,T8,13,1.251,
15,T8,14,4.669,
15,T8,15,8.087,
15,T8,16,10.040,
15,T8,17,9.064,
15,T8,18,5.646,
15,T8,19,2.716,
15,T8,20,1.251,
15,T8,21,1.740,
15,T8,22,3.693,
15,T8,23,5.157,
15,T8,24,6.134,
15,T8,25,6.134,
15,T8,26,6.622,
15,T8,27,7.111,
15,T8,28,8.087,
15,T8,29,8.087,
15,T8,30,7.599,
15,T8,31,7.111,
15,T8,32,7.111,
15,T8,33,8.087,
15,T8,34,10.529,
15,T8,35,12.482,
15,T8,36,14.435,
15,T8,37,15.411,
15,T8,38,13.947,
15,T8,39,10.529,
15,T8,40,5.157,
15,T8,41,-0.214,
15,T8,42,-4.120,
15,T8,43,-5.585,
15,T8,44,-4.120,
15,T8,45,-0.214,
15,T8,46,3.693,
15,T8,47,7.111,
15,T8,48,8.575,
15,T8,49,9.064,
15,T8,50,8.087,
15,T8,51,7.111,
15,T8,52,6.134,
15,T8,53,6.622,
15,T8,54,7.599,
15,T8,55,10.040,
15,T8,56,12.482,
15,T8,57,14.923,
15,T8,58,17.365,
15,T8,59,18.341,
15,T8,60,18.341,
15,T8,61,17.365,
15,T8,62,15.411,
15,T8,63,12.482,
15,T8,64,9.552,
15,T8,65,5.646,
15,T8,66,3.204,
15,T8,67,2.228,
15,T8,68,2.716,
15,T8,69,4.669,
15,T8,70,6.134,
15,T8,71,7.111,
15,T8,72,6.622,
15,T8,73,4.669,
15,T8,74,1.740,
15,T8,75,-0.214,
15,T8,76,-0.214,
15,T8,77,2.228,
15,T8,78,7.111,
15,T8,79,12.482,
15,T8,80,17.853,
15,T8,81,20.782,
15,T8,82,21.271,
15,T8,83,20.294,
15,T8,84,17.853,
15,T8,85,16.388,
15,T8,86,15.411,
15,T8,87,14.923,
15,T8,88,12.970,
15,T8,89,9.552,
15,T8,90,5.157,
15,T8,91,0.763,
15,T8,92,-1.678,
15,T8,93,-2.167,
15,T8,94,-1.678,
15,T8,95,-0.214,
15,T8,96,2.228,
15,T8,97,5.157,
15,T8,98,8.575,
15,T8,99,11.993,
15,T8,100,14.923,
15,T8,101,15.900,
15,T8,102,16.876,
15,T8,103,17.853,
15,T8,104,18.341,
15,T8,105,17.853,
15,T8,106,15.411,
15,T8,107,11.505,
15,T8,108,6.134,
15,T8,109,2.716,
15,T8,110,0.763,
15,T8,111,-0.214,
15,T8,112,-1.190,
15,T8,113,-2.167,
15,T8,114,-2.167,
15,T8,115,-1.190,
15,T8,116,2.228,
15,T8,117,6.134,
15,T8,118,9.064,
15,T8,119,10.040,
15,T8,120,8.575,
15,T8,121,6.622,
15,T8,122,6.134,
15,T8,123,7.599,
15,T8,124,10.529,
15,T8,125,13.458,
15,T8,126,14.923,
15,T8,127,14.435,
15,T8,128,11.505,
15,T8,129,7.111,
15,T8,130,3.693,
15,T8,131,2.716,
15,T8,132,3.693,
15,T8,133,5.646,
15,T8,134,7.111,
15,T8,135,7.111,
15,T8,136,6.622,
15,T8,137,6.134,
15,T8,138,7.111,
15,T8,139,10.040,
15,T8,140,13.458,
15,T8,141,16.876,
15,T8,142,18.829,
15,T8,143,20.294,
15,T8,144,22.247,
15,T8,145,23.224,
15,T8,146,23.712,
15,T8,147,21.271,
15,T8,148,16.388,
15,T8,149,10.529,
15,T8,150,6.622,
15,T8,151,5.157,
15,T8,152,6.134,
15,T8,153,8.575,
15,T8,154,11.017,
15,T8,155,11.993,
15,T8,156,12.482,
15,T8,157,11.993,
15,T8,158,12.482,
15,T8,159,12.970,
15,T8,160,13.947,
15,T8,161,14.923,
15,T8,162,15.411,
15,T8,163,15.411,
15,T8,164,15.411,
15,T8,165,14.923,
15,T8,166,13.458,
15,T8,167,11.505,
15,T8,168,9.552,
15,T8,169,7.599,
15,T8,170,5.646,
15,T8,171,4.181,
15,T8,172,1.740,
15,T8,173,-0.214,
15,T8,174,-2.167,
15,T8,175,-2.655,
15,T8,176,-0.214,
15,T8,177,3.204,
15,T8,178,6.622,
15,T8,179,9.064,
15,T8,180,9.552,
15,T8,181,9.064,
15,T8,182,8.087,
15,T8,183,8.087,
15,T8,184,8.575,
15,T8,185,9.064,
15,T8,186,8.575,
15,T8,187,7.111,
15,T8,188,5.646,
15,T8,189,4.669,
15,T8,190,5.157,
15,T8,191,6.622,
15,T8,192,7.599,
15,T8,193,7.111,
15,T8,194,5.157,
15,T8,195,2.716,
15,T8,196,0.763,
15,T8,197,0.763,
15,T8,198,1.740,
15,T8,199,4.181,
15,T8,200,6.134,
15,T8,201,7.599,
15,T8,202,8.087,
15,T8,203,9.064,
15,T8,204,9.552,
15,T8,205,11.017,
15,T8,206,12.482,
15,T8,207,13.947,
15,T8,208,14.435,
15,T8,209,12.970,
15,T8,210,11.017,
15,T8,211,8.087,
15,T8,212,5.157,
15,T8,213,3.204,
15,T8,214,1.740,
15,T8,215,2.228,
15,T8,216,3.204,
15,T8,217,5.646,
15,T8,218,9.064,
15,T8,219,11.993,
15,T8,220,15.411,
15,T8,221,17.365,
15,T8,222,18.829,
15,T8,223,20.294,
15,T8,224,20.782,
15,T8,225,20.782,
15,T8,226,18.829,
15,T8,227,14.923,
15,T8,228,10.529,
15,T8,229,7.111,
15,T8,230,6.622,
15,T8,231,9.064,
15,T8,232,13.458,
15,T8,233,17.365,
15,T8,234,18.341,
15,T8,235,16.388,
15,T8,236,12.970,
15,T8,237,10.040,
15,T8,238,8.575,
15,T8,239,9.552,
15,T8,240,11.505,
15,T8,241,14.435,
15,T8,242,17.365,
15,T8,243,20.782,
15,T8,244,23.712,
15,T8,245,24.200,
15,T8,246,22.736,
15,T8,247,19.318,
15,T8,248,16.388,
15,T8,249,13.947,
15,T8,250,12.482,
15,T8,251,11.017,
15,T8,252,9.552,
15,T8,253,9.064,
15,T8,254,9.552,
15,T8,255,12.970,
15,T7,0,-3.916,
15,T7,1,-1.963,
15,T7,2,1.455,
15,T7,3,5.849,
15,T7,4,10.732,
15,T7,5,14.638,
15,T7,6,16.591,
15,T7,7,15.615,
15,T7,8,12.685,
15,T7,9,9.267,
15,T7,10,6.826,
15,T7,11,5.849,
15,T7,12,6.337,
15,T7,13,7.802,
15,T7,14,8.291,
15,T7,15,8.291,
15,T7,16,6.826,
15,T7,17,5.361,
15,T7,18,4.384,
15,T7,19,2.920,
15,T7,20,1.943,
15,T7,21,0.478,
15,T7,22,-0.010,
15,T7,23,-0.010,
15,T7,24,0.478,
15,T7,25,0.966,
15,T7,26,0.478,
15,T7,27,-0.498,
15,T7,28,-1.475,
15,T7,29,-0.987,
15,T7,30,1.455,
15,T7,31,5.361,
15,T7,32,10.244,
15,T7,33,13.662,
15,T7,34,14.638,
15,T7,35,13.173,
15,T7,36,10.244,
15,T7,37,7.314,
15,T7,38,5.361,
15,T7,39,4.384,
15,T7,40,3.408,
15,T7,41,2.920,
15,T7,42,0.966,
15,T7,43,-0.987,
15,T7,44,-1.963,
15,T7,45,-2.940,
15,T7,46,-3.428,
15,T7,47,-4.405,
15,T7,48,-4.893,
15,T7,49,-6.358,
15,T7,50,-6.358,
15,T7,51,-5.381,
15,T7,52,-3.428,
15,T7,53,0.478,
15,T7,54,5.361,
15,T7,55,11.220,
15,T7,56,16.591,
15,T7,57,20.498,
15,T7,58,21.474,
15,T7,59,19.033,
15,T7,60,14.150,
15,T7,61,8.779,
15,T7,62,4.384,
15,T7,63,2.431,
15,T7,64,2.431,
15,T7,65,3.408,
15,T7,66,4.384,
15,T7,67,5.361,
15,T7,68,5.849,
15,T7,69,5.849,
15,T7,70,5.361,
15,T7,71,4.384,
15,T7,72,3.896,
15,T7,73,4.384,
15,T7,74,5.849,
15,T7,75,8.779,
15,T7,76,12.197,
15,T7,77,15.127,
15,T7,78,17.080,
15,T7,79,17.080,
15,T7,80,15.127,
15,T7,81,11.220,
15,T7,82,7.314,
15,T7,83,3.896,
15,T7,84,1.455,
15,T7,85,0.966,
15,T7,86,1.455,
15,T7,87,1.455,
15,T7,88,0.966,
15,T7,89,-0.010,
15,T7,90,-0.498,
15,T7,91,-0.987,
15,T7,92,-1.475,
15,T7,93,-1.963,
15,T7,94,-2.940,
15,T7,95,-4.405,
15,T7,96,-5.381,
15,T7,97,-4.893,
15,T7,98,-2.940,
15,T7,99,-0.010,
15,T7,100,3.408,
15,T7,101,4.873,
15,T7,102,4.384,
15,T7,103,2.431,
15,T7,104,-0.010,
15,T7,105,-1.475,
15,T7,106,-1.475,
15,T7,107,-0.987,
15,T7,108,-0.498,
15,T7,109,-0.010,
15,T7,110,-0.498,
15,T7,111,-1.963,
15,T7,112,-3.916,
15,T7,113,-5.870,
15,T7,114,-7.823,
15,T7,115,-8.311,
15,T7,116,-6.846,
15,T7,117,-3.428,
15,T7,118,0.966,
15,T7,119,5.361,
15,T7,120,8.291,
15,T7,121,9.755,
15,T7,122,10.244,
15,T7,123,10.732,
15,T7,124,11.709,
15,T7,125,12.197,
15,T7,126,12.197,
15,T7,127,11.709,
15,T7,128,10.244,
15,T7,129,8.291,
15,T7,130,6.337,
15,T7,131,3.896,
15,T7,132,2.920,
15,T7,133,1.943,
15,T7,134,1.943,
15,T7,135,1.943,
15,T7,136,2.431,
15,T7,137,2.431,
15,T7,138,2.920,
15,T7,139,4.384,
15,T7,140,6.337,
15,T7,141,9.267,
15,T7,142,11.709,
15,T7,143,13.173,
15,T7,144,13.662,
15,T7,145,13.662,
15,T7,146,13.662,
15,T7,147,13.662,
15,T7,148,12.685,
15,T7,149,11.709,
15,T7,150,9.267,
15,T7,151,7.802,
15,T7,152,6.337,
15,T7,153,5.361,
15,T7,154,3.896,
15,T7,155,1.943,
15,T7,156,-0.010,
15,T7,157,-0.987,
15,T7,158,-0.498,
15,T7,159,0.966,
15,T7,160,3.408,
15,T7,161,4.384,
15,T7,162,4.873,
15,T7,163,3.896,
15,T7,164,3.408,
15,T7,165,3.896,
15,T7,166,5.361,
15,T7,167,7.802,
15,T7,168,9.755,
15,T7,169,10.732,
15,T7,170,10.244,
15,T7,171,7.802,
15,T7,172,3.896,
15,T7,173,0.478,
15,T7,174,-2.452,
15,T7,175,-3.428,
15,T7,176,-2.940,
15,T7,177,-1.475,
15,T7,178,0.478,
15,T7,179,1.455,
15,T7,180,2.920,
15,T7,181,3.896,
15,T7,182,5.849,
15,T7,183,7.314,
15,T7,184,8.291,
15,T7,185,7.314,
15,T7,186,4.873,
15,T7,187,1.943,
15,T7,188,-0.010,
15,T7,189,0.966,
15,T7,190,3.896,
15,T7,191,8.779,
15,T7,192,12.685,
15,T7,193,14.638,
15,T7,194,14.150,
15,T7,195,11.709,
15,T7,196,9.267,
15,T7,197,7.802,
15,T7,198,8.291,
15,T7,199,9.267,
15,T7,200,9.267,
15,T7,201,7.314,
15,T7,202,4.384,
15,T7,203,1.943,
15,T7,204,-0.010,
15,T7,205,-0.010,
15,T7,206,0.966,
15,T7,207,3.408,
15,T7,208,5.361,
15,T7,209,7.802,
15,T7,210,9.755,
15,T7,211,12.197,
15,T7,212,12.685,
15,T7,213,11.220,
15,T7,214,7.802,
15,T7,215,3.896,
15,T7,216,1.943,
15,T7,217,1.943,
15,T7,218,3.896,
15,T7,219,5.849,
15,T7,220,6.826,
15,T7,221,5.849,
15,T7,222,5.361,
15,T7,223,5.361,
15,T7,224,6.337,
15,T7,225,7.314,
15,T7,226,6.826,
15,T7,227,4.873,
15,T7,228,2.431,
15,T7,229,0.966,
15,T7,230,1.455,
15,T7,231,2.920,
15,T7,232,5.849,
15,T7,233,8.779,
15,T7,234,11.220,
15,T7,235,11.709,
15,T7,236,10.244,
15,T7,237,6.826,
15,T7,238,3.408,
15,T7,239,0.478,
15,T7,240,-0.987,
15,T7,241,-0.498,
15,T7,242,0.966,
15,T7,243,2.431,
15,T7,244,4.384,
15,T7,245,6.826,
15,T7,246,8.779,
15,T7,247,9.755,
15,T7,248,9.267,
15,T7,249,6.826,
15,T7,250,3.896,
15,T7,251,1.943,
15,T7,252,1.455,
15,T7,253,2.431,
15,T7,254,4.384,
15,T7,255,6.337,
15,CZ,0,-10.417,
15,CZ,1,-8.464,
15,CZ,2,-3.092,
15,CZ,3,3.743,
15,CZ,4,10.091,
15,CZ,5,14.974,
15,CZ,6,16.439,
15,CZ,7,15.462,
15,CZ,8,12.044,
15,CZ,9,8.138,
15,CZ,10,5.208,
15,CZ,11,3.255,
15,CZ,12,3.743,
15,CZ,13,5.697,
15,CZ,14,8.138,
15,CZ,15,10.579,
15,CZ,16,11.068,
15,CZ,17,9.603,
15,CZ,18,6.673,
15,CZ,19,3.255,
15,CZ,20,0.326,
15,CZ,21,-0.651,
15,CZ,22,0.814,
15,CZ,23,3.743,
15,CZ,24,6.673,
15,CZ,25,9.115,
15,CZ,26,9.115,
15,CZ,27,7.161,
15,CZ,28,4.232,
15,CZ,29,2.279,
15,CZ,30,3.255,
15,CZ,31,7.161,
15,CZ,32,13.021,
15,CZ,33,18.880,
15,CZ,34,23.763,
15,CZ,35,26.693,
15,CZ,36,28.158,
15,CZ,37,27.669,
15,CZ,38,26.204,
15,CZ,39,22.298,
15,CZ,40,17.415,
15,CZ,41,12.533,
15,CZ,42,8.626,
15,CZ,43,7.161,
15,CZ,44,8.138,
15,CZ,45,11.556,
15,CZ,46,15.951,
15,CZ,47,18.880,
15,CZ,48,20.345,
15,CZ,49,19.368,
15,CZ,50,16.439,
15,CZ,51,13.021,
15,CZ,52,11.068,
15,CZ,53,12.044,
15,CZ,54,15.462,
15,CZ,55,20.345,
15,CZ,56,24.740,
15,CZ,57,28.646,
15,CZ,58,31.087,
15,CZ,59,32.064,
15,CZ,60,31.576,
15,CZ,61,29.134,
15,CZ,62,24.740,
15,CZ,63,18.880,
15,CZ,64,13.997,
15,CZ,65,12.044,
15,CZ,66,13.021,
15,CZ,67,14.974,
15,CZ,68,16.439,
15,CZ,69,16.439,
15,CZ,70,14.974,
15,CZ,71,13.997,
15,CZ,72,14.974,
15,CZ,73,17.415,
15,CZ,74,19.857,
15,CZ,75,22.298,
15,CZ,76,24.251,
15,CZ,77,27.181,
15,CZ,78,30.599,
15,CZ,79,34.993,
15,CZ,80,38.900,
15,CZ,81,40.365,
15,CZ,82,38.411,
15,CZ,83,33.529,
15,CZ,84,28.158,
15,CZ,85,22.786,
15,CZ,86,18.880,
15,CZ,87,15.951,
15,CZ,88,13.021,
15,CZ,89,10.579,
15,CZ,90,8.138,
15,CZ,91,7.650,
15,CZ,92,8.138,
15,CZ,93,9.603,
15,CZ,94,10.091,
15,CZ,95,10.579,
15,CZ,96,11.556,
15,CZ,97,13.997,
15,CZ,98,17.904,
15,CZ,99,22.298,
15,CZ,100,24.740,
15,CZ,101,24.740,
15,CZ,102,22.298,
15,CZ,103,19.368,
15,CZ,104,16.927,
15,CZ,105,14.974,
15,CZ,106,12.044,
15,CZ,107,9.115,
15,CZ,108,5.208,
15,CZ,109,2.279,
15,CZ,110,0.326,
15,CZ,111,-0.651,
15,CZ,112,-2.116,
15,CZ,113,-4.557,
15,CZ,114,-6.022,
15,CZ,115,-6.022,
15,CZ,116,-3.092,
15,CZ,117,2.279,
15,CZ,118,8.626,
15,CZ,119,13.997,
15,CZ,120,18.392,
15,CZ,121,20.833,
15,CZ,122,23.763,
15,CZ,123,26.693,
15,CZ,124,29.134,
15,CZ,125,30.111,
15,CZ,126,29.134,
15,CZ,127,26.204,
15,CZ,128,23.763,
15,CZ,129,20.833,
15,CZ,130,18.880,
15,CZ,131,16.439,
15,CZ,132,14.974,
15,CZ,133,13.021,
15,CZ,134,12.533,
15,CZ,135,13.021,
15,CZ,136,13.997,
15,CZ,137,15.462,
15,CZ,138,16.927,
15,CZ,139,18.392,
15,CZ,140,20.345,
15,CZ,141,22.786,
15,CZ,142,26.204,
15,CZ,143,29.134,
15,CZ,144,31.576,
15,CZ,145,33.040,
15,CZ,146,33.040,
15,CZ,147,31.576,
15,CZ,148,29.134,
15,CZ,149,25.228,
15,CZ,150,21.810,
15,CZ,151,20.833,
15,CZ,152,21.810,
15,CZ,153,23.763,
15,CZ,154,24.740,
15,CZ,155,22.786,
15,CZ,156,18.880,
15,CZ,157,15.951,
15,CZ,158,15.951,
15,CZ,159,18.880,
15,CZ,160,22.786,
15,CZ,161,25.228,
15,CZ,162,25.228,
15,CZ,163,23.275,
15,CZ,164,21.810,
15,CZ,165,22.298,
15,CZ,166,24.251,
15,CZ,167,25.716,
15,CZ,168,26.204,
15,CZ,169,25.228,
15,CZ,170,24.251,
15,CZ,171,23.763,
15,CZ,172,23.763,
15,CZ,173,23.275,
15,CZ,174,20.833,
15,CZ,175,16.927,
15,CZ,176,13.997,
15,CZ,177,13.997,
15,CZ,178,15.951,
15,CZ,179,18.392,
15,CZ,180,19.368,
15,CZ,181,18.880,
15,CZ,182,16.927,
15,CZ,183,15.951,
15,CZ,184,15.462,
15,CZ,185,15.951,
15,CZ,186,15.462,
15,CZ,187,13.509,
15,CZ,188,12.044,
15,CZ,189,12.533,
15,CZ,190,16.439,
15,CZ,191,22.298,
15,CZ,192,29.622,
15,CZ,193,33.529,
15,CZ,194,34.505,
15,CZ,195,32.552,
15,CZ,196,30.111,
15,CZ,197,29.622,
15,CZ,198,30.111,
15,CZ,199,31.087,
15,CZ,200,30.111,
15,CZ,201,26.204,
15,CZ,202,21.322,
15,CZ,203,16.927,
15,CZ,204,15.462,
15,CZ,205,16.927,
15,CZ,206,21.322,
15,CZ,207,26.204,
15,CZ,208,30.111,
15,CZ,209,33.040,
15,CZ,210,34.993,
15,CZ,211,35.482,
15,CZ,212,34.505,
15,CZ,213,31.576,
15,CZ,214,28.158,
15,CZ,215,25.228,
15,CZ,216,25.228,
15,CZ,217,28.158,
15,CZ,218,33.040,
15,CZ,219,37.435,
15,CZ,220,39.876,
15,CZ,221,40.365,
15,CZ,222,40.853,
15,CZ,223,41.829,
15,CZ,224,42.318,
15,CZ,225,40.853,
15,CZ,226,36.458,
15,CZ,227,29.622,
15,CZ,228,23.275,
15,CZ,229,19.857,
15,CZ,230,21.322,
15,CZ,231,25.716,
15,CZ,232,31.087,
15,CZ,233,34.505,
15,CZ,234,35.482,
15,CZ,235,34.017,
15,CZ,236,32.064,
15,CZ,237,31.087,
15,CZ,238,31.087,
15,CZ,239,32.552,
15,CZ,240,34.993,
15,CZ,241,37.435,
15,CZ,242,39.876,
15,CZ,243,41.829,
15,CZ,244,41.829,
15,CZ,245,41.341,
15,CZ,246,39.876,
15,CZ,247,38.900,
15,CZ,248,36.458,
15,CZ,249,33.040,
15,CZ,250,27.669,
15,CZ,251,22.298,
15,CZ,252,19.368,
15,CZ,253,20.833,
15,CZ,254,26.693,
15,CZ,255,34.993,
15,C3,0,-1.027,
15,C3,1,-0.539,
15,C3,2,-0.051,
15,C3,3,0.926,
15,C3,4,1.902,
15,C3,5,1.902,
15,C3,6,1.414,
15,C3,7,0.926,
15,C3,8,0.437,
15,C3,9,0.926,
15,C3,10,1.902,
15,C3,11,3.367,
15,C3,12,4.344,
15,C3,13,5.320,
15,C3,14,5.320,
15,C3,15,4.832,
15,C3,16,4.344,
15,C3,17,4.344,
15,C3,18,3.855,
15,C3,19,2.879,
15,C3,20,1.414,
15,C3,21,-0.051,
15,C3,22,-1.516,
15,C3,23,-2.004,
15,C3,24,-1.516,
15,C3,25,-1.516,
15,C3,26,-2.004,
15,C3,27,-2.492,
15,C3,28,-2.492,
15,C3,29,-2.004,
15,C3,30,0.437,
15,C3,31,2.879,
15,C3,32,5.809,
15,C3,33,6.785,
15,C3,34,6.785,
15,C3,35,4.832,
15,C3,36,1.902,
15,C3,37,-0.539,
15,C3,38,-2.004,
15,C3,39,-2.492,
15,C3,40,-1.516,
15,C3,41,0.437,
15,C3,42,1.902,
15,C3,43,3.855,
15,C3,44,4.344,
15,C3,45,4.344,
15,C3,46,3.367,
15,C3,47,0.926,
15,C3,48,-1.516,
15,C3,49,-4.445,
15,C3,50,-5.910,
15,C3,51,-6.399,
15,C3,52,-5.422,
15,C3,53,-2.981,
15,C3,54,-0.539,
15,C3,55,2.391,
15,C3,56,4.832,
15,C3,57,6.297,
15,C3,58,6.297,
15,C3,59,4.344,
15,C3,60,1.902,
15,C3,61,-0.539,
15,C3,62,-1.516,
15,C3,63,-1.516,
15,C3,64,-0.539,
15,C3,65,0.926,
15,C3,66,1.902,
15,C3,67,2.391,
15,C3,68,2.391,
15,C3,69,2.391,
15,C3,70,1.414,
15,C3,71,0.926,
15,C3,72,0.926,
15,C3,73,1.414,
15,C3,74,2.879,
15,C3,75,4.344,
15,C3,76,4.832,
15,C3,77,4.832,
15,C3,78,3.855,
15,C3,79,1.902,
15,C3,80,-0.051,
15,C3,81,-2.004,
15,C3,82,-3.469,
15,C3,83,-4.445,
15,C3,84,-3.957,
15,C3,85,-2.981,
15,C3,86,-2.004,
15,C3,87,-1.516,
15,C3,88,-1.027,
15,C3,89,-1.027,
15,C3,90,-0.539,
15,C3,91,-0.051,
15,C3,92,0.437,
15,C3,93,-0.051,
15,C3,94,-1.027,
15,C3,95,-2.492,
15,C3,96,-3.957,
15,C3,97,-4.445,
15,C3,98,-4.445,
15,C3,99,-3.469,
15,C3,100,-2.492,
15,C3,101,-1.516,
15,C3,102,-1.027,
15,C3,103,-1.516,
15,C3,104,-2.004,
15,C3,105,-2.492,
15,C3,106,-2.492,
15,C3,107,-1.516,
15,C3,108,-0.539,
15,C3,109,0.437,
15,C3,110,0.437,
15,C3,111,-0.051,
15,C3,112,-1.027,
15,C3,113,-2.492,
15,C3,114,-3.957,
15,C3,115,-4.445,
15,C3,116,-3.469,
15,C3,117,-2.004,
15,C3,118,-0.539,
15,C3,119,1.414,
15,C3,120,2.391,
15,C3,121,3.855,
15,C3,122,4.344,
15,C3,123,4.832,
15,C3,124,5.320,
15,C3,125,4.832,
15,C3,126,4.344,
15,C3,127,3.855,
15,C3,128,3.367,
15,C3,129,2.879,
15,C3,130,2.391,
15,C3,131,1.414,
15,C3,132,0.437,
15,C3,133,-0.539,
15,C3,134,-1.027,
15,C3,135,-1.027,
15,C3,136,-1.027,
15,C3,137,-1.027,
15,C3,138,-1.516,
15,C3,139,-1.516,
15,C3,140,-1.027,
15,C3,141,-0.051,
15,C3,142,0.926,
15,C3,143,1.414,
15,C3,144,2.391,
15,C3,145,2.879,
15,C3,146,3.367,
15,C3,147,3.855,
15,C3,148,4.344,
15,C3,149,4.344,
15,C3,150,3.855,
15,C3,151,3.367,
15,C3,152,2.391,
15,C3,153,0.926,
15,C3,154,-0.539,
15,C3,155,-2.004,
15,C3,156,-2.981,
15,C3,157,-3.469,
15,C3,158,-3.957,
15,C3,159,-3.469,
15,C3,160,-2.981,
15,C3,161,-2.981,
15,C3,162,-2.981,
15,C3,163,-2.492,
15,C3,164,-1.516,
15,C3,165,-0.539,
15,C3,166,0.437,
15,C3,167,1.414,
15,C3,168,2.391,
15,C3,169,3.855,
15,C3,170,3.855,
15,C3,171,2.879,
15,C3,172,0.926,
15,C3,173,-2.004,
15,C3,174,-4.934,
15,C3,175,-6.887,
15,C3,176,-6.887,
15,C3,177,-5.910,
15,C3,178,-3.957,
15,C3,179,-2.004,
15,C3,180,-0.051,
15,C3,181,0.926,
15,C3,182,2.391,
15,C3,183,2.391,
15,C3,184,2.391,
15,C3,185,1.414,
15,C3,186,0.437,
15,C3,187,-1.027,
15,C3,188,-1.027,
15,C3,189,-0.051,
15,C3,190,1.902,
15,C3,191,3.855,
15,C3,192,4.832,
15,C3,193,4.344,
15,C3,194,3.367,
15,C3,195,1.902,
15,C3,196,0.926,
15,C3,197,0.437,
15,C3,198,0.437,
15,C3,199,0.926,
15,C3,200,0.437,
15,C3,201,0.437,
15,C3,202,-0.539,
15,C3,203,-1.516,
15,C3,204,-2.004,
15,C3,205,-2.004,
15,C3,206,-1.516,
15,C3,207,-0.051,
15,C3,208,0.926,
15,C3,209,1.902,
15,C3,210,2.879,
15,C3,211,3.367,
15,C3,212,3.855,
15,C3,213,3.367,
15,C3,214,2.391,
15,C3,215,0.926,
15,C3,216,-0.539,
15,C3,217,-2.004,
15,C3,218,-2.981,
15,C3,219,-3.469,
15,C3,220,-3.469,
15,C3,221,-3.957,
15,C3,222,-3.957,
15,C3,223,-3.469,
15,C3,224,-2.004,
15,C3,225,-0.539,
15,C3,226,0.926,
15,C3,227,0.926,
15,C3,228,0.437,
15,C3,229,-0.051,
15,C3,230,-0.539,
15,C3,231,-0.539,
15,C3,232,0.926,
15,C3,233,2.879,
15,C3,234,4.344,
15,C3,235,4.832,
15,C3,236,3.367,
15,C3,237,0.926,
15,C3,238,-2.004,
15,C3,239,-4.445,
15,C3,240,-5.910,
15,C3,241,-5.910,
15,C3,242,-5.910,
15,C3,243,-4.934,
15,C3,244,-3.469,
15,C3,245,-2.004,
15,C3,246,-0.051,
15,C3,247,0.926,
15,C3,248,1.414,
15,C3,249,0.437,
15,C3,250,-0.539,
15,C3,251,-1.516,
15,C3,252,-1.516,
15,C3,253,-0.051,
15,C3,254,0.926,
15,C3,255,1.902,
15,C4,0,-0.295,
15,C4,1,0.193,
15,C4,2,0.682,
15,C4,3,0.682,
15,C4,4,0.193,
15,C4,5,-0.295,
15,C4,6,-1.272,
15,C4,7,-0.783,
15,C4,8,-0.295,
15,C4,9,-0.295,
15,C4,10,-0.295,
15,C4,11,-0.295,
15,C4,12,-0.295,
15,C4,13,1.170,
15,C4,14,2.635,
15,C4,15,3.123,
15,C4,16,2.635,
15,C4,17,0.682,
15,C4,18,-1.760,
15,C4,19,-2.736,
15,C4,20,-2.248,
15,C4,21,0.193,
15,C4,22,3.123,
15,C4,23,4.588,
15,C4,24,5.076,
15,C4,25,4.588,
15,C4,26,3.123,
15,C4,27,1.658,
15,C4,28,0.682,
15,C4,29,-0.295,
15,C4,30,-1.272,
15,C4,31,-2.248,
15,C4,32,-1.272,
15,C4,33,0.682,
15,C4,34,3.123,
15,C4,35,6.053,
15,C4,36,8.494,
15,C4,37,9.471,
15,C4,38,8.494,
15,C4,39,5.564,
15,C4,40,2.146,
15,C4,41,-1.272,
15,C4,42,-3.713,
15,C4,43,-4.201,
15,C4,44,-4.201,
15,C4,45,-2.248,
15,C4,46,-0.295,
15,C4,47,1.170,
15,C4,48,2.635,
15,C4,49,2.635,
15,C4,50,2.635,
15,C4,51,1.658,
15,C4,52,1.170,
15,C4,53,0.682,
15,C4,54,1.658,
15,C4,55,2.635,
15,C4,56,4.588,
15,C4,57,5.564,
15,C4,58,6.541,
15,C4,59,6.541,
15,C4,60,6.541,
15,C4,61,5.564,
15,C4,62,4.588,
15,C4,63,2.635,
15,C4,64,0.682,
15,C4,65,-0.783,
15,C4,66,-1.760,
15,C4,67,-1.760,
15,C4,68,-0.783,
15,C4,69,0.682,
15,C4,70,1.658,
15,C4,71,1.658,
15,C4,72,0.682,
15,C4,73,-1.272,
15,C4,74,-2.736,
15,C4,75,-3.225,
15,C4,76,-2.736,
15,C4,77,-1.272,
15,C4,78,0.682,
15,C4,79,3.123,
15,C4,80,5.076,
15,C4,81,6.053,
15,C4,82,6.053,
15,C4,83,5.564,
15,C4,84,4.100,
15,C4,85,3.611,
15,C4,86,3.611,
15,C4,87,5.076,
15,C4,88,6.053,
15,C4,89,5.564,
15,C4,90,3.123,
15,C4,91,0.682,
15,C4,92,-2.248,
15,C4,93,-3.225,
15,C4,94,-3.713,
15,C4,95,-2.736,
15,C4,96,-0.783,
15,C4,97,1.170,
15,C4,98,2.635,
15,C4,99,4.588,
15,C4,100,5.564,
15,C4,101,6.053,
15,C4,102,6.053,
15,C4,103,6.053,
15,C4,104,5.564,
15,C4,105,4.588,
15,C4,106,3.123,
15,C4,107,1.170,
15,C4,108,-0.295,
15,C4,109,-1.272,
15,C4,110,-0.783,
15,C4,111,0.193,
15,C4,112,0.682,
15,C4,113,0.682,
15,C4,114,1.170,
15,C4,115,1.170,
15,C4,116,2.635,
15,C4,117,4.100,
15,C4,118,4.588,
15,C4,119,4.588,
15,C4,120,3.123,
15,C4,121,1.658,
15,C4,122,0.682,
15,C4,123,0.682,
15,C4,124,1.170,
15,C4,125,2.146,
15,C4,126,3.123,
15,C4,127,3.123,
15,C4,128,1.658,
15,C4,129,-0.295,
15,C4,130,-2.248,
15,C4,131,-2.736,
15,C4,132,-1.760,
15,C4,133,0.682,
15,C4,134,2.635,
15,C4,135,4.100,
15,C4,136,4.100,
15,C4,137,3.611,
15,C4,138,3.123,
15,C4,139,4.100,
15,C4,140,5.564,
15,C4,141,7.029,
15,C4,142,7.517,
15,C4,143,7.517,
15,C4,144,8.006,
15,C4,145,8.006,
15,C4,146,7.517,
15,C4,147,6.053,
15,C4,148,4.100,
15,C4,149,2.146,
15,C4,150,1.170,
15,C4,151,0.682,
15,C4,152,1.658,
15,C4,153,2.635,
15,C4,154,3.611,
15,C4,155,4.588,
15,C4,156,5.564,
15,C4,157,6.053,
15,C4,158,6.541,
15,C4,159,6.541,
15,C4,160,6.053,
15,C4,161,6.053,
15,C4,162,6.053,
15,C4,163,6.541,
15,C4,164,6.541,
15,C4,165,6.053,
15,C4,166,5.076,
15,C4,167,3.611,
15,C4,168,2.635,
15,C4,169,2.635,
15,C4,170,1.658,
15,C4,171,1.170,
15,C4,172,0.682,
15,C4,173,0.193,
15,C4,174,-0.295,
15,C4,175,0.193,
15,C4,176,1.658,
15,C4,177,2.146,
15,C4,178,2.635,
15,C4,179,2.635,
15,C4,180,2.146,
15,C4,181,1.658,
15,C4,182,2.146,
15,C4,183,2.635,
15,C4,184,3.611,
15,C4,185,4.100,
15,C4,186,4.588,
15,C4,187,4.588,
15,C4,188,3.611,
15,C4,189,2.635,
15,C4,190,2.146,
15,C4,191,1.170,
15,C4,192,0.682,
15,C4,193,0.193,
15,C4,194,-0.295,
15,C4,195,-1.272,
15,C4,196,-2.248,
15,C4,197,-2.248,
15,C4,198,-2.736,
15,C4,199,-2.248,
15,C4,200,-0.783,
15,C4,201,0.193,
15,C4,202,1.658,
15,C4,203,3.123,
15,C4,204,4.100,
15,C4,205,5.076,
15,C4,206,5.564,
15,C4,207,5.564,
15,C4,208,4.100,
15,C4,209,2.635,
15,C4,210,0.682,
15,C4,211,-0.783,
15,C4,212,-1.272,
15,C4,213,-1.272,
15,C4,214,-0.783,
15,C4,215,0.193,
15,C4,216,0.682,
15,C4,217,1.658,
15,C4,218,3.123,
15,C4,219,3.611,
15,C4,220,4.588,
15,C4,221,5.076,
15,C4,222,5.564,
15,C4,223,5.564,
15,C4,224,6.053,
15,C4,225,6.541,
15,C4,226,6.541,
15,C4,227,5.076,
15,C4,228,3.611,
15,C4,229,2.146,
15,C4,230,1.170,
15,C4,231,2.146,
15,C4,232,3.123,
15,C4,233,4.100,
15,C4,234,3.611,
15,C4,235,1.658,
15,C4,236,-0.295,
15,C4,237,-1.760,
15,C4,238,-1.760,
15,C4,239,-0.783,
15,C4,240,0.682,
15,C4,241,2.635,
15,C4,242,4.588,
15,C4,243,6.541,
15,C4,244,8.006,
15,C4,245,8.494,
15,C4,246,7.517,
15,C4,247,5.564,
15,C4,248,3.611,
15,C4,249,2.635,
15,C4,250,2.146,
15,C4,251,1.658,
15,C4,252,1.170,
15,C4,253,0.682,
15,C4,254,0.193,
15,C4,255,1.658,
15,CP5,0,-0.692,
15,CP5,1,0.773,
15,CP5,2,2.238,
15,CP5,3,3.703,
15,CP5,4,4.679,
15,CP5,5,4.191,
15,CP5,6,3.215,
15,CP5,7,1.750,
15,CP5,8,0.773,
15,CP5,9,-0.203,
15,CP5,10,0.773,
15,CP5,11,2.726,
15,CP5,12,5.656,
15,CP5,13,8.586,
15,CP5,14,9.562,
15,CP5,15,9.562,
15,CP5,16,8.586,
15,CP5,17,8.097,
15,CP5,18,7.609,
15,CP5,19,7.609,
15,CP5,20,6.144,
15,CP5,21,4.191,
15,CP5,22,1.261,
15,CP5,23,-0.203,
15,CP5,24,-1.668,
15,CP5,25,-2.157,
15,CP5,26,-3.133,
15,CP5,27,-4.110,
15,CP5,28,-5.086,
15,CP5,29,-4.598,
15,CP5,30,-2.157,
15,CP5,31,1.750,
15,CP5,32,5.656,
15,CP5,33,8.097,
15,CP5,34,8.586,
15,CP5,35,6.632,
15,CP5,36,4.191,
15,CP5,37,1.261,
15,CP5,38,-0.692,
15,CP5,39,-1.668,
15,CP5,40,-1.668,
15,CP5,41,-1.668,
15,CP5,42,-1.180,
15,CP5,43,-0.203,
15,CP5,44,0.773,
15,CP5,45,1.750,
15,CP5,46,1.750,
15,CP5,47,0.285,
15,CP5,48,-2.157,
15,CP5,49,-5.575,
15,CP5,50,-8.016,
15,CP5,51,-8.504,
15,CP5,52,-7.528,
15,CP5,53,-4.110,
15,CP5,54,0.285,
15,CP5,55,5.656,
15,CP5,56,9.562,
15,CP5,57,12.004,
15,CP5,58,11.027,
15,CP5,59,7.609,
15,CP5,60,2.726,
15,CP5,61,-1.668,
15,CP5,62,-3.621,
15,CP5,63,-3.621,
15,CP5,64,-2.157,
15,CP5,65,0.285,
15,CP5,66,2.238,
15,CP5,67,4.191,
15,CP5,68,5.168,
15,CP5,69,5.168,
15,CP5,70,4.191,
15,CP5,71,3.215,
15,CP5,72,2.726,
15,CP5,73,3.215,
15,CP5,74,4.679,
15,CP5,75,6.144,
15,CP5,76,7.121,
15,CP5,77,7.121,
15,CP5,78,5.656,
15,CP5,79,3.215,
15,CP5,80,0.285,
15,CP5,81,-3.133,
15,CP5,82,-5.575,
15,CP5,83,-6.063,
15,CP5,84,-4.598,
15,CP5,85,-1.180,
15,CP5,86,2.238,
15,CP5,87,3.703,
15,CP5,88,3.703,
15,CP5,89,1.261,
15,CP5,90,-0.203,
15,CP5,91,-1.180,
15,CP5,92,-1.180,
15,CP5,93,-1.180,
15,CP5,94,-1.668,
15,CP5,95,-3.133,
15,CP5,96,-5.086,
15,CP5,97,-5.575,
15,CP5,98,-4.110,
15,CP5,99,-1.180,
15,CP5,100,0.773,
15,CP5,101,2.238,
15,CP5,102,1.261,
15,CP5,103,-1.180,
15,CP5,104,-3.621,
15,CP5,105,-5.086,
15,CP5,106,-4.598,
15,CP5,107,-2.157,
15,CP5,108,-0.203,
15,CP5,109,1.750,
15,CP5,110,3.215,
15,CP5,111,3.215,
15,CP5,112,2.238,
15,CP5,113,0.773,
15,CP5,114,-0.203,
15,CP5,115,-0.692,
15,CP5,116,0.285,
15,CP5,117,1.750,
15,CP5,118,3.703,
15,CP5,119,4.679,
15,CP5,120,4.191,
15,CP5,121,4.191,
15,CP5,122,4.191,
15,CP5,123,4.679,
15,CP5,124,4.679,
15,CP5,125,4.679,
15,CP5,126,4.191,
15,CP5,127,4.191,
15,CP5,128,4.191,
15,CP5,129,4.679,
15,CP5,130,5.168,
15,CP5,131,5.656,
15,CP5,132,5.656,
15,CP5,133,6.144,
15,CP5,134,6.144,
15,CP5,135,6.144,
15,CP5,136,5.656,
15,CP5,137,4.679,
15,CP5,138,4.191,
15,CP5,139,4.679,
15,CP5,140,5.656,
15,CP5,141,6.632,
15,CP5,142,7.609,
15,CP5,143,8.097,
15,CP5,144,8.097,
15,CP5,145,7.609,
15,CP5,146,8.097,
15,CP5,147,8.097,
15,CP5,148,8.097,
15,CP5,149,7.609,
15,CP5,150,6.632,
15,CP5,151,6.144,
15,CP5,152,5.168,
15,CP5,153,4.679,
15,CP5,154,3.215,
15,CP5,155,1.750,
15,CP5,156,0.773,
15,CP5,157,0.285,
15,CP5,158,0.773,
15,CP5,159,1.750,
15,CP5,160,2.238,
15,CP5,161,2.238,
15,CP5,162,1.261,
15,CP5,163,0.773,
15,CP5,164,0.773,
15,CP5,165,1.261,
15,CP5,166,2.238,
15,CP5,167,4.191,
15,CP5,168,5.168,
15,CP5,169,6.144,
15,CP5,170,6.144,
15,CP5,171,4.679,
15,CP5,172,2.726,
15,CP5,173,0.285,
15,CP5,174,-1.668,
15,CP5,175,-3.133,
15,CP5,176,-3.133,
15,CP5,177,-2.157,
15,CP5,178,-0.692,
15,CP5,179,0.773,
15,CP5,180,2.238,
15,CP5,181,3.703,
15,CP5,182,5.656,
15,CP5,183,6.144,
15,CP5,184,6.144,
15,CP5,185,4.679,
15,CP5,186,2.238,
15,CP5,187,-0.203,
15,CP5,188,-1.180,
15,CP5,189,-0.203,
15,CP5,190,2.726,
15,CP5,191,6.632,
15,CP5,192,10.050,
15,CP5,193,11.027,
15,CP5,194,10.539,
15,CP5,195,8.097,
15,CP5,196,5.656,
15,CP5,197,3.703,
15,CP5,198,2.238,
15,CP5,199,1.750,
15,CP5,200,1.261,
15,CP5,201,0.773,
15,CP5,202,-0.203,
15,CP5,203,-1.180,
15,CP5,204,-0.692,
15,CP5,205,-0.203,
15,CP5,206,1.261,
15,CP5,207,2.726,
15,CP5,208,4.191,
15,CP5,209,6.144,
15,CP5,210,8.586,
15,CP5,211,10.539,
15,CP5,212,11.515,
15,CP5,213,11.027,
15,CP5,214,8.586,
15,CP5,215,5.656,
15,CP5,216,3.215,
15,CP5,217,1.750,
15,CP5,218,1.750,
15,CP5,219,1.750,
15,CP5,220,0.773,
15,CP5,221,-0.692,
15,CP5,222,-1.668,
15,CP5,223,-2.157,
15,CP5,224,-1.668,
15,CP5,225,-0.203,
15,CP5,226,1.261,
15,CP5,227,2.726,
15,CP5,228,3.703,
15,CP5,229,4.679,
15,CP5,230,5.656,
15,CP5,231,6.632,
15,CP5,232,8.586,
15,CP5,233,11.027,
15,CP5,234,12.980,
15,CP5,235,13.957,
15,CP5,236,12.980,
15,CP5,237,9.562,
15,CP5,238,4.679,
15,CP5,239,-0.203,
15,CP5,240,-3.621,
15,CP5,241,-5.575,
15,CP5,242,-6.063,
15,CP5,243,-6.063,
15,CP5,244,-4.598,
15,CP5,245,-3.621,
15,CP5,246,-1.180,
15,CP5,247,0.285,
15,CP5,248,1.261,
15,CP5,249,0.773,
15,CP5,250,0.773,
15,CP5,251,0.773,
15,CP5,252,2.238,
15,CP5,253,4.191,
15,CP5,254,6.144,
15,CP5,255,7.121,
15,CP6,0,0.905,
15,CP6,1,1.882,
15,CP6,2,2.858,
15,CP6,3,2.370,
15,CP6,4,0.905,
15,CP6,5,-1.536,
15,CP6,6,-3.489,
15,CP6,7,-3.977,
15,CP6,8,-3.489,
15,CP6,9,-2.513,
15,CP6,10,-1.048,
15,CP6,11,-0.071,
15,CP6,12,1.394,
15,CP6,13,3.347,
15,CP6,14,5.300,
15,CP6,15,7.253,
15,CP6,16,6.765,
15,CP6,17,4.812,
15,CP6,18,2.370,
15,CP6,19,0.905,
15,CP6,20,0.905,
15,CP6,21,2.858,
15,CP6,22,4.323,
15,CP6,23,5.300,
15,CP6,24,4.812,
15,CP6,25,3.835,
15,CP6,26,2.858,
15,CP6,27,2.370,
15,CP6,28,1.882,
15,CP6,29,0.905,
15,CP6,30,-0.559,
15,CP6,31,-1.536,
15,CP6,32,-1.536,
15,CP6,33,-1.048,
15,CP6,34,0.417,
15,CP6,35,2.370,
15,CP6,36,4.323,
15,CP6,37,5.788,
15,CP6,38,6.276,
15,CP6,39,4.812,
15,CP6,40,0.905,
15,CP6,41,-3.489,
15,CP6,42,-7.395,
15,CP6,43,-9.349,
15,CP6,44,-8.860,
15,CP6,45,-6.419,
15,CP6,46,-3.001,
15,CP6,47,0.417,
15,CP6,48,3.347,
15,CP6,49,4.812,
15,CP6,50,4.812,
15,CP6,51,4.323,
15,CP6,52,3.347,
15,CP6,53,3.347,
15,CP6,54,4.323,
15,CP6,55,6.765,
15,CP6,56,9.206,
15,CP6,57,11.159,
15,CP6,58,11.648,
15,CP6,59,11.648,
15,CP6,60,10.671,
15,CP6,61,10.183,
15,CP6,62,10.183,
15,CP6,63,9.206,
15,CP6,64,7.253,
15,CP6,65,3.835,
15,CP6,66,1.394,
15,CP6,67,-0.071,
15,CP6,68,0.417,
15,CP6,69,2.858,
15,CP6,70,5.300,
15,CP6,71,5.788,
15,CP6,72,3.835,
15,CP6,73,-0.559,
15,CP6,74,-4.466,
15,CP6,75,-6.907,
15,CP6,76,-6.419,
15,CP6,77,-3.977,
15,CP6,78,-0.071,
15,CP6,79,4.812,
15,CP6,80,9.206,
15,CP6,81,12.624,
15,CP6,82,14.089,
15,CP6,83,14.089,
15,CP6,84,12.624,
15,CP6,85,11.648,
15,CP6,86,11.648,
15,CP6,87,12.136,
15,CP6,88,12.136,
15,CP6,89,10.671,
15,CP6,90,6.765,
15,CP6,91,2.370,
15,CP6,92,-2.024,
15,CP6,93,-4.466,
15,CP6,94,-5.442,
15,CP6,95,-4.954,
15,CP6,96,-3.489,
15,CP6,97,-1.048,
15,CP6,98,2.858,
15,CP6,99,6.765,
15,CP6,100,10.183,
15,CP6,101,12.624,
15,CP6,102,14.089,
15,CP6,103,14.577,
15,CP6,104,14.577,
15,CP6,105,13.112,
15,CP6,106,11.159,
15,CP6,107,8.230,
15,CP6,108,5.788,
15,CP6,109,5.300,
15,CP6,110,6.276,
15,CP6,111,7.741,
15,CP6,112,8.230,
15,CP6,113,7.253,
15,CP6,114,5.788,
15,CP6,115,5.788,
15,CP6,116,7.253,
15,CP6,117,9.206,
15,CP6,118,10.671,
15,CP6,119,10.183,
15,CP6,120,8.718,
15,CP6,121,6.276,
15,CP6,122,4.812,
15,CP6,123,4.323,
15,CP6,124,4.812,
15,CP6,125,6.765,
15,CP6,126,8.230,
15,CP6,127,9.206,
15,CP6,128,8.230,
15,CP6,129,6.276,
15,CP6,130,3.835,
15,CP6,131,3.347,
15,CP6,132,5.300,
15,CP6,133,9.206,
15,CP6,134,13.112,
15,CP6,135,14.577,
15,CP6,136,14.089,
15,CP6,137,13.112,
15,CP6,138,13.112,
15,CP6,139,14.577,
15,CP6,140,16.530,
15,CP6,141,17.995,
15,CP6,142,18.483,
15,CP6,143,17.995,
15,CP6,144,17.995,
15,CP6,145,18.972,
15,CP6,146,18.972,
15,CP6,147,16.530,
15,CP6,148,11.648,
15,CP6,149,6.276,
15,CP6,150,3.347,
15,CP6,151,3.347,
15,CP6,152,5.788,
15,CP6,153,9.206,
15,CP6,154,12.136,
15,CP6,155,14.089,
15,CP6,156,15.554,
15,CP6,157,16.042,
15,CP6,158,16.530,
15,CP6,159,16.042,
15,CP6,160,15.554,
15,CP6,161,15.066,
15,CP6,162,15.554,
15,CP6,163,16.530,
15,CP6,164,17.019,
15,CP6,165,17.019,
15,CP6,166,16.530,
15,CP6,167,14.577,
15,CP6,168,13.112,
15,CP6,169,11.648,
15,CP6,170,9.694,
15,CP6,171,8.230,
15,CP6,172,6.276,
15,CP6,173,4.812,
15,CP6,174,4.323,
15,CP6,175,4.812,
15,CP6,176,6.765,
15,CP6,177,8.718,
15,CP6,178,10.183,
15,CP6,179,10.671,
15,CP6,180,10.671,
15,CP6,181,10.671,
15,CP6,182,10.671,
15,CP6,183,10.671,
15,CP6,184,11.159,
15,CP6,185,10.671,
15,CP6,186,10.671,
15,CP6,187,9.694,
15,CP6,188,9.206,
15,CP6,189,8.718,
15,CP6,190,8.230,
15,CP6,191,8.230,
15,CP6,192,7.741,
15,CP6,193,6.765,
15,CP6,194,5.788,
15,CP6,195,3.347,
15,CP6,196,1.394,
15,CP6,197,-0.559,
15,CP6,198,-1.536,
15,CP6,199,-0.071,
15,CP6,200,3.347,
15,CP6,201,7.253,
15,CP6,202,10.671,
15,CP6,203,12.624,
15,CP6,204,13.601,
15,CP6,205,13.601,
15,CP6,206,13.112,
15,CP6,207,12.136,
15,CP6,208,11.159,
15,CP6,209,9.694,
15,CP6,210,7.741,
15,CP6,211,5.788,
15,CP6,212,4.323,
15,CP6,213,2.858,
15,CP6,214,2.370,
15,CP6,215,2.858,
15,CP6,216,3.835,
15,CP6,217,5.300,
15,CP6,218,7.253,
15,CP6,219,9.694,
15,CP6,220,11.648,
15,CP6,221,13.112,
15,CP6,222,14.089,
15,CP6,223,15.554,
15,CP6,224,16.530,
15,CP6,225,17.507,
15,CP6,226,16.530,
15,CP6,227,14.577,
15,CP6,228,11.648,
15,CP6,229,9.694,
15,CP6,230,8.718,
15,CP6,231,9.694,
15,CP6,232,12.136,
15,CP6,233,13.601,
15,CP6,234,13.601,
15,CP6,235,12.624,
15,CP6,236,10.183,
15,CP6,237,8.718,
15,CP6,238,7.253,
15,CP6,239,6.765,
15,CP6,240,7.253,
15,CP6,241,8.718,
15,CP6,242,10.671,
15,CP6,243,13.112,
15,CP6,244,16.042,
15,CP6,245,17.507,
15,CP6,246,17.995,
15,CP6,247,16.530,
15,CP6,248,14.577,
15,CP6,249,13.112,
15,CP6,250,11.159,
15,CP6,251,9.206,
15,CP6,252,7.253,
15,CP6,253,5.300,
15,CP6,254,5.788,
15,CP6,255,7.741,
15,CP1,0,-1.516,
15,CP1,1,-1.027,
15,CP1,2,-1.027,
15,CP1,3,-1.516,
15,CP1,4,-2.492,
15,CP1,5,-3.469,
15,CP1,6,-4.445,
15,CP1,7,-4.934,
15,CP1,8,-4.445,
15,CP1,9,-3.469,
15,CP1,10,-1.516,
15,CP1,11,-0.051,
15,CP1,12,1.414,
15,CP1,13,2.391,
15,CP1,14,2.879,
15,CP1,15,2.391,
15,CP1,16,1.902,
15,CP1,17,1.414,
15,CP1,18,1.414,
15,CP1,19,1.414,
15,CP1,20,1.414,
15,CP1,21,-0.051,
15,CP1,22,-1.516,
15,CP1,23,-2.981,
15,CP1,24,-3.957,
15,CP1,25,-3.957,
15,CP1,26,-3.957,
15,CP1,27,-3.469,
15,CP1,28,-3.957,
15,CP1,29,-3.957,
15,CP1,30,-2.981,
15,CP1,31,-1.516,
15,CP1,32,0.437,
15,CP1,33,1.902,
15,CP1,34,2.391,
15,CP1,35,1.414,
15,CP1,36,-0.051,
15,CP1,37,-1.516,
15,CP1,38,-2.004,
15,CP1,39,-2.492,
15,CP1,40,-2.981,
15,CP1,41,-2.492,
15,CP1,42,-2.004,
15,CP1,43,-1.027,
15,CP1,44,0.437,
15,CP1,45,1.902,
15,CP1,46,2.879,
15,CP1,47,2.879,
15,CP1,48,1.902,
15,CP1,49,0.926,
15,CP1,50,-0.539,
15,CP1,51,-1.027,
15,CP1,52,-1.516,
15,CP1,53,-1.516,
15,CP1,54,-1.516,
15,CP1,55,-0.539,
15,CP1,56,0.437,
15,CP1,57,0.926,
15,CP1,58,0.926,
15,CP1,59,-0.539,
15,CP1,60,-1.516,
15,CP1,61,-2.981,
15,CP1,62,-2.981,
15,CP1,63,-2.492,
15,CP1,64,-1.027,
15,CP1,65,-0.051,
15,CP1,66,0.926,
15,CP1,67,2.391,
15,CP1,68,2.879,
15,CP1,69,2.879,
15,CP1,70,1.902,
15,CP1,71,0.926,
15,CP1,72,-0.051,
15,CP1,73,-1.027,
15,CP1,74,-1.516,
15,CP1,75,-1.516,
15,CP1,76,-2.004,
15,CP1,77,-2.492,
15,CP1,78,-2.981,
15,CP1,79,-3.469,
15,CP1,80,-4.934,
15,CP1,81,-5.910,
15,CP1,82,-6.399,
15,CP1,83,-5.910,
15,CP1,84,-4.445,
15,CP1,85,-2.492,
15,CP1,86,-1.516,
15,CP1,87,-2.004,
15,CP1,88,-2.492,
15,CP1,89,-3.469,
15,CP1,90,-3.469,
15,CP1,91,-3.469,
15,CP1,92,-3.469,
15,CP1,93,-3.957,
15,CP1,94,-5.422,
15,CP1,95,-5.910,
15,CP1,96,-6.399,
15,CP1,97,-6.399,
15,CP1,98,-5.422,
15,CP1,99,-3.469,
15,CP1,100,-2.004,
15,CP1,101,-1.027,
15,CP1,102,-1.027,
15,CP1,103,-1.516,
15,CP1,104,-2.492,
15,CP1,105,-2.981,
15,CP1,106,-2.492,
15,CP1,107,-1.027,
15,CP1,108,0.437,
15,CP1,109,2.391,
15,CP1,110,3.855,
15,CP1,111,4.344,
15,CP1,112,3.855,
15,CP1,113,2.391,
15,CP1,114,0.926,
15,CP1,115,-0.051,
15,CP1,116,-0.051,
15,CP1,117,-0.051,
15,CP1,118,0.437,
15,CP1,119,-0.051,
15,CP1,120,-0.051,
15,CP1,121,-0.539,
15,CP1,122,-0.539,
15,CP1,123,-0.539,
15,CP1,124,-1.027,
15,CP1,125,-2.004,
15,CP1,126,-2.492,
15,CP1,127,-2.492,
15,CP1,128,-1.027,
15,CP1,129,0.926,
15,CP1,130,3.855,
15,CP1,131,5.320,
15,CP1,132,5.809,
15,CP1,133,5.320,
15,CP1,134,4.832,
15,CP1,135,4.344,
15,CP1,136,3.855,
15,CP1,137,3.367,
15,CP1,138,3.367,
15,CP1,139,3.367,
15,CP1,140,3.367,
15,CP1,141,2.879,
15,CP1,142,1.902,
15,CP1,143,1.414,
15,CP1,144,0.926,
15,CP1,145,1.414,
15,CP1,146,1.414,
15,CP1,147,1.414,
15,CP1,148,1.414,
15,CP1,149,1.414,
15,CP1,150,1.414,
15,CP1,151,1.902,
15,CP1,152,1.902,
15,CP1,153,2.391,
15,CP1,154,1.902,
15,CP1,155,1.414,
15,CP1,156,0.926,
15,CP1,157,0.437,
15,CP1,158,0.437,
15,CP1,159,0.437,
15,CP1,160,0.437,
15,CP1,161,0.437,
15,CP1,162,-0.051,
15,CP1,163,-0.051,
15,CP1,164,-0.051,
15,CP1,165,-0.051,
15,CP1,166,-0.051,
15,CP1,167,-0.539,
15,CP1,168,-1.027,
15,CP1,169,-1.027,
15,CP1,170,-1.027,
15,CP1,171,-0.539,
15,CP1,172,-1.027,
15,CP1,173,-1.027,
15,CP1,174,-1.516,
15,CP1,175,-2.004,
15,CP1,176,-2.492,
15,CP1,177,-2.492,
15,CP1,178,-2.004,
15,CP1,179,-1.516,
15,CP1,180,-0.539,
15,CP1,181,0.437,
15,CP1,182,0.926,
15,CP1,183,0.926,
15,CP1,184,0.437,
15,CP1,185,-0.539,
15,CP1,186,-1.516,
15,CP1,187,-2.492,
15,CP1,188,-2.492,
15,CP1,189,-2.492,
15,CP1,190,-1.516,
15,CP1,191,0.437,
15,CP1,192,1.902,
15,CP1,193,2.391,
15,CP1,194,1.902,
15,CP1,195,0.437,
15,CP1,196,-0.539,
15,CP1,197,-2.004,
15,CP1,198,-2.492,
15,CP1,199,-2.492,
15,CP1,200,-2.492,
15,CP1,201,-2.004,
15,CP1,202,-1.516,
15,CP1,203,-1.027,
15,CP1,204,-0.051,
15,CP1,205,-0.051,
15,CP1,206,-0.051,
15,CP1,207,-0.539,
15,CP1,208,-1.027,
15,CP1,209,-0.539,
15,CP1,210,0.926,
15,CP1,211,2.391,
15,CP1,212,3.855,
15,CP1,213,4.344,
15,CP1,214,3.855,
15,CP1,215,2.879,
15,CP1,216,1.414,
15,CP1,217,0.437,
15,CP1,218,-0.051,
15,CP1,219,-0.539,
15,CP1,220,-1.027,
15,CP1,221,-1.516,
15,CP1,222,-2.492,
15,CP1,223,-3.469,
15,CP1,224,-3.957,
15,CP1,225,-3.469,
15,CP1,226,-2.492,
15,CP1,227,-1.516,
15,CP1,228,-0.051,
15,CP1,229,0.926,
15,CP1,230,1.414,
15,CP1,231,2.391,
15,CP1,232,4.344,
15,CP1,233,6.785,
15,CP1,234,9.226,
15,CP1,235,10.203,
15,CP1,236,9.226,
15,CP1,237,6.297,
15,CP1,238,1.902,
15,CP1,239,-2.004,
15,CP1,240,-4.445,
15,CP1,241,-5.422,
15,CP1,242,-5.910,
15,CP1,243,-5.910,
15,CP1,244,-5.422,
15,CP1,245,-3.957,
15,CP1,246,-2.981,
15,CP1,247,-2.492,
15,CP1,248,-2.492,
15,CP1,249,-2.492,
15,CP1,250,-2.981,
15,CP1,251,-2.004,
15,CP1,252,-1.027,
15,CP1,253,-0.051,
15,CP1,254,-0.051,
15,CP1,255,-0.539,
15,CP2,0,0.702,
15,CP2,1,0.702,
15,CP2,2,-0.275,
15,CP2,3,-1.740,
15,CP2,4,-3.693,
15,CP2,5,-5.646,
15,CP2,6,-6.134,
15,CP2,7,-5.646,
15,CP2,8,-4.669,
15,CP2,9,-4.181,
15,CP2,10,-3.204,
15,CP2,11,-1.740,
15,CP2,12,-0.275,
15,CP2,13,1.190,
15,CP2,14,2.167,
15,CP2,15,2.655,
15,CP2,16,1.678,
15,CP2,17,0.214,
15,CP2,18,-0.763,
15,CP2,19,-0.763,
15,CP2,20,-0.275,
15,CP2,21,0.702,
15,CP2,22,0.702,
15,CP2,23,0.214,
15,CP2,24,-0.763,
15,CP2,25,-1.251,
15,CP2,26,-1.740,
15,CP2,27,-2.228,
15,CP2,28,-2.716,
15,CP2,29,-3.204,
15,CP2,30,-4.181,
15,CP2,31,-4.181,
15,CP2,32,-3.693,
15,CP2,33,-2.716,
15,CP2,34,-1.251,
15,CP2,35,-0.275,
15,CP2,36,0.214,
15,CP2,37,0.702,
15,CP2,38,0.214,
15,CP2,39,-1.251,
15,CP2,40,-3.204,
15,CP2,41,-5.157,
15,CP2,42,-6.622,
15,CP2,43,-7.111,
15,CP2,44,-6.622,
15,CP2,45,-5.646,
15,CP2,46,-3.693,
15,CP2,47,-1.251,
15,CP2,48,0.214,
15,CP2,49,1.190,
15,CP2,50,1.678,
15,CP2,51,0.702,
15,CP2,52,-0.275,
15,CP2,53,-0.763,
15,CP2,54,0.214,
15,CP2,55,1.678,
15,CP2,56,3.143,
15,CP2,57,3.632,
15,CP2,58,3.632,
15,CP2,59,2.167,
15,CP2,60,1.678,
15,CP2,61,1.190,
15,CP2,62,1.678,
15,CP2,63,1.678,
15,CP2,64,1.190,
15,CP2,65,0.214,
15,CP2,66,-0.763,
15,CP2,67,-1.251,
15,CP2,68,-0.763,
15,CP2,69,0.214,
15,CP2,70,0.702,
15,CP2,71,0.702,
15,CP2,72,-0.275,
15,CP2,73,-2.228,
15,CP2,74,-3.693,
15,CP2,75,-4.181,
15,CP2,76,-3.693,
15,CP2,77,-2.228,
15,CP2,78,-0.275,
15,CP2,79,1.678,
15,CP2,80,3.632,
15,CP2,81,5.096,
15,CP2,82,5.096,
15,CP2,83,4.608,
15,CP2,84,4.120,
15,CP2,85,3.632,
15,CP2,86,4.120,
15,CP2,87,4.120,
15,CP2,88,4.608,
15,CP2,89,4.120,
15,CP2,90,1.678,
15,CP2,91,0.214,
15,CP2,92,-2.228,
15,CP2,93,-3.204,
15,CP2,94,-4.181,
15,CP2,95,-4.181,
15,CP2,96,-3.204,
15,CP2,97,-1.251,
15,CP2,98,0.702,
15,CP2,99,3.143,
15,CP2,100,5.096,
15,CP2,101,6.073,
15,CP2,102,6.561,
15,CP2,103,6.073,
15,CP2,104,5.096,
15,CP2,105,4.120,
15,CP2,106,3.143,
15,CP2,107,2.167,
15,CP2,108,2.167,
15,CP2,109,3.143,
15,CP2,110,4.608,
15,CP2,111,5.585,
15,CP2,112,5.585,
15,CP2,113,4.608,
15,CP2,114,4.120,
15,CP2,115,3.632,
15,CP2,116,4.120,
15,CP2,117,4.608,
15,CP2,118,4.608,
15,CP2,119,4.120,
15,CP2,120,2.655,
15,CP2,121,0.702,
15,CP2,122,-0.763,
15,CP2,123,-1.740,
15,CP2,124,-2.228,
15,CP2,125,-1.251,
15,CP2,126,-0.275,
15,CP2,127,0.702,
15,CP2,128,1.678,
15,CP2,129,1.678,
15,CP2,130,2.167,
15,CP2,131,3.143,
15,CP2,132,4.608,
15,CP2,133,6.073,
15,CP2,134,7.538,
15,CP2,135,7.538,
15,CP2,136,6.561,
15,CP2,137,6.073,
15,CP2,138,5.585,
15,CP2,139,5.585,
15,CP2,140,6.073,
15,CP2,141,5.585,
15,CP2,142,5.096,
15,CP2,143,4.608,
15,CP2,144,4.608,
15,CP2,145,4.608,
15,CP2,146,4.120,
15,CP2,147,2.655,
15,CP2,148,1.678,
15,CP2,149,0.214,
15,CP2,150,-0.275,
15,CP2,151,0.214,
15,CP2,152,1.678,
15,CP2,153,3.143,
15,CP2,154,4.608,
15,CP2,155,5.585,
15,CP2,156,6.073,
15,CP2,157,6.561,
15,CP2,158,6.561,
15,CP2,159,6.073,
15,CP2,160,5.585,
15,CP2,161,5.096,
15,CP2,162,5.096,
15,CP2,163,5.096,
15,CP2,164,4.608,
15,CP2,165,3.632,
15,CP2,166,3.143,
15,CP2,167,2.167,
15,CP2,168,1.190,
15,CP2,169,0.702,
15,CP2,170,0.214,
15,CP2,171,-0.275,
15,CP2,172,0.214,
15,CP2,173,0.702,
15,CP2,174,2.167,
15,CP2,175,2.655,
15,CP2,176,3.143,
15,CP2,177,3.143,
15,CP2,178,2.655,
15,CP2,179,2.167,
15,CP2,180,1.678,
15,CP2,181,1.190,
15,CP2,182,0.702,
15,CP2,183,0.702,
15,CP2,184,0.702,
15,CP2,185,0.702,
15,CP2,186,0.702,
15,CP2,187,0.214,
15,CP2,188,-0.275,
15,CP2,189,-0.763,
15,CP2,190,-1.251,
15,CP2,191,-0.763,
15,CP2,192,-0.763,
15,CP2,193,-0.275,
15,CP2,194,-0.275,
15,CP2,195,-1.251,
15,CP2,196,-2.228,
15,CP2,197,-3.204,
15,CP2,198,-4.181,
15,CP2,199,-3.693,
15,CP2,200,-2.228,
15,CP2,201,0.214,
15,CP2,202,1.678,
15,CP2,203,3.143,
15,CP2,204,3.632,
15,CP2,205,3.143,
15,CP2,206,2.655,
15,CP2,207,1.678,
15,CP2,208,0.702,
15,CP2,209,0.214,
15,CP2,210,-0.275,
15,CP2,211,-0.275,
15,CP2,212,-0.275,
15,CP2,213,-0.275,
15,CP2,214,0.214,
15,CP2,215,0.702,
15,CP2,216,0.702,
15,CP2,217,0.702,
15,CP2,218,1.190,
15,CP2,219,1.678,
15,CP2,220,2.167,
15,CP2,221,2.655,
15,CP2,222,2.655,
15,CP2,223,2.655,
15,CP2,224,2.655,
15,CP2,225,2.655,
15,CP2,226,2.655,
15,CP2,227,2.655,
15,CP2,228,2.167,
15,CP2,229,2.167,
15,CP2,230,2.167,
15,CP2,231,3.143,
15,CP2,232,3.632,
15,CP2,233,4.120,
15,CP2,234,4.608,
15,CP2,235,4.608,
15,CP2,236,4.608,
15,CP2,237,4.120,
15,CP2,238,3.143,
15,CP2,239,1.678,
15,CP2,240,1.190,
15,CP2,241,1.190,
15,CP2,242,1.678,
15,CP2,243,3.143,
15,CP2,244,4.120,
15,CP2,245,3.632,
15,CP2,246,3.143,
15,CP2,247,2.167,
15,CP2,248,1.678,
15,CP2,249,0.702,
15,CP2,250,0.214,
15,CP2,251,-0.275,
15,CP2,252,-1.251,
15,CP2,253,-1.740,
15,CP2,254,-1.740,
15,CP2,255,-1.251,
15,P3,0,-1.139,
15,P3,1,-0.163,
15,P3,2,-0.163,
15,P3,3,-1.139,
15,P3,4,-2.604,
15,P3,5,-4.069,
15,P3,6,-5.046,
15,P3,7,-5.534,
15,P3,8,-5.534,
15,P3,9,-4.069,
15,P3,10,-2.116,
15,P3,11,0.814,
15,P3,12,3.743,
15,P3,13,6.185,
15,P3,14,7.650,
15,P3,15,7.650,
15,P3,16,7.161,
15,P3,17,6.673,
15,P3,18,5.697,
15,P3,19,4.720,
15,P3,20,2.767,
15,P3,21,0.814,
15,P3,22,-1.139,
15,P3,23,-3.092,
15,P3,24,-5.046,
15,P3,25,-6.510,
15,P3,26,-7.487,
15,P3,27,-8.464,
15,P3,28,-9.440,
15,P3,29,-8.464,
15,P3,30,-6.999,
15,P3,31,-4.557,
15,P3,32,-1.628,
15,P3,33,0.814,
15,P3,34,2.279,
15,P3,35,2.279,
15,P3,36,1.302,
15,P3,37,-0.163,
15,P3,38,-2.116,
15,P3,39,-5.046,
15,P3,40,-7.487,
15,P3,41,-9.928,
15,P3,42,-10.905,
15,P3,43,-10.905,
15,P3,44,-9.440,
15,P3,45,-6.999,
15,P3,46,-5.046,
15,P3,47,-3.581,
15,P3,48,-4.069,
15,P3,49,-5.046,
15,P3,50,-6.022,
15,P3,51,-6.510,
15,P3,52,-5.046,
15,P3,53,-2.604,
15,P3,54,0.326,
15,P3,55,3.255,
15,P3,56,4.720,
15,P3,57,5.208,
15,P3,58,3.255,
15,P3,59,0.814,
15,P3,60,-1.628,
15,P3,61,-2.604,
15,P3,62,-3.092,
15,P3,63,-3.092,
15,P3,64,-2.604,
15,P3,65,-2.604,
15,P3,66,-2.116,
15,P3,67,-0.163,
15,P3,68,1.790,
15,P3,69,3.743,
15,P3,70,3.743,
15,P3,71,2.767,
15,P3,72,1.302,
15,P3,73,0.814,
15,P3,74,1.302,
15,P3,75,1.790,
15,P3,76,2.279,
15,P3,77,1.790,
15,P3,78,1.302,
15,P3,79,0.326,
15,P3,80,-0.651,
15,P3,81,-2.116,
15,P3,82,-3.092,
15,P3,83,-2.604,
15,P3,84,-1.139,
15,P3,85,1.302,
15,P3,86,4.232,
15,P3,87,6.185,
15,P3,88,5.697,
15,P3,89,3.255,
15,P3,90,-0.163,
15,P3,91,-2.604,
15,P3,92,-4.069,
15,P3,93,-5.046,
15,P3,94,-5.046,
15,P3,95,-5.534,
15,P3,96,-6.022,
15,P3,97,-6.022,
15,P3,98,-4.069,
15,P3,99,-1.139,
15,P3,100,1.790,
15,P3,101,3.255,
15,P3,102,2.767,
15,P3,103,0.326,
15,P3,104,-2.116,
15,P3,105,-3.092,
15,P3,106,-3.581,
15,P3,107,-2.604,
15,P3,108,-0.651,
15,P3,109,1.790,
15,P3,110,4.232,
15,P3,111,5.697,
15,P3,112,5.208,
15,P3,113,3.743,
15,P3,114,1.302,
15,P3,115,-0.163,
15,P3,116,-0.163,
15,P3,117,0.814,
15,P3,118,1.302,
15,P3,119,1.302,
15,P3,120,0.326,
15,P3,121,-0.163,
15,P3,122,-0.163,
15,P3,123,0.326,
15,P3,124,-0.163,
15,P3,125,-1.139,
15,P3,126,-2.604,
15,P3,127,-3.581,
15,P3,128,-3.092,
15,P3,129,-0.651,
15,P3,130,2.767,
15,P3,131,5.697,
15,P3,132,8.138,
15,P3,133,9.115,
15,P3,134,9.115,
15,P3,135,9.115,
15,P3,136,8.626,
15,P3,137,8.626,
15,P3,138,8.626,
15,P3,139,8.626,
15,P3,140,8.626,
15,P3,141,8.138,
15,P3,142,7.161,
15,P3,143,6.185,
15,P3,144,5.697,
15,P3,145,4.720,
15,P3,146,4.232,
15,P3,147,3.743,
15,P3,148,1.790,
15,P3,149,0.814,
15,P3,150,0.326,
15,P3,151,1.302,
15,P3,152,3.255,
15,P3,153,5.208,
15,P3,154,5.697,
15,P3,155,4.720,
15,P3,156,2.767,
15,P3,157,1.302,
15,P3,158,1.302,
15,P3,159,1.302,
15,P3,160,1.302,
15,P3,161,0.814,
15,P3,162,0.326,
15,P3,163,-0.163,
15,P3,164,-0.163,
15,P3,165,0.326,
15,P3,166,1.302,
15,P3,167,1.790,
15,P3,168,1.790,
15,P3,169,1.302,
15,P3,170,0.814,
15,P3,171,0.814,
15,P3,172,0.326,
15,P3,173,0.326,
15,P3,174,0.326,
15,P3,175,-0.163,
15,P3,176,-0.651,
15,P3,177,-1.139,
15,P3,178,-1.139,
15,P3,179,-0.651,
15,P3,180,0.814,
15,P3,181,1.790,
15,P3,182,2.767,
15,P3,183,3.255,
15,P3,184,3.255,
15,P3,185,2.767,
15,P3,186,1.302,
15,P3,187,-0.651,
15,P3,188,-1.628,
15,P3,189,-0.163,
15,P3,190,3.255,
15,P3,191,8.138,
15,P3,192,11.556,
15,P3,193,13.021,
15,P3,194,12.044,
15,P3,195,9.115,
15,P3,196,6.185,
15,P3,197,2.767,
15,P3,198,0.326,
15,P3,199,-1.628,
15,P3,200,-3.092,
15,P3,201,-3.581,
15,P3,202,-2.604,
15,P3,203,-2.116,
15,P3,204,-1.628,
15,P3,205,-1.628,
15,P3,206,-1.139,
15,P3,207,-0.163,
15,P3,208,2.279,
15,P3,209,5.697,
15,P3,210,9.603,
15,P3,211,13.021,
15,P3,212,14.486,
15,P3,213,14.486,
15,P3,214,13.021,
15,P3,215,10.091,
15,P3,216,8.626,
15,P3,217,7.161,
15,P3,218,6.673,
15,P3,219,6.185,
15,P3,220,4.720,
15,P3,221,1.790,
15,P3,222,-1.139,
15,P3,223,-4.069,
15,P3,224,-6.022,
15,P3,225,-6.022,
15,P3,226,-4.069,
15,P3,227,-1.139,
15,P3,228,2.279,
15,P3,229,5.697,
15,P3,230,8.626,
15,P3,231,11.556,
15,P3,232,14.486,
15,P3,233,17.415,
15,P3,234,19.368,
15,P3,235,19.368,
15,P3,236,17.904,
15,P3,237,13.997,
15,P3,238,8.626,
15,P3,239,3.255,
15,P3,240,-1.628,
15,P3,241,-4.557,
15,P3,242,-6.022,
15,P3,243,-6.022,
15,P3,244,-5.534,
15,P3,245,-5.534,
15,P3,246,-4.557,
15,P3,247,-4.069,
15,P3,248,-3.581,
15,P3,249,-3.581,
15,P3,250,-3.092,
15,P3,251,-2.116,
15,P3,252,-0.651,
15,P3,253,1.790,
15,P3,254,3.743,
15,P3,255,5.208,
15,P4,0,1.790,
15,P4,1,1.790,
15,P4,2,0.814,
15,P4,3,-1.628,
15,P4,4,-4.069,
15,P4,5,-6.022,
15,P4,6,-6.510,
15,P4,7,-6.022,
15,P4,8,-6.022,
15,P4,9,-6.022,
15,P4,10,-6.022,
15,P4,11,-4.557,
15,P4,12,-2.116,
15,P4,13,0.814,
15,P4,14,2.767,
15,P4,15,2.767,
15,P4,16,0.814,
15,P4,17,-1.628,
15,P4,18,-3.092,
15,P4,19,-2.604,
15,P4,20,-1.139,
15,P4,21,-0.163,
15,P4,22,-0.163,
15,P4,23,-2.116,
15,P4,24,-5.046,
15,P4,25,-8.464,
15,P4,26,-10.905,
15,P4,27,-12.370,
15,P4,28,-12.370,
15,P4,29,-11.393,
15,P4,30,-10.905,
15,P4,31,-9.928,
15,P4,32,-8.464,
15,P4,33,-7.487,
15,P4,34,-6.510,
15,P4,35,-5.534,
15,P4,36,-4.557,
15,P4,37,-3.581,
15,P4,38,-4.557,
15,P4,39,-6.999,
15,P4,40,-11.393,
15,P4,41,-15.299,
15,P4,42,-18.717,
15,P4,43,-19.694,
15,P4,44,-18.717,
15,P4,45,-15.788,
15,P4,46,-12.370,
15,P4,47,-7.975,
15,P4,48,-4.069,
15,P4,49,-0.651,
15,P4,50,1.790,
15,P4,51,1.302,
15,P4,52,-0.163,
15,P4,53,-2.116,
15,P4,54,-2.604,
15,P4,55,-0.163,
15,P4,56,3.743,
15,P4,57,7.161,
15,P4,58,8.626,
15,P4,59,7.161,
15,P4,60,3.743,
15,P4,61,0.814,
15,P4,62,-1.139,
15,P4,63,-1.628,
15,P4,64,-2.116,
15,P4,65,-3.581,
15,P4,66,-5.046,
15,P4,67,-6.510,
15,P4,68,-6.510,
15,P4,69,-5.046,
15,P4,70,-3.092,
15,P4,71,-2.116,
15,P4,72,-3.092,
15,P4,73,-6.510,
15,P4,74,-10.417,
15,P4,75,-13.346,
15,P4,76,-13.835,
15,P4,77,-11.393,
15,P4,78,-6.999,
15,P4,79,-1.628,
15,P4,80,2.767,
15,P4,81,5.697,
15,P4,82,6.185,
15,P4,83,5.208,
15,P4,84,3.743,
15,P4,85,2.279,
15,P4,86,2.279,
15,P4,87,3.255,
15,P4,88,2.767,
15,P4,89,-0.163,
15,P4,90,-4.557,
15,P4,91,-8.952,
15,P4,92,-12.370,
15,P4,93,-12.858,
15,P4,94,-11.882,
15,P4,95,-9.928,
15,P4,96,-7.975,
15,P4,97,-6.022,
15,P4,98,-2.604,
15,P4,99,1.302,
15,P4,100,5.697,
15,P4,101,9.603,
15,P4,102,11.556,
15,P4,103,12.533,
15,P4,104,12.533,
15,P4,105,11.556,
15,P4,106,9.603,
15,P4,107,6.673,
15,P4,108,4.232,
15,P4,109,3.255,
15,P4,110,4.720,
15,P4,111,6.673,
15,P4,112,8.138,
15,P4,113,7.650,
15,P4,114,6.185,
15,P4,115,4.232,
15,P4,116,3.255,
15,P4,117,3.255,
15,P4,118,3.255,
15,P4,119,2.279,
15,P4,120,0.814,
15,P4,121,-0.651,
15,P4,122,-1.628,
15,P4,123,-1.628,
15,P4,124,-1.139,
15,P4,125,-0.651,
15,P4,126,-1.139,
15,P4,127,-1.139,
15,P4,128,-2.116,
15,P4,129,-2.116,
15,P4,130,-0.651,
15,P4,131,1.302,
15,P4,132,3.743,
15,P4,133,5.208,
15,P4,134,5.208,
15,P4,135,4.720,
15,P4,136,3.743,
15,P4,137,3.743,
15,P4,138,4.232,
15,P4,139,5.697,
15,P4,140,6.673,
15,P4,141,6.185,
15,P4,142,6.185,
15,P4,143,6.673,
15,P4,144,8.138,
15,P4,145,8.626,
15,P4,146,8.138,
15,P4,147,5.697,
15,P4,148,2.279,
15,P4,149,-0.163,
15,P4,150,-1.139,
15,P4,151,-0.163,
15,P4,152,1.790,
15,P4,153,3.743,
15,P4,154,5.697,
15,P4,155,7.650,
15,P4,156,9.603,
15,P4,157,12.044,
15,P4,158,12.533,
15,P4,159,11.556,
15,P4,160,9.603,
15,P4,161,7.650,
15,P4,162,5.697,
15,P4,163,4.720,
15,P4,164,4.720,
15,P4,165,5.208,
15,P4,166,6.185,
15,P4,167,6.673,
15,P4,168,7.161,
15,P4,169,6.185,
15,P4,170,4.232,
15,P4,171,2.767,
15,P4,172,1.790,
15,P4,173,2.279,
15,P4,174,4.232,
15,P4,175,6.185,
15,P4,176,6.185,
15,P4,177,4.720,
15,P4,178,2.279,
15,P4,179,-0.163,
15,P4,180,-1.628,
15,P4,181,-1.628,
15,P4,182,-2.116,
15,P4,183,-2.116,
15,P4,184,-3.092,
15,P4,185,-4.069,
15,P4,186,-4.557,
15,P4,187,-3.581,
15,P4,188,-1.628,
15,P4,189,0.326,
15,P4,190,1.302,
15,P4,191,0.814,
15,P4,192,0.326,
15,P4,193,-0.163,
15,P4,194,-0.163,
15,P4,195,0.326,
15,P4,196,0.326,
15,P4,197,-1.139,
15,P4,198,-3.092,
15,P4,199,-3.581,
15,P4,200,-3.092,
15,P4,201,-0.651,
15,P4,202,2.279,
15,P4,203,4.232,
15,P4,204,4.720,
15,P4,205,3.743,
15,P4,206,2.767,
15,P4,207,1.790,
15,P4,208,1.302,
15,P4,209,1.302,
15,P4,210,0.814,
15,P4,211,0.814,
15,P4,212,1.302,
15,P4,213,2.767,
15,P4,214,3.743,
15,P4,215,4.232,
15,P4,216,3.255,
15,P4,217,1.790,
15,P4,218,0.814,
15,P4,219,0.326,
15,P4,220,1.302,
15,P4,221,2.767,
15,P4,222,4.232,
15,P4,223,5.697,
15,P4,224,6.673,
15,P4,225,8.138,
15,P4,226,8.626,
15,P4,227,8.626,
15,P4,228,7.650,
15,P4,229,6.673,
15,P4,230,6.185,
15,P4,231,6.673,
15,P4,232,7.650,
15,P4,233,8.138,
15,P4,234,8.138,
15,P4,235,7.650,
15,P4,236,7.161,
15,P4,237,6.185,
15,P4,238,5.697,
15,P4,239,4.720,
15,P4,240,3.743,
15,P4,241,3.743,
15,P4,242,4.720,
15,P4,243,6.673,
15,P4,244,9.115,
15,P4,245,10.579,
15,P4,246,10.091,
15,P4,247,8.626,
15,P4,248,6.673,
15,P4,249,4.720,
15,P4,250,3.255,
15,P4,251,1.302,
15,P4,252,-1.139,
15,P4,253,-3.581,
15,P4,254,-5.046,
15,P4,255,-4.069,
15,PZ,0,-1.099,
15,PZ,1,-1.099,
15,PZ,2,-2.075,
15,PZ,3,-3.540,
15,PZ,4,-5.493,
15,PZ,5,-7.935,
15,PZ,6,-8.911,
15,PZ,7,-8.911,
15,PZ,8,-7.446,
15,PZ,9,-5.981,
15,PZ,10,-4.028,
15,PZ,11,-1.587,
15,PZ,12,0.854,
15,PZ,13,3.296,
15,PZ,14,4.272,
15,PZ,15,4.272,
15,PZ,16,3.296,
15,PZ,17,1.831,
15,PZ,18,0.854,
15,PZ,19,0.366,
15,PZ,20,0.366,
15,PZ,21,-0.610,
15,PZ,22,-1.587,
15,PZ,23,-4.028,
15,PZ,24,-5.981,
15,PZ,25,-6.958,
15,PZ,26,-6.958,
15,PZ,27,-5.981,
15,PZ,28,-5.005,
15,PZ,29,-4.517,
15,PZ,30,-4.028,
15,PZ,31,-3.052,
15,PZ,32,-2.075,
15,PZ,33,-1.099,
15,PZ,34,-1.099,
15,PZ,35,-1.587,
15,PZ,36,-2.075,
15,PZ,37,-2.563,
15,PZ,38,-3.052,
15,PZ,39,-4.028,
15,PZ,40,-5.981,
15,PZ,41,-8.423,
15,PZ,42,-10.864,
15,PZ,43,-11.353,
15,PZ,44,-10.376,
15,PZ,45,-7.935,
15,PZ,46,-5.005,
15,PZ,47,-2.075,
15,PZ,48,0.366,
15,PZ,49,0.854,
15,PZ,50,0.854,
15,PZ,51,0.366,
15,PZ,52,-0.610,
15,PZ,53,-0.610,
15,PZ,54,0.366,
15,PZ,55,1.831,
15,PZ,56,2.808,
15,PZ,57,3.296,
15,PZ,58,2.808,
15,PZ,59,0.854,
15,PZ,60,-0.610,
15,PZ,61,-1.587,
15,PZ,62,-2.075,
15,PZ,63,-1.587,
15,PZ,64,-1.587,
15,PZ,65,-1.587,
15,PZ,66,-1.587,
15,PZ,67,-1.587,
15,PZ,68,-0.610,
15,PZ,69,0.366,
15,PZ,70,0.854,
15,PZ,71,-0.122,
15,PZ,72,-1.099,
15,PZ,73,-3.052,
15,PZ,74,-4.028,
15,PZ,75,-4.028,
15,PZ,76,-3.052,
15,PZ,77,-2.075,
15,PZ,78,-0.610,
15,PZ,79,0.366,
15,PZ,80,1.343,
15,PZ,81,1.343,
15,PZ,82,1.343,
15,PZ,83,1.343,
15,PZ,84,1.831,
15,PZ,85,2.808,
15,PZ,86,4.272,
15,PZ,87,3.784,
15,PZ,88,2.808,
15,PZ,89,0.854,
15,PZ,90,-1.587,
15,PZ,91,-3.540,
15,PZ,92,-4.517,
15,PZ,93,-5.005,
15,PZ,94,-5.981,
15,PZ,95,-5.981,
15,PZ,96,-6.470,
15,PZ,97,-5.005,
15,PZ,98,-2.563,
15,PZ,99,0.854,
15,PZ,100,4.272,
15,PZ,101,5.737,
15,PZ,102,5.737,
15,PZ,103,4.272,
15,PZ,104,2.808,
15,PZ,105,1.343,
15,PZ,106,1.343,
15,PZ,107,1.831,
15,PZ,108,3.296,
15,PZ,109,4.761,
15,PZ,110,6.714,
15,PZ,111,7.690,
15,PZ,112,6.714,
15,PZ,113,4.761,
15,PZ,114,3.296,
15,PZ,115,1.831,
15,PZ,116,1.831,
15,PZ,117,2.319,
15,PZ,118,2.808,
15,PZ,119,2.808,
15,PZ,120,1.831,
15,PZ,121,0.854,
15,PZ,122,-0.610,
15,PZ,123,-1.099,
15,PZ,124,-1.587,
15,PZ,125,-2.075,
15,PZ,126,-2.075,
15,PZ,127,-1.587,
15,PZ,128,-0.610,
15,PZ,129,1.343,
15,PZ,130,3.296,
15,PZ,131,5.737,
15,PZ,132,7.690,
15,PZ,133,8.667,
15,PZ,134,9.155,
15,PZ,135,8.179,
15,PZ,136,6.714,
15,PZ,137,5.737,
15,PZ,138,4.761,
15,PZ,139,4.761,
15,PZ,140,4.761,
15,PZ,141,4.761,
15,PZ,142,4.272,
15,PZ,143,4.272,
15,PZ,144,4.272,
15,PZ,145,4.272,
15,PZ,146,4.272,
15,PZ,147,3.296,
15,PZ,148,1.831,
15,PZ,149,0.854,
15,PZ,150,-0.122,
15,PZ,151,0.854,
15,PZ,152,1.831,
15,PZ,153,3.784,
15,PZ,154,3.784,
15,PZ,155,4.272,
15,PZ,156,3.296,
15,PZ,157,2.808,
15,PZ,158,2.808,
15,PZ,159,2.808,
15,PZ,160,2.808,
15,PZ,161,2.319,
15,PZ,162,1.831,
15,PZ,163,1.831,
15,PZ,164,1.343,
15,PZ,165,1.343,
15,PZ,166,1.343,
15,PZ,167,0.854,
15,PZ,168,-0.122,
15,PZ,169,-0.610,
15,PZ,170,-1.099,
15,PZ,171,-1.587,
15,PZ,172,-1.587,
15,PZ,173,-1.099,
15,PZ,174,-0.610,
15,PZ,175,-0.122,
15,PZ,176,0.366,
15,PZ,177,0.366,
15,PZ,178,-0.122,
15,PZ,179,-0.610,
15,PZ,180,-1.099,
15,PZ,181,-1.587,
15,PZ,182,-1.587,
15,PZ,183,-2.075,
15,PZ,184,-2.563,
15,PZ,185,-3.052,
15,PZ,186,-3.540,
15,PZ,187,-4.517,
15,PZ,188,-4.517,
15,PZ,189,-4.028,
15,PZ,190,-2.075,
15,PZ,191,-0.122,
15,PZ,192,1.343,
15,PZ,193,2.319,
15,PZ,194,1.831,
15,PZ,195,0.366,
15,PZ,196,-1.099,
15,PZ,197,-3.052,
15,PZ,198,-4.517,
15,PZ,199,-5.005,
15,PZ,200,-5.005,
15,PZ,201,-3.540,
15,PZ,202,-2.075,
15,PZ,203,-1.587,
15,PZ,204,-1.099,
15,PZ,205,-1.587,
15,PZ,206,-2.563,
15,PZ,207,-2.563,
15,PZ,208,-2.075,
15,PZ,209,-1.099,
15,PZ,210,0.366,
15,PZ,211,1.831,
15,PZ,212,2.808,
15,PZ,213,3.296,
15,PZ,214,3.296,
15,PZ,215,3.296,
15,PZ,216,2.808,
15,PZ,217,1.831,
15,PZ,218,1.343,
15,PZ,219,0.854,
15,PZ,220,0.854,
15,PZ,221,-0.122,
15,PZ,222,-1.099,
15,PZ,223,-2.563,
15,PZ,224,-3.540,
15,PZ,225,-4.517,
15,PZ,226,-5.005,
15,PZ,227,-4.517,
15,PZ,228,-3.052,
15,PZ,229,-0.122,
15,PZ,230,2.808,
15,PZ,231,5.737,
15,PZ,232,8.179,
15,PZ,233,10.620,
15,PZ,234,12.085,
15,PZ,235,12.573,
15,PZ,236,12.085,
15,PZ,237,10.132,
15,PZ,238,7.202,
15,PZ,239,3.296,
15,PZ,240,-1.099,
15,PZ,241,-3.540,
15,PZ,242,-4.517,
15,PZ,243,-3.540,
15,PZ,244,-2.075,
15,PZ,245,-0.610,
15,PZ,246,-0.122,
15,PZ,247,-0.610,
15,PZ,248,-2.075,
15,PZ,249,-2.563,
15,PZ,250,-3.052,
15,PZ,251,-3.540,
15,PZ,252,-4.028,
15,PZ,253,-4.028,
15,PZ,254,-4.028,
15,PZ,255,-3.052,
15,P8,0,-0.387,
15,P8,1,-0.387,
15,P8,2,-0.875,
15,P8,3,-1.851,
15,P8,4,-3.805,
15,P8,5,-6.734,
15,P8,6,-9.176,
15,P8,7,-10.640,
15,P8,8,-10.640,
15,P8,9,-9.176,
15,P8,10,-7.711,
15,P8,11,-5.758,
15,P8,12,-3.316,
15,P8,13,0.102,
15,P8,14,4.496,
15,P8,15,8.891,
15,P8,16,11.332,
15,P8,17,11.820,
15,P8,18,9.867,
15,P8,19,7.426,
15,P8,20,5.961,
15,P8,21,4.985,
15,P8,22,4.008,
15,P8,23,2.055,
15,P8,24,-0.875,
15,P8,25,-3.316,
15,P8,26,-5.758,
15,P8,27,-6.734,
15,P8,28,-7.711,
15,P8,29,-9.176,
15,P8,30,-10.152,
15,P8,31,-10.640,
15,P8,32,-9.664,
15,P8,33,-8.687,
15,P8,34,-7.711,
15,P8,35,-6.246,
15,P8,36,-5.269,
15,P8,37,-4.781,
15,P8,38,-4.781,
15,P8,39,-6.734,
15,P8,40,-11.129,
15,P8,41,-16.012,
15,P8,42,-20.894,
15,P8,43,-23.336,
15,P8,44,-23.336,
15,P8,45,-20.406,
15,P8,46,-16.012,
15,P8,47,-10.152,
15,P8,48,-5.269,
15,P8,49,-2.340,
15,P8,50,-0.875,
15,P8,51,-1.851,
15,P8,52,-2.340,
15,P8,53,-1.851,
15,P8,54,1.567,
15,P8,55,6.938,
15,P8,56,11.820,
15,P8,57,14.750,
15,P8,58,15.238,
15,P8,59,12.797,
15,P8,60,9.867,
15,P8,61,7.914,
15,P8,62,6.449,
15,P8,63,4.985,
15,P8,64,3.031,
15,P8,65,-0.387,
15,P8,66,-3.805,
15,P8,67,-5.758,
15,P8,68,-5.758,
15,P8,69,-3.805,
15,P8,70,-0.875,
15,P8,71,1.078,
15,P8,72,1.078,
15,P8,73,-1.363,
15,P8,74,-4.293,
15,P8,75,-6.246,
15,P8,76,-5.758,
15,P8,77,-1.851,
15,P8,78,4.496,
15,P8,79,10.844,
15,P8,80,15.727,
15,P8,81,17.680,
15,P8,82,16.703,
15,P8,83,14.262,
15,P8,84,11.820,
15,P8,85,10.844,
15,P8,86,11.332,
15,P8,87,11.332,
15,P8,88,9.867,
15,P8,89,5.961,
15,P8,90,1.078,
15,P8,91,-3.805,
15,P8,92,-6.734,
15,P8,93,-8.687,
15,P8,94,-8.687,
15,P8,95,-8.199,
15,P8,96,-6.246,
15,P8,97,-3.316,
15,P8,98,1.078,
15,P8,99,6.449,
15,P8,100,11.820,
15,P8,101,15.238,
15,P8,102,17.680,
15,P8,103,18.168,
15,P8,104,17.680,
15,P8,105,15.238,
15,P8,106,10.844,
15,P8,107,5.961,
15,P8,108,2.055,
15,P8,109,0.102,
15,P8,110,0.590,
15,P8,111,1.567,
15,P8,112,2.055,
15,P8,113,0.590,
15,P8,114,-0.875,
15,P8,115,-1.363,
15,P8,116,0.102,
15,P8,117,3.031,
15,P8,118,5.961,
15,P8,119,7.426,
15,P8,120,7.426,
15,P8,121,6.449,
15,P8,122,5.473,
15,P8,123,4.496,
15,P8,124,4.985,
15,P8,125,6.449,
15,P8,126,7.914,
15,P8,127,8.403,
15,P8,128,7.426,
15,P8,129,5.473,
15,P8,130,4.496,
15,P8,131,4.985,
15,P8,132,6.938,
15,P8,133,9.867,
15,P8,134,11.820,
15,P8,135,11.820,
15,P8,136,10.844,
15,P8,137,10.356,
15,P8,138,10.844,
15,P8,139,13.285,
15,P8,140,15.727,
15,P8,141,17.680,
15,P8,142,18.656,
15,P8,143,20.121,
15,P8,144,21.586,
15,P8,145,23.051,
15,P8,146,23.051,
15,P8,147,19.633,
15,P8,148,14.262,
15,P8,149,8.403,
15,P8,150,4.496,
15,P8,151,4.496,
15,P8,152,6.938,
15,P8,153,10.844,
15,P8,154,14.262,
15,P8,155,15.727,
15,P8,156,16.703,
15,P8,157,16.703,
15,P8,158,17.192,
15,P8,159,17.192,
15,P8,160,17.680,
15,P8,161,17.680,
15,P8,162,17.680,
15,P8,163,17.680,
15,P8,164,17.680,
15,P8,165,17.192,
15,P8,166,16.215,
15,P8,167,14.750,
15,P8,168,13.285,
15,P8,169,11.332,
15,P8,170,8.403,
15,P8,171,5.473,
15,P8,172,3.031,
15,P8,173,1.567,
15,P8,174,1.567,
15,P8,175,2.543,
15,P8,176,3.520,
15,P8,177,4.496,
15,P8,178,4.985,
15,P8,179,5.961,
15,P8,180,7.426,
15,P8,181,8.403,
15,P8,182,9.379,
15,P8,183,8.891,
15,P8,184,7.426,
15,P8,185,6.449,
15,P8,186,4.985,
15,P8,187,4.008,
15,P8,188,3.520,
15,P8,189,3.031,
15,P8,190,3.031,
15,P8,191,3.520,
15,P8,192,3.520,
15,P8,193,3.031,
15,P8,194,1.078,
15,P8,195,-1.363,
15,P8,196,-4.293,
15,P8,197,-6.246,
15,P8,198,-6.734,
15,P8,199,-4.781,
15,P8,200,-1.363,
15,P8,201,2.543,
15,P8,202,5.961,
15,P8,203,7.426,
15,P8,204,7.914,
15,P8,205,7.426,
15,P8,206,7.914,
15,P8,207,8.891,
15,P8,208,9.379,
15,P8,209,9.379,
15,P8,210,8.403,
15,P8,211,5.961,
15,P8,212,2.543,
15,P8,213,-0.875,
15,P8,214,-3.316,
15,P8,215,-4.293,
15,P8,216,-3.805,
15,P8,217,-1.363,
15,P8,218,1.567,
15,P8,219,4.985,
15,P8,220,8.403,
15,P8,221,10.844,
15,P8,222,12.797,
15,P8,223,14.262,
15,P8,224,15.238,
15,P8,225,14.750,
15,P8,226,13.285,
15,P8,227,10.356,
15,P8,228,7.914,
15,P8,229,6.449,
15,P8,230,6.449,
15,P8,231,7.914,
15,P8,232,10.356,
15,P8,233,12.309,
15,P8,234,12.797,
15,P8,235,11.820,
15,P8,236,10.356,
15,P8,237,9.379,
15,P8,238,7.914,
15,P8,239,6.938,
15,P8,240,5.473,
15,P8,241,4.985,
15,P8,242,5.473,
15,P8,243,7.914,
15,P8,244,11.332,
15,P8,245,14.262,
15,P8,246,15.238,
15,P8,247,15.238,
15,P8,248,13.774,
15,P8,249,12.309,
15,P8,250,10.844,
15,P8,251,8.403,
15,P8,252,4.985,
15,P8,253,2.055,
15,P8,254,1.078,
15,P8,255,3.520,
15,P7,0,-5.615,
15,P7,1,-4.150,
15,P7,2,-2.197,
15,P7,3,0.244,
15,P7,4,2.686,
15,P7,5,5.127,
15,P7,6,5.615,
15,P7,7,4.639,
15,P7,8,1.221,
15,P7,9,-3.662,
15,P7,10,-7.080,
15,P7,11,-8.057,
15,P7,12,-4.150,
15,P7,13,2.197,
15,P7,14,8.545,
15,P7,15,11.475,
15,P7,16,10.498,
15,P7,17,7.568,
15,P7,18,4.639,
15,P7,19,3.174,
15,P7,20,2.686,
15,P7,21,2.686,
15,P7,22,1.221,
15,P7,23,-0.732,
15,P7,24,-2.686,
15,P7,25,-5.127,
15,P7,26,-7.080,
15,P7,27,-10.010,
15,P7,28,-12.451,
15,P7,29,-12.939,
15,P7,30,-10.986,
15,P7,31,-6.592,
15,P7,32,-2.197,
15,P7,33,1.221,
15,P7,34,2.197,
15,P7,35,1.709,
15,P7,36,0.732,
15,P7,37,-0.732,
15,P7,38,-2.686,
15,P7,39,-5.127,
15,P7,40,-8.057,
15,P7,41,-10.010,
15,P7,42,-10.986,
15,P7,43,-10.498,
15,P7,44,-9.033,
15,P7,45,-7.568,
15,P7,46,-6.592,
15,P7,47,-7.080,
15,P7,48,-8.057,
15,P7,49,-10.010,
15,P7,50,-12.451,
15,P7,51,-14.404,
15,P7,52,-14.893,
15,P7,53,-12.939,
15,P7,54,-7.080,
15,P7,55,1.221,
15,P7,56,9.521,
15,P7,57,14.893,
15,P7,58,15.381,
15,P7,59,11.963,
15,P7,60,6.592,
15,P7,61,2.197,
15,P7,62,0.732,
15,P7,63,1.221,
15,P7,64,2.686,
15,P7,65,4.639,
15,P7,66,5.127,
15,P7,67,6.104,
15,P7,68,6.592,
15,P7,69,6.592,
15,P7,70,5.127,
15,P7,71,3.174,
15,P7,72,1.221,
15,P7,73,0.244,
15,P7,74,1.221,
15,P7,75,3.174,
15,P7,76,5.615,
15,P7,77,7.568,
15,P7,78,8.057,
15,P7,79,7.080,
15,P7,80,5.615,
15,P7,81,4.150,
15,P7,82,3.662,
15,P7,83,3.662,
15,P7,84,5.127,
15,P7,85,7.568,
15,P7,86,10.010,
15,P7,87,10.498,
15,P7,88,8.545,
15,P7,89,3.662,
15,P7,90,-2.197,
15,P7,91,-6.592,
15,P7,92,-7.080,
15,P7,93,-5.127,
15,P7,94,-1.709,
15,P7,95,0.244,
15,P7,96,-0.732,
15,P7,97,-2.686,
15,P7,98,-3.174,
15,P7,99,-0.732,
15,P7,100,4.150,
15,P7,101,7.568,
15,P7,102,7.568,
15,P7,103,3.662,
15,P7,104,-1.709,
15,P7,105,-5.615,
15,P7,106,-6.104,
15,P7,107,-3.662,
15,P7,108,0.244,
15,P7,109,3.662,
15,P7,110,5.615,
15,P7,111,6.104,
15,P7,112,5.127,
15,P7,113,3.174,
15,P7,114,1.709,
15,P7,115,1.221,
15,P7,116,2.686,
15,P7,117,5.127,
15,P7,118,7.080,
15,P7,119,8.057,
15,P7,120,8.057,
15,P7,121,8.545,
15,P7,122,9.521,
15,P7,123,10.986,
15,P7,124,11.963,
15,P7,125,10.986,
15,P7,126,7.568,
15,P7,127,3.662,
15,P7,128,2.197,
15,P7,129,3.174,
15,P7,130,5.127,
15,P7,131,7.568,
15,P7,132,9.033,
15,P7,133,9.521,
15,P7,134,10.010,
15,P7,135,10.498,
15,P7,136,10.498,
15,P7,137,10.010,
15,P7,138,9.033,
15,P7,139,9.521,
15,P7,140,11.475,
15,P7,141,14.404,
15,P7,142,17.334,
15,P7,143,18.311,
15,P7,144,17.822,
15,P7,145,15.381,
15,P7,146,13.428,
15,P7,147,11.475,
15,P7,148,10.010,
15,P7,149,8.057,
15,P7,150,6.104,
15,P7,151,5.127,
15,P7,152,4.150,
15,P7,153,4.150,
15,P7,154,3.174,
15,P7,155,2.197,
15,P7,156,0.732,
15,P7,157,-0.244,
15,P7,158,0.732,
15,P7,159,2.686,
15,P7,160,5.127,
15,P7,161,5.127,
15,P7,162,3.662,
15,P7,163,0.732,
15,P7,164,-1.221,
15,P7,165,-1.221,
15,P7,166,0.244,
15,P7,167,1.221,
15,P7,168,1.221,
15,P7,169,0.732,
15,P7,170,-0.244,
15,P7,171,0.244,
15,P7,172,1.709,
15,P7,173,3.174,
15,P7,174,3.662,
15,P7,175,2.686,
15,P7,176,0.244,
15,P7,177,-1.709,
15,P7,178,-3.174,
15,P7,179,-2.686,
15,P7,180,-1.221,
15,P7,181,0.732,
15,P7,182,3.174,
15,P7,183,4.639,
15,P7,184,5.127,
15,P7,185,3.174,
15,P7,186,-0.732,
15,P7,187,-4.639,
15,P7,188,-7.080,
15,P7,189,-6.592,
15,P7,190,-2.197,
15,P7,191,4.150,
15,P7,192,10.498,
15,P7,193,14.404,
15,P7,194,14.893,
15,P7,195,12.939,
15,P7,196,9.521,
15,P7,197,6.104,
15,P7,198,2.686,
15,P7,199,0.244,
15,P7,200,-1.709,
15,P7,201,-3.174,
15,P7,202,-4.639,
15,P7,203,-5.615,
15,P7,204,-6.592,
15,P7,205,-6.592,
15,P7,206,-6.104,
15,P7,207,-4.150,
15,P7,208,-0.732,
15,P7,209,3.662,
15,P7,210,8.057,
15,P7,211,10.498,
15,P7,212,10.498,
15,P7,213,7.568,
15,P7,214,3.662,
15,P7,215,-0.244,
15,P7,216,-1.709,
15,P7,217,-1.221,
15,P7,218,0.732,
15,P7,219,2.197,
15,P7,220,1.709,
15,P7,221,-1.709,
15,P7,222,-6.592,
15,P7,223,-10.986,
15,P7,224,-14.404,
15,P7,225,-13.916,
15,P7,226,-10.986,
15,P7,227,-6.592,
15,P7,228,-2.197,
15,P7,229,0.732,
15,P7,230,2.686,
15,P7,231,3.662,
15,P7,232,6.104,
15,P7,233,10.010,
15,P7,234,13.916,
15,P7,235,15.869,
15,P7,236,13.916,
15,P7,237,7.568,
15,P7,238,-0.244,
15,P7,239,-7.568,
15,P7,240,-12.451,
15,P7,241,-15.381,
15,P7,242,-16.357,
15,P7,243,-17.822,
15,P7,244,-18.311,
15,P7,245,-18.311,
15,P7,246,-17.334,
15,P7,247,-15.869,
15,P7,248,-14.404,
15,P7,249,-13.428,
15,P7,250,-11.963,
15,P7,251,-9.033,
15,P7,252,-5.127,
15,P7,253,-0.244,
15,P7,254,3.662,
15,P7,255,6.104,
15,PO2,0,-0.844,
15,PO2,1,-2.797,
15,PO2,2,-5.239,
15,PO2,3,-8.169,
15,PO2,4,-11.587,
15,PO2,5,-13.540,
15,PO2,6,-14.028,
15,PO2,7,-13.051,
15,PO2,8,-11.098,
15,PO2,9,-9.145,
15,PO2,10,-6.704,
15,PO2,11,-3.286,
15,PO2,12,0.621,
15,PO2,13,5.015,
15,PO2,14,7.945,
15,PO2,15,8.433,
15,PO2,16,6.968,
15,PO2,17,4.527,
15,PO2,18,2.085,
15,PO2,19,1.109,
15,PO2,20,1.109,
15,PO2,21,0.132,
15,PO2,22,-1.821,
15,PO2,23,-5.727,
15,PO2,24,-9.145,
15,PO2,25,-12.075,
15,PO2,26,-13.540,
15,PO2,27,-13.540,
15,PO2,28,-13.051,
15,PO2,29,-12.563,
15,PO2,30,-11.587,
15,PO2,31,-10.122,
15,PO2,32,-8.657,
15,PO2,33,-6.704,
15,PO2,34,-5.239,
15,PO2,35,-4.262,
15,PO2,36,-4.262,
15,PO2,37,-4.262,
15,PO2,38,-4.751,
15,PO2,39,-6.704,
15,PO2,40,-10.122,
15,PO2,41,-14.028,
15,PO2,42,-17.934,
15,PO2,43,-19.887,
15,PO2,44,-18.422,
15,PO2,45,-14.028,
15,PO2,46,-7.680,
15,PO2,47,-1.821,
15,PO2,48,3.062,
15,PO2,49,5.992,
15,PO2,50,6.480,
15,PO2,51,5.503,
15,PO2,52,4.527,
15,PO2,53,5.015,
15,PO2,54,7.456,
15,PO2,55,10.386,
15,PO2,56,13.316,
15,PO2,57,13.316,
15,PO2,58,11.851,
15,PO2,59,8.433,
15,PO2,60,5.015,
15,PO2,61,2.574,
15,PO2,62,1.109,
15,PO2,63,0.621,
15,PO2,64,-0.844,
15,PO2,65,-2.309,
15,PO2,66,-4.262,
15,PO2,67,-4.751,
15,PO2,68,-4.262,
15,PO2,69,-2.309,
15,PO2,70,-0.844,
15,PO2,71,0.132,
15,PO2,72,-0.844,
15,PO2,73,-2.797,
15,PO2,74,-4.262,
15,PO2,75,-4.751,
15,PO2,76,-2.797,
15,PO2,77,0.132,
15,PO2,78,4.038,
15,PO2,79,7.456,
15,PO2,80,9.898,
15,PO2,81,10.874,
15,PO2,82,10.386,
15,PO2,83,9.410,
15,PO2,84,8.921,
15,PO2,85,8.433,
15,PO2,86,7.456,
15,PO2,87,6.480,
15,PO2,88,3.550,
15,PO2,89,0.132,
15,PO2,90,-3.774,
15,PO2,91,-7.192,
15,PO2,92,-9.145,
15,PO2,93,-10.122,
15,PO2,94,-9.633,
15,PO2,95,-8.657,
15,PO2,96,-6.704,
15,PO2,97,-3.286,
15,PO2,98,0.621,
15,PO2,99,5.503,
15,PO2,100,9.898,
15,PO2,101,12.828,
15,PO2,102,13.804,
15,PO2,103,13.316,
15,PO2,104,11.363,
15,PO2,105,8.921,
15,PO2,106,6.480,
15,PO2,107,4.527,
15,PO2,108,3.062,
15,PO2,109,3.550,
15,PO2,110,4.527,
15,PO2,111,5.503,
15,PO2,112,5.503,
15,PO2,113,4.038,
15,PO2,114,2.574,
15,PO2,115,2.085,
15,PO2,116,3.062,
15,PO2,117,4.527,
15,PO2,118,6.480,
15,PO2,119,6.480,
15,PO2,120,5.503,
15,PO2,121,3.550,
15,PO2,122,1.597,
15,PO2,123,0.132,
15,PO2,124,-0.844,
15,PO2,125,-1.333,
15,PO2,126,-1.333,
15,PO2,127,-0.356,
15,PO2,128,1.597,
15,PO2,129,3.550,
15,PO2,130,5.992,
15,PO2,131,7.945,
15,PO2,132,9.410,
15,PO2,133,10.386,
15,PO2,134,10.386,
15,PO2,135,10.386,
15,PO2,136,9.410,
15,PO2,137,8.921,
15,PO2,138,9.410,
15,PO2,139,10.386,
15,PO2,140,10.874,
15,PO2,141,11.851,
15,PO2,142,12.828,
15,PO2,143,13.316,
15,PO2,144,14.292,
15,PO2,145,13.804,
15,PO2,146,12.828,
15,PO2,147,9.898,
15,PO2,148,6.480,
15,PO2,149,3.550,
15,PO2,150,1.597,
15,PO2,151,2.085,
15,PO2,152,4.038,
15,PO2,153,6.480,
15,PO2,154,7.945,
15,PO2,155,8.921,
15,PO2,156,8.921,
15,PO2,157,8.433,
15,PO2,158,8.433,
15,PO2,159,8.433,
15,PO2,160,8.433,
15,PO2,161,7.945,
15,PO2,162,7.456,
15,PO2,163,5.992,
15,PO2,164,5.503,
15,PO2,165,4.527,
15,PO2,166,4.527,
15,PO2,167,3.550,
15,PO2,168,2.085,
15,PO2,169,0.621,
15,PO2,170,-0.844,
15,PO2,171,-0.844,
15,PO2,172,0.621,
15,PO2,173,3.062,
15,PO2,174,5.015,
15,PO2,175,5.992,
15,PO2,176,5.992,
15,PO2,177,4.527,
15,PO2,178,3.062,
15,PO2,179,1.597,
15,PO2,180,-0.356,
15,PO2,181,-2.309,
15,PO2,182,-4.262,
15,PO2,183,-5.727,
15,PO2,184,-7.192,
15,PO2,185,-7.680,
15,PO2,186,-7.680,
15,PO2,187,-7.192,
15,PO2,188,-6.215,
15,PO2,189,-4.751,
15,PO2,190,-2.797,
15,PO2,191,-0.356,
15,PO2,192,1.597,
15,PO2,193,2.574,
15,PO2,194,2.085,
15,PO2,195,-0.356,
15,PO2,196,-3.286,
15,PO2,197,-6.215,
15,PO2,198,-8.657,
15,PO2,199,-9.145,
15,PO2,200,-8.169,
15,PO2,201,-6.215,
15,PO2,202,-3.774,
15,PO2,203,-2.797,
15,PO2,204,-2.797,
15,PO2,205,-3.774,
15,PO2,206,-5.727,
15,PO2,207,-6.704,
15,PO2,208,-6.215,
15,PO2,209,-4.262,
15,PO2,210,-2.309,
15,PO2,211,-0.356,
15,PO2,212,0.132,
15,PO2,213,-0.356,
15,PO2,214,-0.844,
15,PO2,215,-1.333,
15,PO2,216,-1.333,
15,PO2,217,-0.356,
15,PO2,218,0.132,
15,PO2,219,0.621,
15,PO2,220,1.597,
15,PO2,221,2.085,
15,PO2,222,2.574,
15,PO2,223,3.062,
15,PO2,224,2.574,
15,PO2,225,1.109,
15,PO2,226,-0.356,
15,PO2,227,-0.844,
15,PO2,228,-0.356,
15,PO2,229,0.621,
15,PO2,230,3.062,
15,PO2,231,5.015,
15,PO2,232,7.456,
15,PO2,233,9.410,
15,PO2,234,11.363,
15,PO2,235,12.339,
15,PO2,236,11.851,
15,PO2,237,9.898,
15,PO2,238,6.968,
15,PO2,239,3.062,
15,PO2,240,0.621,
15,PO2,241,-0.356,
15,PO2,242,1.109,
15,PO2,243,4.038,
15,PO2,244,6.968,
15,PO2,245,8.921,
15,PO2,246,8.921,
15,PO2,247,6.968,
15,PO2,248,4.527,
15,PO2,249,1.597,
15,PO2,250,-0.844,
15,PO2,251,-3.286,
15,PO2,252,-5.727,
15,PO2,253,-7.192,
15,PO2,254,-7.680,
15,PO2,255,-5.727,
15,PO1,0,-2.970,
15,PO1,1,-2.970,
15,PO1,2,-3.947,
15,PO1,3,-4.924,
15,PO1,4,-6.388,
15,PO1,5,-8.341,
15,PO1,6,-9.318,
15,PO1,7,-9.806,
15,PO1,8,-9.806,
15,PO1,9,-9.318,
15,PO1,10,-6.877,
15,PO1,11,-2.482,
15,PO1,12,2.889,
15,PO1,13,7.284,
15,PO1,14,9.237,
15,PO1,15,8.748,
15,PO1,16,6.795,
15,PO1,17,4.842,
15,PO1,18,3.377,
15,PO1,19,2.401,
15,PO1,20,-0.041,
15,PO1,21,-2.970,
15,PO1,22,-6.877,
15,PO1,23,-10.295,
15,PO1,24,-12.736,
15,PO1,25,-13.713,
15,PO1,26,-13.713,
15,PO1,27,-13.713,
15,PO1,28,-13.224,
15,PO1,29,-12.248,
15,PO1,30,-10.295,
15,PO1,31,-7.365,
15,PO1,32,-4.435,
15,PO1,33,-1.994,
15,PO1,34,-0.529,
15,PO1,35,0.448,
15,PO1,36,0.936,
15,PO1,37,0.448,
15,PO1,38,-1.506,
15,PO1,39,-4.435,
15,PO1,40,-8.830,
15,PO1,41,-13.713,
15,PO1,42,-18.107,
15,PO1,43,-19.572,
15,PO1,44,-18.107,
15,PO1,45,-14.689,
15,PO1,46,-9.806,
15,PO1,47,-5.900,
15,PO1,48,-3.459,
15,PO1,49,-2.482,
15,PO1,50,-1.994,
15,PO1,51,-1.506,
15,PO1,52,-0.041,
15,PO1,53,1.912,
15,PO1,54,4.354,
15,PO1,55,7.284,
15,PO1,56,8.748,
15,PO1,57,8.748,
15,PO1,58,7.284,
15,PO1,59,4.842,
15,PO1,60,2.401,
15,PO1,61,0.448,
15,PO1,62,-1.017,
15,PO1,63,-1.994,
15,PO1,64,-2.970,
15,PO1,65,-4.435,
15,PO1,66,-4.924,
15,PO1,67,-3.947,
15,PO1,68,-2.482,
15,PO1,69,-1.017,
15,PO1,70,-1.017,
15,PO1,71,-1.994,
15,PO1,72,-3.459,
15,PO1,73,-4.924,
15,PO1,74,-5.412,
15,PO1,75,-4.924,
15,PO1,76,-3.459,
15,PO1,77,-1.506,
15,PO1,78,0.936,
15,PO1,79,2.401,
15,PO1,80,3.377,
15,PO1,81,3.866,
15,PO1,82,3.377,
15,PO1,83,3.377,
15,PO1,84,4.354,
15,PO1,85,6.307,
15,PO1,86,6.795,
15,PO1,87,5.819,
15,PO1,88,1.912,
15,PO1,89,-2.970,
15,PO1,90,-7.853,
15,PO1,91,-10.783,
15,PO1,92,-10.783,
15,PO1,93,-9.806,
15,PO1,94,-8.830,
15,PO1,95,-8.830,
15,PO1,96,-8.341,
15,PO1,97,-6.877,
15,PO1,98,-3.459,
15,PO1,99,1.424,
15,PO1,100,6.307,
15,PO1,101,8.748,
15,PO1,102,8.748,
15,PO1,103,6.795,
15,PO1,104,3.866,
15,PO1,105,1.912,
15,PO1,106,1.424,
15,PO1,107,1.424,
15,PO1,108,1.424,
15,PO1,109,3.377,
15,PO1,110,4.354,
15,PO1,111,4.842,
15,PO1,112,4.354,
15,PO1,113,2.401,
15,PO1,114,0.448,
15,PO1,115,-0.041,
15,PO1,116,0.448,
15,PO1,117,1.912,
15,PO1,118,2.889,
15,PO1,119,2.889,
15,PO1,120,2.401,
15,PO1,121,1.912,
15,PO1,122,2.401,
15,PO1,123,2.889,
15,PO1,124,2.401,
15,PO1,125,-0.041,
15,PO1,126,-2.482,
15,PO1,127,-3.947,
15,PO1,128,-3.459,
15,PO1,129,-0.529,
15,PO1,130,3.866,
15,PO1,131,7.772,
15,PO1,132,10.701,
15,PO1,133,11.190,
15,PO1,134,11.190,
15,PO1,135,10.213,
15,PO1,136,8.748,
15,PO1,137,7.772,
15,PO1,138,7.284,
15,PO1,139,7.284,
15,PO1,140,7.772,
15,PO1,141,8.260,
15,PO1,142,8.260,
15,PO1,143,7.772,
15,PO1,144,7.772,
15,PO1,145,7.284,
15,PO1,146,7.284,
15,PO1,147,5.819,
15,PO1,148,4.354,
15,PO1,149,2.889,
15,PO1,150,2.401,
15,PO1,151,3.377,
15,PO1,152,4.842,
15,PO1,153,5.330,
15,PO1,154,4.842,
15,PO1,155,3.377,
15,PO1,156,1.912,
15,PO1,157,1.424,
15,PO1,158,1.424,
15,PO1,159,1.912,
15,PO1,160,2.401,
15,PO1,161,1.912,
15,PO1,162,1.424,
15,PO1,163,0.448,
15,PO1,164,-0.041,
15,PO1,165,-0.529,
15,PO1,166,-1.017,
15,PO1,167,-1.506,
15,PO1,168,-1.994,
15,PO1,169,-1.994,
15,PO1,170,-1.994,
15,PO1,171,-1.506,
15,PO1,172,-1.017,
15,PO1,173,-0.041,
15,PO1,174,-0.041,
15,PO1,175,-0.041,
15,PO1,176,-0.041,
15,PO1,177,-0.529,
15,PO1,178,-0.529,
15,PO1,179,-1.994,
15,PO1,180,-3.459,
15,PO1,181,-4.924,
15,PO1,182,-6.388,
15,PO1,183,-7.365,
15,PO1,184,-8.341,
15,PO1,185,-9.318,
15,PO1,186,-10.783,
15,PO1,187,-11.759,
15,PO1,188,-11.759,
15,PO1,189,-8.830,
15,PO1,190,-4.435,
15,PO1,191,0.448,
15,PO1,192,3.866,
15,PO1,193,5.819,
15,PO1,194,5.330,
15,PO1,195,2.889,
15,PO1,196,-0.041,
15,PO1,197,-3.459,
15,PO1,198,-5.900,
15,PO1,199,-7.853,
15,PO1,200,-8.830,
15,PO1,201,-8.830,
15,PO1,202,-8.830,
15,PO1,203,-8.341,
15,PO1,204,-8.830,
15,PO1,205,-8.830,
15,PO1,206,-8.341,
15,PO1,207,-7.365,
15,PO1,208,-4.435,
15,PO1,209,-1.017,
15,PO1,210,2.401,
15,PO1,211,4.842,
15,PO1,212,5.819,
15,PO1,213,5.330,
15,PO1,214,3.377,
15,PO1,215,0.936,
15,PO1,216,-0.041,
15,PO1,217,-0.041,
15,PO1,218,0.448,
15,PO1,219,0.936,
15,PO1,220,0.936,
15,PO1,221,-1.017,
15,PO1,222,-3.459,
15,PO1,223,-6.877,
15,PO1,224,-10.295,
15,PO1,225,-12.736,
15,PO1,226,-12.736,
15,PO1,227,-10.783,
15,PO1,228,-6.877,
15,PO1,229,-1.506,
15,PO1,230,3.866,
15,PO1,231,8.260,
15,PO1,232,12.166,
15,PO1,233,15.584,
15,PO1,234,17.537,
15,PO1,235,18.026,
15,PO1,236,17.049,
15,PO1,237,13.631,
15,PO1,238,7.772,
15,PO1,239,1.424,
15,PO1,240,-3.459,
15,PO1,241,-5.900,
15,PO1,242,-6.388,
15,PO1,243,-4.924,
15,PO1,244,-3.459,
15,PO1,245,-2.970,
15,PO1,246,-3.459,
15,PO1,247,-5.412,
15,PO1,248,-7.365,
15,PO1,249,-8.830,
15,PO1,250,-9.806,
15,PO1,251,-9.806,
15,PO1,252,-9.318,
15,PO1,253,-8.341,
15,PO1,254,-5.900,
15,PO1,255,-2.482,
15,O2,0,-2.462,
15,O2,1,-3.927,
15,O2,2,-5.391,
15,O2,3,-7.345,
15,O2,4,-9.786,
15,O2,5,-11.251,
15,O2,6,-11.251,
15,O2,7,-10.763,
15,O2,8,-9.786,
15,O2,9,-8.321,
15,O2,10,-5.880,
15,O2,11,-2.950,
15,O2,12,0.468,
15,O2,13,5.351,
15,O2,14,8.769,
15,O2,15,11.210,
15,O2,16,10.722,
15,O2,17,8.280,
15,O2,18,5.351,
15,O2,19,3.886,
15,O2,20,2.909,
15,O2,21,1.933,
15,O2,22,-0.020,
15,O2,23,-3.927,
15,O2,24,-8.809,
15,O2,25,-12.227,
15,O2,26,-13.692,
15,O2,27,-13.204,
15,O2,28,-11.739,
15,O2,29,-10.274,
15,O2,30,-9.298,
15,O2,31,-8.321,
15,O2,32,-7.345,
15,O2,33,-4.903,
15,O2,34,-3.438,
15,O2,35,-1.973,
15,O2,36,-0.997,
15,O2,37,-0.997,
15,O2,38,-2.462,
15,O2,39,-5.391,
15,O2,40,-9.786,
15,O2,41,-15.157,
15,O2,42,-19.552,
15,O2,43,-21.993,
15,O2,44,-21.016,
15,O2,45,-17.110,
15,O2,46,-11.251,
15,O2,47,-4.415,
15,O2,48,1.444,
15,O2,49,4.862,
15,O2,50,6.327,
15,O2,51,6.816,
15,O2,52,6.327,
15,O2,53,7.792,
15,O2,54,11.698,
15,O2,55,16.581,
15,O2,56,20.487,
15,O2,57,21.952,
15,O2,58,19.511,
15,O2,59,15.605,
15,O2,60,10.722,
15,O2,61,7.304,
15,O2,62,6.327,
15,O2,63,5.351,
15,O2,64,3.886,
15,O2,65,1.444,
15,O2,66,-1.973,
15,O2,67,-3.927,
15,O2,68,-3.927,
15,O2,69,-2.462,
15,O2,70,-0.509,
15,O2,71,0.468,
15,O2,72,-0.020,
15,O2,73,-1.973,
15,O2,74,-3.438,
15,O2,75,-3.438,
15,O2,76,-1.485,
15,O2,77,2.421,
15,O2,78,7.304,
15,O2,79,11.210,
15,O2,80,13.163,
15,O2,81,13.163,
15,O2,82,11.210,
15,O2,83,9.257,
15,O2,84,7.792,
15,O2,85,7.792,
15,O2,86,8.280,
15,O2,87,7.792,
15,O2,88,4.862,
15,O2,89,-0.020,
15,O2,90,-6.368,
15,O2,91,-11.251,
15,O2,92,-13.692,
15,O2,93,-14.181,
15,O2,94,-13.204,
15,O2,95,-11.251,
15,O2,96,-8.321,
15,O2,97,-4.903,
15,O2,98,-0.020,
15,O2,99,4.374,
15,O2,100,8.280,
15,O2,101,11.210,
15,O2,102,12.187,
15,O2,103,11.698,
15,O2,104,9.745,
15,O2,105,6.327,
15,O2,106,2.909,
15,O2,107,-0.020,
15,O2,108,-1.485,
15,O2,109,-0.997,
15,O2,110,-0.509,
15,O2,111,-0.509,
15,O2,112,-1.973,
15,O2,113,-3.927,
15,O2,114,-4.903,
15,O2,115,-3.927,
15,O2,116,-0.997,
15,O2,117,1.933,
15,O2,118,3.398,
15,O2,119,3.886,
15,O2,120,3.398,
15,O2,121,2.909,
15,O2,122,3.398,
15,O2,123,3.398,
15,O2,124,2.421,
15,O2,125,1.444,
15,O2,126,0.956,
15,O2,127,0.956,
15,O2,128,1.933,
15,O2,129,2.909,
15,O2,130,4.374,
15,O2,131,5.839,
15,O2,132,7.304,
15,O2,133,8.769,
15,O2,134,8.769,
15,O2,135,7.792,
15,O2,136,6.816,
15,O2,137,6.327,
15,O2,138,7.304,
15,O2,139,9.745,
15,O2,140,11.698,
15,O2,141,13.652,
15,O2,142,15.116,
15,O2,143,16.093,
15,O2,144,17.558,
15,O2,145,19.023,
15,O2,146,19.023,
15,O2,147,16.581,
15,O2,148,12.675,
15,O2,149,8.769,
15,O2,150,6.816,
15,O2,151,6.816,
15,O2,152,8.280,
15,O2,153,10.234,
15,O2,154,10.722,
15,O2,155,11.210,
15,O2,156,11.698,
15,O2,157,12.187,
15,O2,158,13.163,
15,O2,159,13.652,
15,O2,160,12.675,
15,O2,161,10.722,
15,O2,162,9.745,
15,O2,163,8.769,
15,O2,164,9.257,
15,O2,165,9.745,
15,O2,166,8.769,
15,O2,167,7.304,
15,O2,168,5.839,
15,O2,169,3.886,
15,O2,170,2.909,
15,O2,171,2.421,
15,O2,172,2.909,
15,O2,173,4.374,
15,O2,174,5.839,
15,O2,175,6.816,
15,O2,176,6.327,
15,O2,177,5.839,
15,O2,178,4.374,
15,O2,179,2.421,
15,O2,180,0.468,
15,O2,181,-0.509,
15,O2,182,-1.973,
15,O2,183,-3.438,
15,O2,184,-4.903,
15,O2,185,-6.856,
15,O2,186,-8.321,
15,O2,187,-8.809,
15,O2,188,-8.321,
15,O2,189,-6.856,
15,O2,190,-3.927,
15,O2,191,-0.509,
15,O2,192,2.421,
15,O2,193,4.374,
15,O2,194,4.862,
15,O2,195,3.886,
15,O2,196,1.444,
15,O2,197,-1.485,
15,O2,198,-4.415,
15,O2,199,-5.391,
15,O2,200,-4.903,
15,O2,201,-3.438,
15,O2,202,-1.485,
15,O2,203,-0.509,
15,O2,204,-0.997,
15,O2,205,-2.462,
15,O2,206,-3.927,
15,O2,207,-3.927,
15,O2,208,-2.462,
15,O2,209,0.956,
15,O2,210,3.886,
15,O2,211,5.351,
15,O2,212,4.374,
15,O2,213,1.933,
15,O2,214,-0.509,
15,O2,215,-0.997,
15,O2,216,0.468,
15,O2,217,2.909,
15,O2,218,5.839,
15,O2,219,7.792,
15,O2,220,9.257,
15,O2,221,10.234,
15,O2,222,11.210,
15,O2,223,11.698,
15,O2,224,11.698,
15,O2,225,10.234,
15,O2,226,7.792,
15,O2,227,5.839,
15,O2,228,4.374,
15,O2,229,4.374,
15,O2,230,5.351,
15,O2,231,7.304,
15,O2,232,10.234,
15,O2,233,13.163,
15,O2,234,16.093,
15,O2,235,18.046,
15,O2,236,18.534,
15,O2,237,17.558,
15,O2,238,15.116,
15,O2,239,12.187,
15,O2,240,9.745,
15,O2,241,9.257,
15,O2,242,10.234,
15,O2,243,12.675,
15,O2,244,15.605,
15,O2,245,17.558,
15,O2,246,17.558,
15,O2,247,16.093,
15,O2,248,12.675,
15,O2,249,8.769,
15,O2,250,5.351,
15,O2,251,1.933,
15,O2,252,-0.509,
15,O2,253,-1.973,
15,O2,254,-1.973,
15,O2,255,0.468,
15,O1,0,-3.571,
15,O1,1,-3.571,
15,O1,2,-3.571,
15,O1,3,-4.059,
15,O1,4,-4.059,
15,O1,5,-3.571,
15,O1,6,-3.571,
15,O1,7,-3.571,
15,O1,8,-4.547,
15,O1,9,-5.524,
15,O1,10,-5.035,
15,O1,11,-2.106,
15,O1,12,3.265,
15,O1,13,9.125,
15,O1,14,13.519,
15,O1,15,14.984,
15,O1,16,13.519,
15,O1,17,10.590,
15,O1,18,8.148,
15,O1,19,5.707,
15,O1,20,3.754,
15,O1,21,0.336,
15,O1,22,-4.547,
15,O1,23,-8.942,
15,O1,24,-12.360,
15,O1,25,-13.824,
15,O1,26,-13.824,
15,O1,27,-13.336,
15,O1,28,-12.848,
15,O1,29,-11.383,
15,O1,30,-9.430,
15,O1,31,-6.012,
15,O1,32,-3.082,
15,O1,33,-0.153,
15,O1,34,1.801,
15,O1,35,3.265,
15,O1,36,3.754,
15,O1,37,3.754,
15,O1,38,1.801,
15,O1,39,-3.082,
15,O1,40,-8.942,
15,O1,41,-15.289,
15,O1,42,-19.684,
15,O1,43,-21.637,
15,O1,44,-19.684,
15,O1,45,-15.778,
15,O1,46,-11.383,
15,O1,47,-7.477,
15,O1,48,-4.547,
15,O1,49,-2.106,
15,O1,50,-0.641,
15,O1,51,1.312,
15,O1,52,3.265,
15,O1,53,6.683,
15,O1,54,11.078,
15,O1,55,16.449,
15,O1,56,20.355,
15,O1,57,21.820,
15,O1,58,19.867,
15,O1,59,14.984,
15,O1,60,9.125,
15,O1,61,4.730,
15,O1,62,2.289,
15,O1,63,0.824,
15,O1,64,0.336,
15,O1,65,-1.129,
15,O1,66,-2.106,
15,O1,67,-2.594,
15,O1,68,-3.082,
15,O1,69,-2.106,
15,O1,70,-1.617,
15,O1,71,-1.129,
15,O1,72,-1.617,
15,O1,73,-1.617,
15,O1,74,-1.617,
15,O1,75,-1.129,
15,O1,76,0.336,
15,O1,77,2.289,
15,O1,78,4.730,
15,O1,79,7.172,
15,O1,80,8.636,
15,O1,81,9.125,
15,O1,82,8.636,
15,O1,83,8.148,
15,O1,84,9.125,
15,O1,85,10.590,
15,O1,86,12.054,
15,O1,87,11.078,
15,O1,88,6.683,
15,O1,89,0.336,
15,O1,90,-6.989,
15,O1,91,-11.383,
15,O1,92,-12.848,
15,O1,93,-11.383,
15,O1,94,-9.430,
15,O1,95,-7.477,
15,O1,96,-6.012,
15,O1,97,-4.059,
15,O1,98,-0.153,
15,O1,99,4.730,
15,O1,100,10.101,
15,O1,101,14.008,
15,O1,102,14.496,
15,O1,103,12.543,
15,O1,104,8.636,
15,O1,105,5.219,
15,O1,106,3.265,
15,O1,107,3.265,
15,O1,108,3.754,
15,O1,109,4.730,
15,O1,110,4.730,
15,O1,111,4.242,
15,O1,112,2.289,
15,O1,113,0.336,
15,O1,114,-0.641,
15,O1,115,0.336,
15,O1,116,3.265,
15,O1,117,6.195,
15,O1,118,8.148,
15,O1,119,9.125,
15,O1,120,9.125,
15,O1,121,9.125,
15,O1,122,10.101,
15,O1,123,11.078,
15,O1,124,10.590,
15,O1,125,9.125,
15,O1,126,6.683,
15,O1,127,5.219,
15,O1,128,6.195,
15,O1,129,8.636,
15,O1,130,12.054,
15,O1,131,14.984,
15,O1,132,16.937,
15,O1,133,17.914,
15,O1,134,16.937,
15,O1,135,15.472,
15,O1,136,14.008,
15,O1,137,13.031,
15,O1,138,13.519,
15,O1,139,14.984,
15,O1,140,16.449,
15,O1,141,16.937,
15,O1,142,17.426,
15,O1,143,16.937,
15,O1,144,17.426,
15,O1,145,17.914,
15,O1,146,18.402,
15,O1,147,16.937,
15,O1,148,14.008,
15,O1,149,11.078,
15,O1,150,9.613,
15,O1,151,9.613,
15,O1,152,10.590,
15,O1,153,11.566,
15,O1,154,10.590,
15,O1,155,9.125,
15,O1,156,8.148,
15,O1,157,8.148,
15,O1,158,9.613,
15,O1,159,10.590,
15,O1,160,11.078,
15,O1,161,10.590,
15,O1,162,9.125,
15,O1,163,7.660,
15,O1,164,7.172,
15,O1,165,6.195,
15,O1,166,6.195,
15,O1,167,5.707,
15,O1,168,5.219,
15,O1,169,4.730,
15,O1,170,4.242,
15,O1,171,4.730,
15,O1,172,5.707,
15,O1,173,8.148,
15,O1,174,9.125,
15,O1,175,9.613,
15,O1,176,8.148,
15,O1,177,5.707,
15,O1,178,3.754,
15,O1,179,1.801,
15,O1,180,0.336,
15,O1,181,-0.641,
15,O1,182,-0.641,
15,O1,183,-1.129,
15,O1,184,-2.106,
15,O1,185,-4.059,
15,O1,186,-6.500,
15,O1,187,-8.453,
15,O1,188,-8.942,
15,O1,189,-6.012,
15,O1,190,-0.641,
15,O1,191,6.195,
15,O1,192,11.566,
15,O1,193,14.008,
15,O1,194,13.519,
15,O1,195,10.590,
15,O1,196,7.172,
15,O1,197,3.265,
15,O1,198,-0.153,
15,O1,199,-2.594,
15,O1,200,-4.547,
15,O1,201,-5.035,
15,O1,202,-5.035,
15,O1,203,-5.035,
15,O1,204,-5.524,
15,O1,205,-6.012,
15,O1,206,-5.524,
15,O1,207,-4.059,
15,O1,208,-0.153,
15,O1,209,5.219,
15,O1,210,10.101,
15,O1,211,14.008,
15,O1,212,14.008,
15,O1,213,12.054,
15,O1,214,8.636,
15,O1,215,5.219,
15,O1,216,3.754,
15,O1,217,4.242,
15,O1,218,6.195,
15,O1,219,8.148,
15,O1,220,8.636,
15,O1,221,7.660,
15,O1,222,4.730,
15,O1,223,1.312,
15,O1,224,-2.106,
15,O1,225,-3.571,
15,O1,226,-3.571,
15,O1,227,-2.106,
15,O1,228,-0.153,
15,O1,229,1.801,
15,O1,230,4.242,
15,O1,231,8.148,
15,O1,232,12.543,
15,O1,233,17.914,
15,O1,234,21.820,
15,O1,235,23.285,
15,O1,236,21.332,
15,O1,237,16.937,
15,O1,238,11.078,
15,O1,239,6.195,
15,O1,240,3.265,
15,O1,241,2.289,
15,O1,242,3.265,
15,O1,243,4.242,
15,O1,244,5.707,
15,O1,245,6.195,
15,O1,246,5.707,
15,O1,247,3.754,
15,O1,248,1.312,
15,O1,249,-0.641,
15,O1,250,-2.106,
15,O1,251,-2.106,
15,O1,252,-1.129,
15,O1,253,0.336,
15,O1,254,2.289,
15,O1,255,5.219,
15,X,0,-8.657,
15,X,1,-5.727,
15,X,2,-1.821,
15,X,3,2.085,
15,X,4,5.992,
15,X,5,9.410,
15,X,6,11.851,
15,X,7,12.339,
15,X,8,10.874,
15,X,9,7.456,
15,X,10,5.015,
15,X,11,3.550,
15,X,12,4.527,
15,X,13,6.968,
15,X,14,8.921,
15,X,15,9.898,
15,X,16,8.433,
15,X,17,5.015,
15,X,18,0.621,
15,X,19,-3.286,
15,X,20,-5.239,
15,X,21,-4.751,
15,X,22,-2.797,
15,X,23,-0.356,
15,X,24,1.109,
15,X,25,0.132,
15,X,26,-2.309,
15,X,27,-4.751,
15,X,28,-6.215,
15,X,29,-6.215,
15,X,30,-3.774,
15,X,31,0.132,
15,X,32,4.527,
15,X,33,11.363,
15,X,34,16.734,
15,X,35,21.128,
15,X,36,22.593,
15,X,37,21.128,
15,X,38,17.710,
15,X,39,14.781,
15,X,40,12.339,
15,X,41,9.898,
15,X,42,6.480,
15,X,43,2.574,
15,X,44,-0.356,
15,X,45,-1.333,
15,X,46,0.621,
15,X,47,3.062,
15,X,48,4.527,
15,X,49,4.038,
15,X,50,1.109,
15,X,51,-1.821,
15,X,52,-0.844,
15,X,53,3.550,
15,X,54,10.874,
15,X,55,18.199,
15,X,56,23.081,
15,X,57,25.035,
15,X,58,24.546,
15,X,59,23.081,
15,X,60,19.175,
15,X,61,13.804,
15,X,62,7.456,
15,X,63,1.109,
15,X,64,-2.797,
15,X,65,-3.774,
15,X,66,-2.797,
15,X,67,-1.821,
15,X,68,-1.821,
15,X,69,-2.309,
15,X,70,-2.797,
15,X,71,-1.333,
15,X,72,0.621,
15,X,73,2.085,
15,X,74,2.574,
15,X,75,3.062,
15,X,76,5.015,
15,X,77,9.410,
15,X,78,15.757,
15,X,79,21.128,
15,X,80,23.081,
15,X,81,20.640,
15,X,82,14.781,
15,X,83,7.456,
15,X,84,1.597,
15,X,85,-2.797,
15,X,86,-5.727,
15,X,87,-8.169,
15,X,88,-10.122,
15,X,89,-10.610,
15,X,90,-9.145,
15,X,91,-6.215,
15,X,92,-3.286,
15,X,93,-1.333,
15,X,94,-0.844,
15,X,95,-0.356,
15,X,96,0.621,
15,X,97,3.062,
15,X,98,5.015,
15,X,99,6.968,
15,X,100,6.480,
15,X,101,5.015,
15,X,102,3.062,
15,X,103,0.132,
15,X,104,-3.286,
15,X,105,-6.704,
15,X,106,-10.122,
15,X,107,-12.563,
15,X,108,-14.516,
15,X,109,-15.981,
15,X,110,-16.958,
15,X,111,-18.911,
15,X,112,-20.864,
15,X,113,-22.329,
15,X,114,-22.329,
15,X,115,-19.887,
15,X,116,-15.981,
15,X,117,-10.610,
15,X,118,-4.751,
15,X,119,0.621,
15,X,120,5.992,
15,X,121,10.386,
15,X,122,13.804,
15,X,123,15.269,
15,X,124,15.269,
15,X,125,13.804,
15,X,126,11.851,
15,X,127,10.874,
15,X,128,9.410,
15,X,129,7.456,
15,X,130,4.038,
15,X,131,-1.333,
15,X,132,-6.215,
15,X,133,-10.122,
15,X,134,-10.610,
15,X,135,-8.169,
15,X,136,-4.262,
15,X,137,-1.333,
15,X,138,0.132,
15,X,139,1.109,
15,X,140,1.597,
15,X,141,3.550,
15,X,142,5.503,
15,X,143,7.945,
15,X,144,10.386,
15,X,145,12.828,
15,X,146,14.292,
15,X,147,13.804,
15,X,148,10.874,
15,X,149,5.992,
15,X,150,1.109,
15,X,151,-1.821,
15,X,152,-1.333,
15,X,153,0.132,
15,X,154,0.132,
15,X,155,-3.286,
15,X,156,-7.680,
15,X,157,-10.610,
15,X,158,-9.633,
15,X,159,-5.727,
15,X,160,-1.333,
15,X,161,1.109,
15,X,162,1.109,
15,X,163,-0.356,
15,X,164,-0.844,
15,X,165,-0.356,
15,X,166,1.597,
15,X,167,3.062,
15,X,168,5.015,
15,X,169,6.480,
15,X,170,6.480,
15,X,171,4.527,
15,X,172,0.621,
15,X,173,-4.262,
15,X,174,-8.169,
15,X,175,-9.633,
15,X,176,-8.657,
15,X,177,-5.727,
15,X,178,-3.774,
15,X,179,-4.262,
15,X,180,-4.751,
15,X,181,-5.239,
15,X,182,-3.774,
15,X,183,-1.821,
15,X,184,-1.821,
15,X,185,-5.239,
15,X,186,-10.610,
15,X,187,-14.516,
15,X,188,-14.028,
15,X,189,-7.680,
15,X,190,1.597,
15,X,191,9.898,
15,X,192,13.804,
15,X,193,12.828,
15,X,194,9.410,
15,X,195,6.480,
15,X,196,6.968,
15,X,197,9.410,
15,X,198,9.898,
15,X,199,7.456,
15,X,200,1.109,
15,X,201,-5.239,
15,X,202,-9.145,
15,X,203,-8.657,
15,X,204,-5.239,
15,X,205,-1.821,
15,X,206,1.597,
15,X,207,3.550,
15,X,208,4.527,
15,X,209,5.992,
15,X,210,7.456,
15,X,211,7.456,
15,X,212,6.480,
15,X,213,5.503,
15,X,214,4.527,
15,X,215,4.038,
15,X,216,5.015,
15,X,217,6.480,
15,X,218,8.433,
15,X,219,9.898,
15,X,220,9.898,
15,X,221,10.386,
15,X,222,11.363,
15,X,223,13.316,
15,X,224,14.781,
15,X,225,13.804,
15,X,226,8.921,
15,X,227,1.597,
15,X,228,-4.751,
15,X,229,-7.680,
15,X,230,-4.751,
15,X,231,1.109,
15,X,232,6.480,
15,X,233,9.410,
15,X,234,9.410,
15,X,235,5.992,
15,X,236,3.062,
15,X,237,1.597,
15,X,238,2.085,
15,X,239,4.038,
15,X,240,6.968,
15,X,241,9.898,
15,X,242,11.363,
15,X,243,13.316,
15,X,244,14.781,
15,X,245,16.246,
15,X,246,16.734,
15,X,247,15.757,
15,X,248,12.339,
15,X,249,7.456,
15,X,250,3.062,
15,X,251,0.132,
15,X,252,0.132,
15,X,253,3.550,
15,X,254,8.921,
15,X,255,14.292,
15,AF7,0,-4.354,
15,AF7,1,-2.889,
15,AF7,2,1.017,
15,AF7,3,6.877,
15,AF7,4,13.224,
15,AF7,5,17.619,
15,AF7,6,18.107,
15,AF7,7,15.177,
15,AF7,8,11.759,
15,AF7,9,8.830,
15,AF7,10,7.853,
15,AF7,11,7.853,
15,AF7,12,8.341,
15,AF7,13,8.830,
15,AF7,14,10.295,
15,AF7,15,12.248,
15,AF7,16,12.736,
15,AF7,17,10.783,
15,AF7,18,6.877,
15,AF7,19,3.459,
15,AF7,20,2.482,
15,AF7,21,1.994,
15,AF7,22,1.994,
15,AF7,23,0.529,
15,AF7,24,0.041,
15,AF7,25,1.506,
15,AF7,26,4.435,
15,AF7,27,6.877,
15,AF7,28,7.365,
15,AF7,29,6.877,
15,AF7,30,6.877,
15,AF7,31,8.830,
15,AF7,32,14.201,
15,AF7,33,19.084,
15,AF7,34,22.502,
15,AF7,35,22.502,
15,AF7,36,19.572,
15,AF7,37,16.642,
15,AF7,38,14.201,
15,AF7,39,12.736,
15,AF7,40,10.783,
15,AF7,41,7.853,
15,AF7,42,4.924,
15,AF7,43,2.970,
15,AF7,44,1.994,
15,AF7,45,1.994,
15,AF7,46,2.482,
15,AF7,47,1.994,
15,AF7,48,1.506,
15,AF7,49,1.017,
15,AF7,50,1.506,
15,AF7,51,3.947,
15,AF7,52,7.365,
15,AF7,53,11.271,
15,AF7,54,14.689,
15,AF7,55,18.107,
15,AF7,56,19.572,
15,AF7,57,19.572,
15,AF7,58,18.595,
15,AF7,59,16.154,
15,AF7,60,13.713,
15,AF7,61,10.783,
15,AF7,62,6.877,
15,AF7,63,3.459,
15,AF7,64,1.506,
15,AF7,65,1.506,
15,AF7,66,1.994,
15,AF7,67,1.017,
15,AF7,68,-0.448,
15,AF7,69,-0.936,
15,AF7,70,-0.448,
15,AF7,71,1.506,
15,AF7,72,1.506,
15,AF7,73,0.529,
15,AF7,74,1.506,
15,AF7,75,6.388,
15,AF7,76,15.177,
15,AF7,77,22.013,
15,AF7,78,24.943,
15,AF7,79,23.966,
15,AF7,80,21.525,
15,AF7,81,17.619,
15,AF7,82,10.783,
15,AF7,83,1.994,
15,AF7,84,-5.819,
15,AF7,85,-10.213,
15,AF7,86,-10.213,
15,AF7,87,-8.748,
15,AF7,88,-7.284,
15,AF7,89,-6.307,
15,AF7,90,-2.889,
15,AF7,91,1.017,
15,AF7,92,3.947,
15,AF7,93,4.924,
15,AF7,94,4.924,
15,AF7,95,5.412,
15,AF7,96,5.900,
15,AF7,97,4.924,
15,AF7,98,1.506,
15,AF7,99,-1.424,
15,AF7,100,-1.912,
15,AF7,101,-1.424,
15,AF7,102,-0.936,
15,AF7,103,-2.889,
15,AF7,104,-6.307,
15,AF7,105,-8.748,
15,AF7,106,-10.213,
15,AF7,107,-11.190,
15,AF7,108,-13.143,
15,AF7,109,-15.096,
15,AF7,110,-16.561,
15,AF7,111,-17.049,
15,AF7,112,-18.026,
15,AF7,113,-19.491,
15,AF7,114,-19.979,
15,AF7,115,-17.537,
15,AF7,116,-13.143,
15,AF7,117,-7.284,
15,AF7,118,-1.424,
15,AF7,119,4.435,
15,AF7,120,10.295,
15,AF7,121,15.177,
15,AF7,122,17.619,
15,AF7,123,17.619,
15,AF7,124,14.689,
15,AF7,125,11.759,
15,AF7,126,8.830,
15,AF7,127,6.877,
15,AF7,128,2.970,
15,AF7,129,-2.401,
15,AF7,130,-8.748,
15,AF7,131,-13.631,
15,AF7,132,-15.096,
15,AF7,133,-14.608,
15,AF7,134,-12.655,
15,AF7,135,-11.190,
15,AF7,136,-10.213,
15,AF7,137,-8.260,
15,AF7,138,-5.330,
15,AF7,139,-1.424,
15,AF7,140,1.506,
15,AF7,141,3.459,
15,AF7,142,3.947,
15,AF7,143,4.924,
15,AF7,144,6.388,
15,AF7,145,6.388,
15,AF7,146,4.924,
15,AF7,147,2.482,
15,AF7,148,1.017,
15,AF7,149,1.017,
15,AF7,150,2.482,
15,AF7,151,3.947,
15,AF7,152,2.970,
15,AF7,153,-1.424,
15,AF7,154,-8.260,
15,AF7,155,-13.143,
15,AF7,156,-13.631,
15,AF7,157,-10.701,
15,AF7,158,-6.795,
15,AF7,159,-5.330,
15,AF7,160,-5.330,
15,AF7,161,-3.866,
15,AF7,162,-1.912,
15,AF7,163,0.041,
15,AF7,164,0.041,
15,AF7,165,-0.936,
15,AF7,166,-0.448,
15,AF7,167,2.482,
15,AF7,168,5.412,
15,AF7,169,6.388,
15,AF7,170,3.947,
15,AF7,171,-0.448,
15,AF7,172,-4.354,
15,AF7,173,-6.795,
15,AF7,174,-9.237,
15,AF7,175,-9.725,
15,AF7,176,-7.772,
15,AF7,177,-5.330,
15,AF7,178,-1.912,
15,AF7,179,-0.936,
15,AF7,180,-0.936,
15,AF7,181,-0.448,
15,AF7,182,0.529,
15,AF7,183,1.017,
15,AF7,184,-1.912,
15,AF7,185,-5.330,
15,AF7,186,-7.284,
15,AF7,187,-5.330,
15,AF7,188,-0.448,
15,AF7,189,4.924,
15,AF7,190,9.318,
15,AF7,191,11.271,
15,AF7,192,10.295,
15,AF7,193,6.877,
15,AF7,194,2.970,
15,AF7,195,0.529,
15,AF7,196,1.017,
15,AF7,197,2.970,
15,AF7,198,4.924,
15,AF7,199,5.412,
15,AF7,200,4.435,
15,AF7,201,2.482,
15,AF7,202,0.041,
15,AF7,203,-1.912,
15,AF7,204,-2.401,
15,AF7,205,-1.912,
15,AF7,206,-0.936,
15,AF7,207,1.017,
15,AF7,208,2.970,
15,AF7,209,4.924,
15,AF7,210,5.412,
15,AF7,211,3.459,
15,AF7,212,0.041,
15,AF7,213,-2.889,
15,AF7,214,-1.912,
15,AF7,215,2.970,
15,AF7,216,7.853,
15,AF7,217,8.830,
15,AF7,218,5.900,
15,AF7,219,1.994,
15,AF7,220,0.041,
15,AF7,221,2.970,
15,AF7,222,6.877,
15,AF7,223,9.318,
15,AF7,224,8.341,
15,AF7,225,5.900,
15,AF7,226,1.994,
15,AF7,227,-1.424,
15,AF7,228,-5.330,
15,AF7,229,-6.795,
15,AF7,230,-5.330,
15,AF7,231,-1.912,
15,AF7,232,1.994,
15,AF7,233,2.970,
15,AF7,234,1.994,
15,AF7,235,-0.448,
15,AF7,236,-1.912,
15,AF7,237,-1.912,
15,AF7,238,-0.448,
15,AF7,239,0.529,
15,AF7,240,0.529,
15,AF7,241,0.529,
15,AF7,242,1.994,
15,AF7,243,5.412,
15,AF7,244,10.295,
15,AF7,245,12.736,
15,AF7,246,12.248,
15,AF7,247,8.830,
15,AF7,248,5.900,
15,AF7,249,3.947,
15,AF7,250,3.947,
15,AF7,251,3.459,
15,AF7,252,1.994,
15,AF7,253,1.506,
15,AF7,254,2.970,
15,AF7,255,5.900,
15,AF8,0,-10.671,
15,AF8,1,-7.253,
15,AF8,2,1.048,
15,AF8,3,10.325,
15,AF8,4,14.720,
15,AF8,5,13.255,
15,AF8,6,9.349,
15,AF8,7,7.395,
15,AF8,8,7.395,
15,AF8,9,6.907,
15,AF8,10,3.977,
15,AF8,11,0.559,
15,AF8,12,0.071,
15,AF8,13,2.513,
15,AF8,14,6.419,
15,AF8,15,8.372,
15,AF8,16,7.395,
15,AF8,17,5.442,
15,AF8,18,3.489,
15,AF8,19,1.536,
15,AF8,20,0.559,
15,AF8,21,0.559,
15,AF8,22,1.536,
15,AF8,23,2.513,
15,AF8,24,1.536,
15,AF8,25,-0.905,
15,AF8,26,-2.858,
15,AF8,27,-2.858,
15,AF8,28,-0.417,
15,AF8,29,3.489,
15,AF8,30,6.419,
15,AF8,31,8.860,
15,AF8,32,12.767,
15,AF8,33,17.649,
15,AF8,34,22.044,
15,AF8,35,23.509,
15,AF8,36,21.067,
15,AF8,37,17.161,
15,AF8,38,12.278,
15,AF8,39,7.395,
15,AF8,40,3.489,
15,AF8,41,2.513,
15,AF8,42,3.489,
15,AF8,43,5.442,
15,AF8,44,6.907,
15,AF8,45,6.419,
15,AF8,46,7.395,
15,AF8,47,8.860,
15,AF8,48,9.837,
15,AF8,49,7.884,
15,AF8,50,4.466,
15,AF8,51,3.489,
15,AF8,52,5.931,
15,AF8,53,10.813,
15,AF8,54,14.720,
15,AF8,55,16.184,
15,AF8,56,16.673,
15,AF8,57,18.626,
15,AF8,58,20.091,
15,AF8,59,20.091,
15,AF8,60,16.184,
15,AF8,61,10.325,
15,AF8,62,4.954,
15,AF8,63,1.536,
15,AF8,64,-1.394,
15,AF8,65,-4.323,
15,AF8,66,-5.300,
15,AF8,67,-3.347,
15,AF8,68,1.536,
15,AF8,69,5.442,
15,AF8,70,5.442,
15,AF8,71,2.513,
15,AF8,72,0.071,
15,AF8,73,1.536,
15,AF8,74,4.954,
15,AF8,75,8.860,
15,AF8,76,11.302,
15,AF8,77,13.743,
15,AF8,78,17.161,
15,AF8,79,21.556,
15,AF8,80,24.974,
15,AF8,81,26.438,
15,AF8,82,23.020,
15,AF8,83,16.184,
15,AF8,84,8.372,
15,AF8,85,1.536,
15,AF8,86,-2.370,
15,AF8,87,-4.323,
15,AF8,88,-4.323,
15,AF8,89,-3.347,
15,AF8,90,-0.905,
15,AF8,91,1.048,
15,AF8,92,3.001,
15,AF8,93,6.419,
15,AF8,94,10.325,
15,AF8,95,13.255,
15,AF8,96,13.255,
15,AF8,97,10.813,
15,AF8,98,7.395,
15,AF8,99,6.419,
15,AF8,100,7.395,
15,AF8,101,8.372,
15,AF8,102,7.395,
15,AF8,103,5.931,
15,AF8,104,5.442,
15,AF8,105,6.907,
15,AF8,106,6.907,
15,AF8,107,3.489,
15,AF8,108,-3.347,
15,AF8,109,-8.718,
15,AF8,110,-10.671,
15,AF8,111,-10.183,
15,AF8,112,-9.694,
15,AF8,113,-10.183,
15,AF8,114,-10.671,
15,AF8,115,-7.741,
15,AF8,116,-4.323,
15,AF8,117,-1.882,
15,AF8,118,-1.882,
15,AF8,119,-0.905,
15,AF8,120,5.442,
15,AF8,121,14.231,
15,AF8,122,21.556,
15,AF8,123,22.532,
15,AF8,124,17.649,
15,AF8,125,11.302,
15,AF8,126,6.419,
15,AF8,127,3.489,
15,AF8,128,-0.905,
15,AF8,129,-6.765,
15,AF8,130,-10.671,
15,AF8,131,-10.183,
15,AF8,132,-5.788,
15,AF8,133,-2.858,
15,AF8,134,-4.323,
15,AF8,135,-8.718,
15,AF8,136,-12.624,
15,AF8,137,-11.159,
15,AF8,138,-6.276,
15,AF8,139,-1.882,
15,AF8,140,1.536,
15,AF8,141,3.489,
15,AF8,142,4.954,
15,AF8,143,6.419,
15,AF8,144,6.907,
15,AF8,145,6.419,
15,AF8,146,6.419,
15,AF8,147,6.907,
15,AF8,148,7.395,
15,AF8,149,5.442,
15,AF8,150,2.513,
15,AF8,151,0.559,
15,AF8,152,1.536,
15,AF8,153,3.977,
15,AF8,154,3.489,
15,AF8,155,-0.417,
15,AF8,156,-4.812,
15,AF8,157,-5.300,
15,AF8,158,-1.882,
15,AF8,159,2.024,
15,AF8,160,2.513,
15,AF8,161,0.559,
15,AF8,162,-0.905,
15,AF8,163,2.024,
15,AF8,164,6.419,
15,AF8,165,7.884,
15,AF8,166,6.419,
15,AF8,167,3.977,
15,AF8,168,4.466,
15,AF8,169,6.907,
15,AF8,170,7.395,
15,AF8,171,3.489,
15,AF8,172,-0.905,
15,AF8,173,-3.347,
15,AF8,174,-2.370,
15,AF8,175,-0.417,
15,AF8,176,0.071,
15,AF8,177,-0.417,
15,AF8,178,0.559,
15,AF8,179,1.048,
15,AF8,180,0.559,
15,AF8,181,-1.394,
15,AF8,182,-1.882,
15,AF8,183,1.048,
15,AF8,184,5.931,
15,AF8,185,8.860,
15,AF8,186,6.419,
15,AF8,187,2.024,
15,AF8,188,-0.417,
15,AF8,189,1.536,
15,AF8,190,5.442,
15,AF8,191,7.884,
15,AF8,192,7.884,
15,AF8,193,7.395,
15,AF8,194,8.860,
15,AF8,195,12.278,
15,AF8,196,14.231,
15,AF8,197,14.231,
15,AF8,198,12.767,
15,AF8,199,10.325,
15,AF8,200,6.907,
15,AF8,201,2.024,
15,AF8,202,-1.882,
15,AF8,203,-1.882,
15,AF8,204,3.489,
15,AF8,205,10.325,
15,AF8,206,13.255,
15,AF8,207,10.813,
15,AF8,208,5.931,
15,AF8,209,3.489,
15,AF8,210,4.954,
15,AF8,211,7.884,
15,AF8,212,8.372,
15,AF8,213,7.395,
15,AF8,214,5.442,
15,AF8,215,5.931,
15,AF8,216,9.349,
15,AF8,217,13.255,
15,AF8,218,15.208,
15,AF8,219,13.743,
15,AF8,220,12.767,
15,AF8,221,13.255,
15,AF8,222,16.184,
15,AF8,223,19.602,
15,AF8,224,19.114,
15,AF8,225,13.255,
15,AF8,226,3.977,
15,AF8,227,-3.835,
15,AF8,228,-6.765,
15,AF8,229,-3.347,
15,AF8,230,3.001,
15,AF8,231,7.884,
15,AF8,232,10.325,
15,AF8,233,8.860,
15,AF8,234,5.442,
15,AF8,235,0.071,
15,AF8,236,-3.835,
15,AF8,237,-6.276,
15,AF8,238,-5.300,
15,AF8,239,-1.882,
15,AF8,240,2.513,
15,AF8,241,9.349,
15,AF8,242,17.161,
15,AF8,243,22.044,
15,AF8,244,20.579,
15,AF8,245,13.743,
15,AF8,246,6.907,
15,AF8,247,4.466,
15,AF8,248,6.907,
15,AF8,249,7.884,
15,AF8,250,4.466,
15,AF8,251,-1.882,
15,AF8,252,-5.300,
15,AF8,253,-1.882,
15,AF8,254,5.931,
15,AF8,255,13.743,
15,F5,0,-4.262,
15,F5,1,-3.286,
15,F5,2,0.621,
15,F5,3,5.503,
15,F5,4,9.410,
15,F5,5,11.851,
15,F5,6,13.804,
15,F5,7,13.804,
15,F5,8,12.339,
15,F5,9,9.898,
15,F5,10,8.433,
15,F5,11,7.945,
15,F5,12,8.433,
15,F5,13,7.456,
15,F5,14,6.968,
15,F5,15,6.480,
15,F5,16,6.968,
15,F5,17,6.480,
15,F5,18,5.015,
15,F5,19,2.574,
15,F5,20,1.597,
15,F5,21,1.597,
15,F5,22,2.085,
15,F5,23,1.597,
15,F5,24,0.621,
15,F5,25,-0.356,
15,F5,26,-0.356,
15,F5,27,1.109,
15,F5,28,3.062,
15,F5,29,5.015,
15,F5,30,6.968,
15,F5,31,10.386,
15,F5,32,13.804,
15,F5,33,15.269,
15,F5,34,15.757,
15,F5,35,13.804,
15,F5,36,12.339,
15,F5,37,11.851,
15,F5,38,11.363,
15,F5,39,9.898,
15,F5,40,7.945,
15,F5,41,6.480,
15,F5,42,4.527,
15,F5,43,3.062,
15,F5,44,1.109,
15,F5,45,-0.844,
15,F5,46,-2.309,
15,F5,47,-2.797,
15,F5,48,-1.333,
15,F5,49,0.132,
15,F5,50,2.085,
15,F5,51,4.038,
15,F5,52,5.992,
15,F5,53,8.921,
15,F5,54,11.363,
15,F5,55,12.828,
15,F5,56,13.316,
15,F5,57,13.316,
15,F5,58,13.316,
15,F5,59,12.339,
15,F5,60,10.386,
15,F5,61,7.945,
15,F5,62,5.015,
15,F5,63,3.550,
15,F5,64,3.550,
15,F5,65,4.038,
15,F5,66,3.550,
15,F5,67,1.597,
15,F5,68,-0.356,
15,F5,69,-1.333,
15,F5,70,-0.356,
15,F5,71,1.109,
15,F5,72,2.574,
15,F5,73,4.038,
15,F5,74,6.968,
15,F5,75,13.316,
15,F5,76,19.663,
15,F5,77,23.570,
15,F5,78,24.058,
15,F5,79,21.128,
15,F5,80,16.246,
15,F5,81,9.898,
15,F5,82,3.062,
15,F5,83,-3.774,
15,F5,84,-9.633,
15,F5,85,-13.051,
15,F5,86,-13.051,
15,F5,87,-10.610,
15,F5,88,-6.704,
15,F5,89,-3.286,
15,F5,90,-0.356,
15,F5,91,2.085,
15,F5,92,4.038,
15,F5,93,5.503,
15,F5,94,5.015,
15,F5,95,3.550,
15,F5,96,2.574,
15,F5,97,1.109,
15,F5,98,0.132,
15,F5,99,-0.844,
15,F5,100,-2.797,
15,F5,101,-3.774,
15,F5,102,-4.262,
15,F5,103,-5.239,
15,F5,104,-5.727,
15,F5,105,-6.704,
15,F5,106,-7.192,
15,F5,107,-8.657,
15,F5,108,-10.122,
15,F5,109,-12.075,
15,F5,110,-14.028,
15,F5,111,-15.981,
15,F5,112,-16.958,
15,F5,113,-16.958,
15,F5,114,-16.469,
15,F5,115,-15.493,
15,F5,116,-12.563,
15,F5,117,-8.169,
15,F5,118,-1.821,
15,F5,119,4.527,
15,F5,120,9.898,
15,F5,121,13.316,
15,F5,122,15.269,
15,F5,123,15.269,
15,F5,124,12.828,
15,F5,125,9.898,
15,F5,126,6.480,
15,F5,127,3.550,
15,F5,128,0.132,
15,F5,129,-3.774,
15,F5,130,-8.657,
15,F5,131,-11.587,
15,F5,132,-12.563,
15,F5,133,-11.587,
15,F5,134,-10.122,
15,F5,135,-9.633,
15,F5,136,-9.633,
15,F5,137,-9.145,
15,F5,138,-7.192,
15,F5,139,-4.262,
15,F5,140,-0.844,
15,F5,141,2.085,
15,F5,142,4.527,
15,F5,143,5.015,
15,F5,144,5.015,
15,F5,145,3.550,
15,F5,146,2.574,
15,F5,147,2.574,
15,F5,148,3.062,
15,F5,149,3.550,
15,F5,150,3.550,
15,F5,151,2.574,
15,F5,152,0.132,
15,F5,153,-3.286,
15,F5,154,-7.680,
15,F5,155,-10.610,
15,F5,156,-10.610,
15,F5,157,-9.145,
15,F5,158,-7.680,
15,F5,159,-7.192,
15,F5,160,-6.704,
15,F5,161,-5.727,
15,F5,162,-3.774,
15,F5,163,-1.333,
15,F5,164,0.621,
15,F5,165,1.597,
15,F5,166,2.574,
15,F5,167,4.038,
15,F5,168,5.503,
15,F5,169,6.480,
15,F5,170,5.503,
15,F5,171,1.109,
15,F5,172,-2.797,
15,F5,173,-6.215,
15,F5,174,-7.192,
15,F5,175,-6.215,
15,F5,176,-4.751,
15,F5,177,-3.286,
15,F5,178,-2.797,
15,F5,179,-1.821,
15,F5,180,0.132,
15,F5,181,2.085,
15,F5,182,4.038,
15,F5,183,3.550,
15,F5,184,1.597,
15,F5,185,0.132,
15,F5,186,-0.356,
15,F5,187,0.621,
15,F5,188,2.574,
15,F5,189,5.503,
15,F5,190,8.433,
15,F5,191,9.410,
15,F5,192,8.433,
15,F5,193,5.503,
15,F5,194,2.574,
15,F5,195,2.085,
15,F5,196,3.062,
15,F5,197,5.015,
15,F5,198,5.503,
15,F5,199,5.992,
15,F5,200,5.015,
15,F5,201,3.550,
15,F5,202,0.621,
15,F5,203,-1.333,
15,F5,204,-1.821,
15,F5,205,-0.844,
15,F5,206,1.109,
15,F5,207,2.085,
15,F5,208,2.085,
15,F5,209,2.085,
15,F5,210,3.062,
15,F5,211,3.550,
15,F5,212,2.085,
15,F5,213,-0.356,
15,F5,214,-1.821,
15,F5,215,-0.844,
15,F5,216,2.085,
15,F5,217,3.550,
15,F5,218,1.597,
15,F5,219,-2.309,
15,F5,220,-4.262,
15,F5,221,-2.797,
15,F5,222,0.621,
15,F5,223,5.015,
15,F5,224,6.480,
15,F5,225,5.503,
15,F5,226,2.085,
15,F5,227,-1.821,
15,F5,228,-5.239,
15,F5,229,-6.704,
15,F5,230,-5.727,
15,F5,231,-2.797,
15,F5,232,0.621,
15,F5,233,2.574,
15,F5,234,2.085,
15,F5,235,-0.844,
15,F5,236,-2.797,
15,F5,237,-3.774,
15,F5,238,-3.774,
15,F5,239,-3.286,
15,F5,240,-2.797,
15,F5,241,-1.821,
15,F5,242,0.621,
15,F5,243,4.038,
15,F5,244,6.968,
15,F5,245,8.921,
15,F5,246,9.410,
15,F5,247,7.456,
15,F5,248,4.527,
15,F5,249,2.085,
15,F5,250,0.621,
15,F5,251,0.621,
15,F5,252,0.621,
15,F5,253,1.597,
15,F5,254,2.574,
15,F5,255,3.550,
15,F6,0,-3.031,
15,F6,1,-1.567,
15,F6,2,0.875,
15,F6,3,4.293,
15,F6,4,7.222,
15,F6,5,10.152,
15,F6,6,11.129,
15,F6,7,10.640,
15,F6,8,7.711,
15,F6,9,4.293,
15,F6,10,1.363,
15,F6,11,0.875,
15,F6,12,1.851,
15,F6,13,4.293,
15,F6,14,5.758,
15,F6,15,6.734,
15,F6,16,5.758,
15,F6,17,2.828,
15,F6,18,-0.102,
15,F6,19,-2.055,
15,F6,20,-1.078,
15,F6,21,0.387,
15,F6,22,2.340,
15,F6,23,2.828,
15,F6,24,2.828,
15,F6,25,2.828,
15,F6,26,2.828,
15,F6,27,3.316,
15,F6,28,3.316,
15,F6,29,3.316,
15,F6,30,3.805,
15,F6,31,5.758,
15,F6,32,10.152,
15,F6,33,15.035,
15,F6,34,19.918,
15,F6,35,21.871,
15,F6,36,21.383,
15,F6,37,17.965,
15,F6,38,13.082,
15,F6,39,8.199,
15,F6,40,4.781,
15,F6,41,3.805,
15,F6,42,3.316,
15,F6,43,4.781,
15,F6,44,7.222,
15,F6,45,10.152,
15,F6,46,12.105,
15,F6,47,11.617,
15,F6,48,9.664,
15,F6,49,7.711,
15,F6,50,5.758,
15,F6,51,5.758,
15,F6,52,6.246,
15,F6,53,8.199,
15,F6,54,10.152,
15,F6,55,12.105,
15,F6,56,14.058,
15,F6,57,17.476,
15,F6,58,20.406,
15,F6,59,21.383,
15,F6,60,18.941,
15,F6,61,12.594,
15,F6,62,5.758,
15,F6,63,0.875,
15,F6,64,-1.567,
15,F6,65,-1.567,
15,F6,66,-1.078,
15,F6,67,-0.102,
15,F6,68,1.363,
15,F6,69,3.805,
15,F6,70,4.781,
15,F6,71,4.293,
15,F6,72,2.828,
15,F6,73,1.363,
15,F6,74,2.340,
15,F6,75,5.269,
15,F6,76,9.176,
15,F6,77,12.105,
15,F6,78,15.035,
15,F6,79,17.965,
15,F6,80,18.453,
15,F6,81,16.988,
15,F6,82,13.570,
15,F6,83,10.152,
15,F6,84,6.734,
15,F6,85,3.805,
15,F6,86,1.363,
15,F6,87,-0.102,
15,F6,88,-1.567,
15,F6,89,-2.543,
15,F6,90,-2.543,
15,F6,91,-0.590,
15,F6,92,1.851,
15,F6,93,5.269,
15,F6,94,8.199,
15,F6,95,9.176,
15,F6,96,9.176,
15,F6,97,7.222,
15,F6,98,4.293,
15,F6,99,1.851,
15,F6,100,2.340,
15,F6,101,4.293,
15,F6,102,6.246,
15,F6,103,6.734,
15,F6,104,5.758,
15,F6,105,3.316,
15,F6,106,1.363,
15,F6,107,-1.078,
15,F6,108,-4.008,
15,F6,109,-6.449,
15,F6,110,-9.867,
15,F6,111,-11.820,
15,F6,112,-13.285,
15,F6,113,-12.309,
15,F6,114,-10.356,
15,F6,115,-6.938,
15,F6,116,-3.031,
15,F6,117,-0.102,
15,F6,118,1.851,
15,F6,119,2.828,
15,F6,120,3.805,
15,F6,121,6.734,
15,F6,122,11.129,
15,F6,123,13.570,
15,F6,124,12.594,
15,F6,125,9.176,
15,F6,126,4.293,
15,F6,127,0.387,
15,F6,128,-3.520,
15,F6,129,-5.961,
15,F6,130,-7.426,
15,F6,131,-7.914,
15,F6,132,-6.938,
15,F6,133,-6.449,
15,F6,134,-7.426,
15,F6,135,-8.403,
15,F6,136,-8.891,
15,F6,137,-7.914,
15,F6,138,-4.985,
15,F6,139,-1.567,
15,F6,140,1.851,
15,F6,141,4.293,
15,F6,142,6.246,
15,F6,143,7.222,
15,F6,144,7.222,
15,F6,145,6.246,
15,F6,146,5.269,
15,F6,147,4.781,
15,F6,148,4.781,
15,F6,149,4.293,
15,F6,150,3.316,
15,F6,151,2.828,
15,F6,152,1.851,
15,F6,153,0.387,
15,F6,154,-2.055,
15,F6,155,-4.496,
15,F6,156,-5.473,
15,F6,157,-4.008,
15,F6,158,-1.567,
15,F6,159,0.387,
15,F6,160,1.851,
15,F6,161,1.363,
15,F6,162,0.875,
15,F6,163,0.875,
15,F6,164,0.875,
15,F6,165,1.363,
15,F6,166,1.851,
15,F6,167,2.828,
15,F6,168,4.781,
15,F6,169,6.246,
15,F6,170,6.246,
15,F6,171,3.316,
15,F6,172,-1.567,
15,F6,173,-5.473,
15,F6,174,-6.449,
15,F6,175,-4.985,
15,F6,176,-2.055,
15,F6,177,-0.102,
15,F6,178,-0.102,
15,F6,179,-1.567,
15,F6,180,-2.543,
15,F6,181,-2.055,
15,F6,182,-0.102,
15,F6,183,0.875,
15,F6,184,0.875,
15,F6,185,0.387,
15,F6,186,-0.102,
15,F6,187,0.875,
15,F6,188,1.363,
15,F6,189,1.851,
15,F6,190,3.316,
15,F6,191,3.805,
15,F6,192,3.805,
15,F6,193,2.828,
15,F6,194,3.316,
15,F6,195,4.293,
15,F6,196,6.246,
15,F6,197,7.222,
15,F6,198,7.222,
15,F6,199,5.269,
15,F6,200,2.828,
15,F6,201,-0.590,
15,F6,202,-2.055,
15,F6,203,-1.567,
15,F6,204,1.363,
15,F6,205,4.293,
15,F6,206,5.758,
15,F6,207,4.781,
15,F6,208,2.340,
15,F6,209,0.387,
15,F6,210,-0.590,
15,F6,211,-0.102,
15,F6,212,-0.102,
15,F6,213,-0.102,
15,F6,214,0.387,
15,F6,215,2.340,
15,F6,216,4.781,
15,F6,217,5.758,
15,F6,218,5.269,
15,F6,219,4.293,
15,F6,220,4.781,
15,F6,221,6.734,
15,F6,222,10.152,
15,F6,223,12.594,
15,F6,224,11.617,
15,F6,225,7.222,
15,F6,226,0.875,
15,F6,227,-4.985,
15,F6,228,-7.426,
15,F6,229,-5.961,
15,F6,230,-2.055,
15,F6,231,2.340,
15,F6,232,4.293,
15,F6,233,4.293,
15,F6,234,1.363,
15,F6,235,-3.031,
15,F6,236,-5.961,
15,F6,237,-6.449,
15,F6,238,-4.496,
15,F6,239,-0.590,
15,F6,240,4.293,
15,F6,241,8.687,
15,F6,242,11.617,
15,F6,243,12.594,
15,F6,244,11.617,
15,F6,245,8.199,
15,F6,246,4.781,
15,F6,247,1.851,
15,F6,248,1.363,
15,F6,249,1.851,
15,F6,250,2.828,
15,F6,251,2.340,
15,F6,252,1.851,
15,F6,253,2.340,
15,F6,254,3.805,
15,F6,255,5.758,
15,FT7,0,-4.985,
15,FT7,1,-4.008,
15,FT7,2,-0.590,
15,FT7,3,4.781,
15,FT7,4,11.617,
15,FT7,5,17.476,
15,FT7,6,20.406,
15,FT7,7,19.430,
15,FT7,8,16.500,
15,FT7,9,12.594,
15,FT7,10,9.664,
15,FT7,11,8.687,
15,FT7,12,8.199,
15,FT7,13,8.199,
15,FT7,14,8.687,
15,FT7,15,8.687,
15,FT7,16,8.199,
15,FT7,17,7.711,
15,FT7,18,6.246,
15,FT7,19,4.293,
15,FT7,20,1.363,
15,FT7,21,-0.590,
15,FT7,22,-1.078,
15,FT7,23,-1.078,
15,FT7,24,-0.102,
15,FT7,25,0.387,
15,FT7,26,0.387,
15,FT7,27,-0.102,
15,FT7,28,0.387,
15,FT7,29,1.851,
15,FT7,30,5.269,
15,FT7,31,9.664,
15,FT7,32,14.058,
15,FT7,33,16.500,
15,FT7,34,17.476,
15,FT7,35,16.012,
15,FT7,36,14.058,
15,FT7,37,11.617,
15,FT7,38,9.664,
15,FT7,39,8.687,
15,FT7,40,7.222,
15,FT7,41,5.269,
15,FT7,42,3.316,
15,FT7,43,0.875,
15,FT7,44,-1.078,
15,FT7,45,-2.055,
15,FT7,46,-3.031,
15,FT7,47,-3.520,
15,FT7,48,-4.008,
15,FT7,49,-4.496,
15,FT7,50,-3.520,
15,FT7,51,-2.055,
15,FT7,52,1.363,
15,FT7,53,4.781,
15,FT7,54,9.664,
15,FT7,55,15.035,
15,FT7,56,19.430,
15,FT7,57,22.359,
15,FT7,58,23.336,
15,FT7,59,20.894,
15,FT7,60,17.476,
15,FT7,61,12.594,
15,FT7,62,9.176,
15,FT7,63,6.734,
15,FT7,64,5.269,
15,FT7,65,5.269,
15,FT7,66,5.269,
15,FT7,67,5.758,
15,FT7,68,5.269,
15,FT7,69,4.293,
15,FT7,70,2.828,
15,FT7,71,2.828,
15,FT7,72,2.828,
15,FT7,73,4.781,
15,FT7,74,7.711,
15,FT7,75,12.105,
15,FT7,76,16.500,
15,FT7,77,20.894,
15,FT7,78,23.824,
15,FT7,79,24.312,
15,FT7,80,22.359,
15,FT7,81,17.476,
15,FT7,82,11.129,
15,FT7,83,5.758,
15,FT7,84,1.363,
15,FT7,85,-1.567,
15,FT7,86,-3.520,
15,FT7,87,-4.008,
15,FT7,88,-3.520,
15,FT7,89,-2.055,
15,FT7,90,-0.590,
15,FT7,91,0.387,
15,FT7,92,0.875,
15,FT7,93,0.387,
15,FT7,94,-0.102,
15,FT7,95,-1.567,
15,FT7,96,-2.055,
15,FT7,97,-1.567,
15,FT7,98,-0.590,
15,FT7,99,0.875,
15,FT7,100,2.340,
15,FT7,101,2.828,
15,FT7,102,1.851,
15,FT7,103,-0.102,
15,FT7,104,-2.055,
15,FT7,105,-4.008,
15,FT7,106,-4.496,
15,FT7,107,-4.008,
15,FT7,108,-4.008,
15,FT7,109,-4.008,
15,FT7,110,-4.985,
15,FT7,111,-6.449,
15,FT7,112,-8.891,
15,FT7,113,-11.332,
15,FT7,114,-12.797,
15,FT7,115,-12.797,
15,FT7,116,-10.844,
15,FT7,117,-6.938,
15,FT7,118,-2.055,
15,FT7,119,3.316,
15,FT7,120,7.711,
15,FT7,121,11.129,
15,FT7,122,13.570,
15,FT7,123,15.035,
15,FT7,124,15.523,
15,FT7,125,14.547,
15,FT7,126,12.594,
15,FT7,127,10.640,
15,FT7,128,8.687,
15,FT7,129,6.734,
15,FT7,130,3.805,
15,FT7,131,1.363,
15,FT7,132,-1.567,
15,FT7,133,-3.031,
15,FT7,134,-3.031,
15,FT7,135,-3.031,
15,FT7,136,-2.055,
15,FT7,137,-1.567,
15,FT7,138,-0.590,
15,FT7,139,1.363,
15,FT7,140,4.293,
15,FT7,141,7.711,
15,FT7,142,11.129,
15,FT7,143,13.082,
15,FT7,144,14.058,
15,FT7,145,14.058,
15,FT7,146,13.570,
15,FT7,147,12.594,
15,FT7,148,11.129,
15,FT7,149,9.176,
15,FT7,150,7.711,
15,FT7,151,6.246,
15,FT7,152,5.269,
15,FT7,153,4.293,
15,FT7,154,1.851,
15,FT7,155,-1.078,
15,FT7,156,-3.031,
15,FT7,157,-4.008,
15,FT7,158,-3.031,
15,FT7,159,-1.078,
15,FT7,160,0.875,
15,FT7,161,2.340,
15,FT7,162,2.828,
15,FT7,163,2.828,
15,FT7,164,3.316,
15,FT7,165,4.781,
15,FT7,166,6.734,
15,FT7,167,8.199,
15,FT7,168,9.664,
15,FT7,169,10.640,
15,FT7,170,9.664,
15,FT7,171,7.222,
15,FT7,172,3.316,
15,FT7,173,-1.567,
15,FT7,174,-4.985,
15,FT7,175,-5.961,
15,FT7,176,-4.496,
15,FT7,177,-2.055,
15,FT7,178,0.875,
15,FT7,179,1.851,
15,FT7,180,2.340,
15,FT7,181,2.828,
15,FT7,182,4.781,
15,FT7,183,6.734,
15,FT7,184,7.711,
15,FT7,185,6.734,
15,FT7,186,3.805,
15,FT7,187,1.363,
15,FT7,188,0.387,
15,FT7,189,2.828,
15,FT7,190,7.711,
15,FT7,191,12.105,
15,FT7,192,15.035,
15,FT7,193,14.547,
15,FT7,194,12.105,
15,FT7,195,9.176,
15,FT7,196,7.711,
15,FT7,197,7.711,
15,FT7,198,9.664,
15,FT7,199,10.640,
15,FT7,200,11.129,
15,FT7,201,9.176,
15,FT7,202,6.246,
15,FT7,203,2.828,
15,FT7,204,0.875,
15,FT7,205,0.387,
15,FT7,206,1.851,
15,FT7,207,3.805,
15,FT7,208,6.246,
15,FT7,209,8.199,
15,FT7,210,10.152,
15,FT7,211,11.129,
15,FT7,212,10.640,
15,FT7,213,8.687,
15,FT7,214,5.269,
15,FT7,215,2.828,
15,FT7,216,1.851,
15,FT7,217,3.805,
15,FT7,218,5.758,
15,FT7,219,7.222,
15,FT7,220,7.222,
15,FT7,221,6.246,
15,FT7,222,5.758,
15,FT7,223,7.222,
15,FT7,224,9.176,
15,FT7,225,10.152,
15,FT7,226,8.687,
15,FT7,227,5.269,
15,FT7,228,0.875,
15,FT7,229,-2.055,
15,FT7,230,-2.055,
15,FT7,231,0.875,
15,FT7,232,4.781,
15,FT7,233,8.687,
15,FT7,234,10.640,
15,FT7,235,10.152,
15,FT7,236,7.711,
15,FT7,237,4.293,
15,FT7,238,1.363,
15,FT7,239,-0.102,
15,FT7,240,0.387,
15,FT7,241,1.851,
15,FT7,242,3.805,
15,FT7,243,5.758,
15,FT7,244,8.687,
15,FT7,245,11.129,
15,FT7,246,13.570,
15,FT7,247,13.570,
15,FT7,248,11.129,
15,FT7,249,7.222,
15,FT7,250,3.316,
15,FT7,251,0.875,
15,FT7,252,1.363,
15,FT7,253,3.316,
15,FT7,254,6.246,
15,FT7,255,7.711,
15,FT8,0,-2.675,
15,FT8,1,-2.187,
15,FT8,2,-0.234,
15,FT8,3,2.207,
15,FT8,4,5.137,
15,FT8,5,7.579,
15,FT8,6,9.043,
15,FT8,7,9.532,
15,FT8,8,8.555,
15,FT8,9,6.114,
15,FT8,10,3.184,
15,FT8,11,0.743,
15,FT8,12,0.254,
15,FT8,13,2.696,
15,FT8,14,5.625,
15,FT8,15,8.067,
15,FT8,16,8.067,
15,FT8,17,6.602,
15,FT8,18,3.672,
15,FT8,19,0.743,
15,FT8,20,-0.722,
15,FT8,21,-1.211,
15,FT8,22,-0.234,
15,FT8,23,1.231,
15,FT8,24,3.672,
15,FT8,25,5.625,
15,FT8,26,6.602,
15,FT8,27,7.090,
15,FT8,28,6.114,
15,FT8,29,5.137,
15,FT8,30,5.137,
15,FT8,31,5.625,
15,FT8,32,8.067,
15,FT8,33,10.997,
15,FT8,34,14.414,
15,FT8,35,17.832,
15,FT8,36,20.274,
15,FT8,37,20.274,
15,FT8,38,17.832,
15,FT8,39,12.461,
15,FT8,40,5.625,
15,FT8,41,-0.234,
15,FT8,42,-3.652,
15,FT8,43,-3.164,
15,FT8,44,-0.234,
15,FT8,45,4.649,
15,FT8,46,9.043,
15,FT8,47,11.973,
15,FT8,48,13.438,
15,FT8,49,12.461,
15,FT8,50,10.508,
15,FT8,51,8.067,
15,FT8,52,7.090,
15,FT8,53,7.579,
15,FT8,54,9.532,
15,FT8,55,11.973,
15,FT8,56,14.414,
15,FT8,57,16.856,
15,FT8,58,18.809,
15,FT8,59,20.274,
15,FT8,60,20.762,
15,FT8,61,19.297,
15,FT8,62,15.879,
15,FT8,63,10.020,
15,FT8,64,5.137,
15,FT8,65,2.207,
15,FT8,66,0.743,
15,FT8,67,1.719,
15,FT8,68,3.184,
15,FT8,69,4.649,
15,FT8,70,5.137,
15,FT8,71,5.625,
15,FT8,72,5.625,
15,FT8,73,5.137,
15,FT8,74,3.672,
15,FT8,75,2.207,
15,FT8,76,2.696,
15,FT8,77,5.137,
15,FT8,78,10.508,
15,FT8,79,17.344,
15,FT8,80,21.739,
15,FT8,81,24.180,
15,FT8,82,23.204,
15,FT8,83,20.274,
15,FT8,84,16.856,
15,FT8,85,14.414,
15,FT8,86,12.461,
15,FT8,87,10.508,
15,FT8,88,7.579,
15,FT8,89,3.672,
15,FT8,90,-0.234,
15,FT8,91,-3.164,
15,FT8,92,-4.140,
15,FT8,93,-2.675,
15,FT8,94,-0.722,
15,FT8,95,1.719,
15,FT8,96,4.161,
15,FT8,97,5.625,
15,FT8,98,7.090,
15,FT8,99,8.555,
15,FT8,100,9.532,
15,FT8,101,10.997,
15,FT8,102,12.950,
15,FT8,103,13.926,
15,FT8,104,14.414,
15,FT8,105,12.950,
15,FT8,106,10.020,
15,FT8,107,5.625,
15,FT8,108,1.231,
15,FT8,109,-2.675,
15,FT8,110,-4.628,
15,FT8,111,-6.582,
15,FT8,112,-8.046,
15,FT8,113,-9.511,
15,FT8,114,-9.511,
15,FT8,115,-7.558,
15,FT8,116,-3.652,
15,FT8,117,0.743,
15,FT8,118,3.672,
15,FT8,119,4.649,
15,FT8,120,4.161,
15,FT8,121,4.161,
15,FT8,122,5.625,
15,FT8,123,8.555,
15,FT8,124,11.973,
15,FT8,125,13.926,
15,FT8,126,13.438,
15,FT8,127,10.508,
15,FT8,128,5.625,
15,FT8,129,0.743,
15,FT8,130,-1.699,
15,FT8,131,-2.187,
15,FT8,132,-0.722,
15,FT8,133,1.231,
15,FT8,134,1.719,
15,FT8,135,1.231,
15,FT8,136,-0.234,
15,FT8,137,-1.211,
15,FT8,138,-0.234,
15,FT8,139,2.207,
15,FT8,140,6.114,
15,FT8,141,10.508,
15,FT8,142,13.926,
15,FT8,143,16.368,
15,FT8,144,17.832,
15,FT8,145,17.832,
15,FT8,146,16.856,
15,FT8,147,13.926,
15,FT8,148,10.508,
15,FT8,149,7.090,
15,FT8,150,4.649,
15,FT8,151,4.161,
15,FT8,152,5.137,
15,FT8,153,6.602,
15,FT8,154,7.090,
15,FT8,155,6.114,
15,FT8,156,4.649,
15,FT8,157,3.672,
15,FT8,158,4.161,
15,FT8,159,6.114,
15,FT8,160,8.067,
15,FT8,161,10.020,
15,FT8,162,10.508,
15,FT8,163,9.532,
15,FT8,164,8.555,
15,FT8,165,7.579,
15,FT8,166,7.090,
15,FT8,167,7.090,
15,FT8,168,7.090,
15,FT8,169,6.602,
15,FT8,170,5.625,
15,FT8,171,3.672,
15,FT8,172,1.231,
15,FT8,173,-2.187,
15,FT8,174,-4.140,
15,FT8,175,-4.628,
15,FT8,176,-2.187,
15,FT8,177,1.231,
15,FT8,178,4.161,
15,FT8,179,5.137,
15,FT8,180,4.161,
15,FT8,181,2.696,
15,FT8,182,1.719,
15,FT8,183,2.207,
15,FT8,184,3.672,
15,FT8,185,4.649,
15,FT8,186,3.672,
15,FT8,187,2.207,
15,FT8,188,0.254,
15,FT8,189,0.254,
15,FT8,190,1.231,
15,FT8,191,3.184,
15,FT8,192,4.161,
15,FT8,193,4.649,
15,FT8,194,3.672,
15,FT8,195,3.184,
15,FT8,196,3.184,
15,FT8,197,3.672,
15,FT8,198,5.137,
15,FT8,199,6.602,
15,FT8,200,7.090,
15,FT8,201,5.625,
15,FT8,202,4.649,
15,FT8,203,3.672,
15,FT8,204,4.649,
15,FT8,205,6.602,
15,FT8,206,9.532,
15,FT8,207,11.485,
15,FT8,208,11.485,
15,FT8,209,9.043,
15,FT8,210,6.114,
15,FT8,211,3.672,
15,FT8,212,2.207,
15,FT8,213,2.696,
15,FT8,214,3.672,
15,FT8,215,4.161,
15,FT8,216,5.137,
15,FT8,217,6.602,
15,FT8,218,9.043,
15,FT8,219,11.485,
15,FT8,220,13.926,
15,FT8,221,14.903,
15,FT8,222,16.856,
15,FT8,223,18.321,
15,FT8,224,19.297,
15,FT8,225,18.809,
15,FT8,226,14.414,
15,FT8,227,8.067,
15,FT8,228,0.743,
15,FT8,229,-3.164,
15,FT8,230,-2.675,
15,FT8,231,2.207,
15,FT8,232,7.579,
15,FT8,233,11.485,
15,FT8,234,11.485,
15,FT8,235,8.555,
15,FT8,236,4.649,
15,FT8,237,1.719,
15,FT8,238,0.254,
15,FT8,239,1.231,
15,FT8,240,4.161,
15,FT8,241,9.043,
15,FT8,242,13.926,
15,FT8,243,17.832,
15,FT8,244,19.297,
15,FT8,245,18.321,
15,FT8,246,15.391,
15,FT8,247,11.485,
15,FT8,248,8.555,
15,FT8,249,7.090,
15,FT8,250,5.625,
15,FT8,251,3.672,
15,FT8,252,2.207,
15,FT8,253,1.719,
15,FT8,254,3.672,
15,FT8,255,7.579,
15,FPZ,0,-3.947,
15,FPZ,1,-3.947,
15,FPZ,2,-2.482,
15,FPZ,3,1.424,
15,FPZ,4,6.307,
15,FPZ,5,10.701,
15,FPZ,6,13.631,
15,FPZ,7,14.119,
15,FPZ,8,12.166,
15,FPZ,9,9.237,
15,FPZ,10,6.795,
15,FPZ,11,4.354,
15,FPZ,12,3.377,
15,FPZ,13,4.354,
15,FPZ,14,6.307,
15,FPZ,15,8.260,
15,FPZ,16,9.237,
15,FPZ,17,8.748,
15,FPZ,18,5.819,
15,FPZ,19,2.401,
15,FPZ,20,-0.529,
15,FPZ,21,-1.506,
15,FPZ,22,-0.041,
15,FPZ,23,2.401,
15,FPZ,24,3.866,
15,FPZ,25,3.866,
15,FPZ,26,2.401,
15,FPZ,27,-0.041,
15,FPZ,28,-1.506,
15,FPZ,29,-1.506,
15,FPZ,30,-0.041,
15,FPZ,31,2.889,
15,FPZ,32,7.284,
15,FPZ,33,12.166,
15,FPZ,34,17.049,
15,FPZ,35,20.955,
15,FPZ,36,22.909,
15,FPZ,37,22.420,
15,FPZ,38,19.979,
15,FPZ,39,16.561,
15,FPZ,40,12.655,
15,FPZ,41,9.237,
15,FPZ,42,6.307,
15,FPZ,43,4.354,
15,FPZ,44,3.866,
15,FPZ,45,4.354,
15,FPZ,46,5.330,
15,FPZ,47,6.307,
15,FPZ,48,6.307,
15,FPZ,49,4.842,
15,FPZ,50,3.377,
15,FPZ,51,2.889,
15,FPZ,52,5.330,
15,FPZ,53,8.748,
15,FPZ,54,12.655,
15,FPZ,55,15.584,
15,FPZ,56,17.537,
15,FPZ,57,18.514,
15,FPZ,58,19.491,
15,FPZ,59,19.491,
15,FPZ,60,18.514,
15,FPZ,61,15.096,
15,FPZ,62,9.237,
15,FPZ,63,3.866,
15,FPZ,64,-0.041,
15,FPZ,65,-1.506,
15,FPZ,66,-1.506,
15,FPZ,67,-0.529,
15,FPZ,68,-1.017,
15,FPZ,69,-1.506,
15,FPZ,70,-1.506,
15,FPZ,71,-0.529,
15,FPZ,72,1.424,
15,FPZ,73,3.377,
15,FPZ,74,5.330,
15,FPZ,75,6.795,
15,FPZ,76,9.237,
15,FPZ,77,12.655,
15,FPZ,78,16.561,
15,FPZ,79,19.979,
15,FPZ,80,20.955,
15,FPZ,81,19.002,
15,FPZ,82,14.119,
15,FPZ,83,8.748,
15,FPZ,84,1.912,
15,FPZ,85,-3.459,
15,FPZ,86,-7.853,
15,FPZ,87,-10.295,
15,FPZ,88,-10.783,
15,FPZ,89,-8.830,
15,FPZ,90,-4.924,
15,FPZ,91,-1.506,
15,FPZ,92,1.424,
15,FPZ,93,3.377,
15,FPZ,94,5.330,
15,FPZ,95,6.795,
15,FPZ,96,7.772,
15,FPZ,97,7.772,
15,FPZ,98,6.307,
15,FPZ,99,3.866,
15,FPZ,100,1.424,
15,FPZ,101,0.448,
15,FPZ,102,-0.041,
15,FPZ,103,0.448,
15,FPZ,104,0.448,
15,FPZ,105,-0.529,
15,FPZ,106,-2.970,
15,FPZ,107,-6.388,
15,FPZ,108,-9.806,
15,FPZ,109,-13.224,
15,FPZ,110,-15.666,
15,FPZ,111,-17.131,
15,FPZ,112,-18.107,
15,FPZ,113,-18.595,
15,FPZ,114,-18.107,
15,FPZ,115,-16.642,
15,FPZ,116,-14.201,
15,FPZ,117,-10.295,
15,FPZ,118,-5.900,
15,FPZ,119,-1.017,
15,FPZ,120,3.377,
15,FPZ,121,7.284,
15,FPZ,122,10.701,
15,FPZ,123,13.143,
15,FPZ,124,14.608,
15,FPZ,125,14.608,
15,FPZ,126,12.166,
15,FPZ,127,7.284,
15,FPZ,128,1.912,
15,FPZ,129,-2.970,
15,FPZ,130,-7.365,
15,FPZ,131,-10.295,
15,FPZ,132,-11.759,
15,FPZ,133,-12.248,
15,FPZ,134,-12.736,
15,FPZ,135,-12.248,
15,FPZ,136,-11.759,
15,FPZ,137,-10.783,
15,FPZ,138,-9.806,
15,FPZ,139,-7.365,
15,FPZ,140,-4.435,
15,FPZ,141,-0.529,
15,FPZ,142,2.889,
15,FPZ,143,4.842,
15,FPZ,144,4.842,
15,FPZ,145,4.354,
15,FPZ,146,3.377,
15,FPZ,147,2.401,
15,FPZ,148,1.912,
15,FPZ,149,1.424,
15,FPZ,150,0.936,
15,FPZ,151,-0.041,
15,FPZ,152,-1.017,
15,FPZ,153,-1.994,
15,FPZ,154,-3.947,
15,FPZ,155,-6.877,
15,FPZ,156,-9.806,
15,FPZ,157,-11.271,
15,FPZ,158,-10.783,
15,FPZ,159,-8.830,
15,FPZ,160,-6.877,
15,FPZ,161,-6.388,
15,FPZ,162,-6.388,
15,FPZ,163,-5.900,
15,FPZ,164,-4.924,
15,FPZ,165,-2.970,
15,FPZ,166,-0.041,
15,FPZ,167,1.912,
15,FPZ,168,2.889,
15,FPZ,169,2.889,
15,FPZ,170,2.401,
15,FPZ,171,1.424,
15,FPZ,172,-0.529,
15,FPZ,173,-3.459,
15,FPZ,174,-6.877,
15,FPZ,175,-9.318,
15,FPZ,176,-9.806,
15,FPZ,177,-7.853,
15,FPZ,178,-5.412,
15,FPZ,179,-3.459,
15,FPZ,180,-2.970,
15,FPZ,181,-3.459,
15,FPZ,182,-3.459,
15,FPZ,183,-2.482,
15,FPZ,184,-1.506,
15,FPZ,185,-1.506,
15,FPZ,186,-2.970,
15,FPZ,187,-4.435,
15,FPZ,188,-4.435,
15,FPZ,189,-2.482,
15,FPZ,190,1.424,
15,FPZ,191,5.819,
15,FPZ,192,7.772,
15,FPZ,193,7.284,
15,FPZ,194,5.330,
15,FPZ,195,3.377,
15,FPZ,196,2.889,
15,FPZ,197,3.377,
15,FPZ,198,3.866,
15,FPZ,199,3.866,
15,FPZ,200,2.401,
15,FPZ,201,-0.041,
15,FPZ,202,-2.482,
15,FPZ,203,-3.459,
15,FPZ,204,-3.459,
15,FPZ,205,-2.482,
15,FPZ,206,-1.017,
15,FPZ,207,-0.041,
15,FPZ,208,-0.041,
15,FPZ,209,-0.041,
15,FPZ,210,0.448,
15,FPZ,211,0.936,
15,FPZ,212,0.936,
15,FPZ,213,0.936,
15,FPZ,214,-0.041,
15,FPZ,215,-1.017,
15,FPZ,216,-1.017,
15,FPZ,217,0.936,
15,FPZ,218,3.377,
15,FPZ,219,4.842,
15,FPZ,220,4.842,
15,FPZ,221,3.866,
15,FPZ,222,3.866,
15,FPZ,223,5.330,
15,FPZ,224,6.795,
15,FPZ,225,7.284,
15,FPZ,226,4.354,
15,FPZ,227,-1.506,
15,FPZ,228,-7.365,
15,FPZ,229,-10.783,
15,FPZ,230,-9.318,
15,FPZ,231,-4.435,
15,FPZ,232,0.936,
15,FPZ,233,4.354,
15,FPZ,234,3.866,
15,FPZ,235,0.936,
15,FPZ,236,-3.947,
15,FPZ,237,-7.365,
15,FPZ,238,-8.341,
15,FPZ,239,-5.900,
15,FPZ,240,-1.017,
15,FPZ,241,4.354,
15,FPZ,242,8.748,
15,FPZ,243,10.701,
15,FPZ,244,11.190,
15,FPZ,245,10.213,
15,FPZ,246,8.748,
15,FPZ,247,7.284,
15,FPZ,248,5.330,
15,FPZ,249,3.866,
15,FPZ,250,1.912,
15,FPZ,251,0.936,
15,FPZ,252,0.448,
15,FPZ,253,0.936,
15,FPZ,254,2.889,
15,FPZ,255,4.842,
15,FC4,0,-1.526,
15,FC4,1,-1.526,
15,FC4,2,-1.038,
15,FC4,3,-0.061,
15,FC4,4,0.916,
15,FC4,5,2.380,
15,FC4,6,3.845,
15,FC4,7,4.333,
15,FC4,8,4.822,
15,FC4,9,3.845,
15,FC4,10,2.380,
15,FC4,11,0.916,
15,FC4,12,-0.061,
15,FC4,13,0.427,
15,FC4,14,1.404,
15,FC4,15,2.869,
15,FC4,16,2.869,
15,FC4,17,1.404,
15,FC4,18,-0.549,
15,FC4,19,-2.502,
15,FC4,20,-2.991,
15,FC4,21,-1.526,
15,FC4,22,0.916,
15,FC4,23,3.357,
15,FC4,24,4.333,
15,FC4,25,3.845,
15,FC4,26,3.357,
15,FC4,27,1.892,
15,FC4,28,0.916,
15,FC4,29,0.427,
15,FC4,30,-0.061,
15,FC4,31,-0.061,
15,FC4,32,0.916,
15,FC4,33,3.357,
15,FC4,34,6.775,
15,FC4,35,9.705,
15,FC4,36,12.634,
15,FC4,37,12.634,
15,FC4,38,10.681,
15,FC4,39,7.263,
15,FC4,40,3.357,
15,FC4,41,-0.061,
15,FC4,42,-1.526,
15,FC4,43,-1.526,
15,FC4,44,-0.061,
15,FC4,45,0.916,
15,FC4,46,2.380,
15,FC4,47,3.357,
15,FC4,48,3.357,
15,FC4,49,3.357,
15,FC4,50,2.380,
15,FC4,51,1.404,
15,FC4,52,0.916,
15,FC4,53,1.892,
15,FC4,54,2.869,
15,FC4,55,4.822,
15,FC4,56,6.775,
15,FC4,57,8.240,
15,FC4,58,9.216,
15,FC4,59,10.193,
15,FC4,60,9.705,
15,FC4,61,8.240,
15,FC4,62,5.798,
15,FC4,63,2.380,
15,FC4,64,-1.038,
15,FC4,65,-2.502,
15,FC4,66,-2.991,
15,FC4,67,-2.502,
15,FC4,68,-1.038,
15,FC4,69,0.427,
15,FC4,70,0.916,
15,FC4,71,1.404,
15,FC4,72,0.916,
15,FC4,73,0.427,
15,FC4,74,-1.038,
15,FC4,75,-1.526,
15,FC4,76,-1.038,
15,FC4,77,0.916,
15,FC4,78,4.333,
15,FC4,79,7.263,
15,FC4,80,8.728,
15,FC4,81,9.216,
15,FC4,82,8.240,
15,FC4,83,5.798,
15,FC4,84,3.357,
15,FC4,85,1.404,
15,FC4,86,-0.061,
15,FC4,87,-0.061,
15,FC4,88,-0.061,
15,FC4,89,-0.549,
15,FC4,90,-2.014,
15,FC4,91,-2.991,
15,FC4,92,-3.479,
15,FC4,93,-2.991,
15,FC4,94,-1.526,
15,FC4,95,0.427,
15,FC4,96,2.380,
15,FC4,97,3.357,
15,FC4,98,3.845,
15,FC4,99,3.357,
15,FC4,100,2.869,
15,FC4,101,2.869,
15,FC4,102,3.357,
15,FC4,103,4.333,
15,FC4,104,5.310,
15,FC4,105,4.333,
15,FC4,106,2.380,
15,FC4,107,-0.549,
15,FC4,108,-2.991,
15,FC4,109,-4.944,
15,FC4,110,-5.432,
15,FC4,111,-5.432,
15,FC4,112,-5.432,
15,FC4,113,-5.432,
15,FC4,114,-4.944,
15,FC4,115,-3.479,
15,FC4,116,-1.526,
15,FC4,117,0.427,
15,FC4,118,1.404,
15,FC4,119,1.892,
15,FC4,120,1.404,
15,FC4,121,1.404,
15,FC4,122,1.892,
15,FC4,123,3.357,
15,FC4,124,4.822,
15,FC4,125,5.798,
15,FC4,126,5.310,
15,FC4,127,3.845,
15,FC4,128,0.916,
15,FC4,129,-2.502,
15,FC4,130,-5.432,
15,FC4,131,-6.897,
15,FC4,132,-6.897,
15,FC4,133,-5.920,
15,FC4,134,-3.967,
15,FC4,135,-2.991,
15,FC4,136,-2.502,
15,FC4,137,-2.502,
15,FC4,138,-2.014,
15,FC4,139,-1.038,
15,FC4,140,0.427,
15,FC4,141,1.892,
15,FC4,142,3.357,
15,FC4,143,4.333,
15,FC4,144,4.822,
15,FC4,145,5.310,
15,FC4,146,5.310,
15,FC4,147,4.822,
15,FC4,148,3.845,
15,FC4,149,2.869,
15,FC4,150,1.404,
15,FC4,151,0.916,
15,FC4,152,0.427,
15,FC4,153,0.427,
15,FC4,154,-0.061,
15,FC4,155,-0.061,
15,FC4,156,-0.061,
15,FC4,157,-0.549,
15,FC4,158,-0.061,
15,FC4,159,-0.061,
15,FC4,160,0.427,
15,FC4,161,0.427,
15,FC4,162,1.404,
15,FC4,163,1.892,
15,FC4,164,1.892,
15,FC4,165,1.892,
15,FC4,166,1.892,
15,FC4,167,2.380,
15,FC4,168,2.869,
15,FC4,169,3.357,
15,FC4,170,3.357,
15,FC4,171,2.869,
15,FC4,172,0.916,
15,FC4,173,-0.549,
15,FC4,174,-2.014,
15,FC4,175,-2.991,
15,FC4,176,-2.991,
15,FC4,177,-2.014,
15,FC4,178,-1.038,
15,FC4,179,-0.549,
15,FC4,180,-1.038,
15,FC4,181,-1.038,
15,FC4,182,-1.038,
15,FC4,183,-0.061,
15,FC4,184,1.404,
15,FC4,185,2.380,
15,FC4,186,2.869,
15,FC4,187,2.380,
15,FC4,188,1.892,
15,FC4,189,1.404,
15,FC4,190,1.404,
15,FC4,191,1.404,
15,FC4,192,1.404,
15,FC4,193,0.427,
15,FC4,194,0.427,
15,FC4,195,-0.061,
15,FC4,196,-0.061,
15,FC4,197,0.427,
15,FC4,198,0.916,
15,FC4,199,0.427,
15,FC4,200,-0.549,
15,FC4,201,-1.038,
15,FC4,202,-1.526,
15,FC4,203,-1.038,
15,FC4,204,-0.061,
15,FC4,205,1.404,
15,FC4,206,2.869,
15,FC4,207,2.869,
15,FC4,208,1.892,
15,FC4,209,0.427,
15,FC4,210,-1.526,
15,FC4,211,-2.991,
15,FC4,212,-3.479,
15,FC4,213,-3.479,
15,FC4,214,-2.991,
15,FC4,215,-1.526,
15,FC4,216,-0.549,
15,FC4,217,0.916,
15,FC4,218,2.380,
15,FC4,219,3.357,
15,FC4,220,3.845,
15,FC4,221,3.357,
15,FC4,222,3.357,
15,FC4,223,4.333,
15,FC4,224,5.310,
15,FC4,225,5.798,
15,FC4,226,4.333,
15,FC4,227,1.892,
15,FC4,228,-1.038,
15,FC4,229,-2.991,
15,FC4,230,-2.991,
15,FC4,231,-1.526,
15,FC4,232,-0.061,
15,FC4,233,0.916,
15,FC4,234,0.427,
15,FC4,235,-2.014,
15,FC4,236,-4.456,
15,FC4,237,-5.920,
15,FC4,238,-5.432,
15,FC4,239,-3.967,
15,FC4,240,-1.038,
15,FC4,241,1.892,
15,FC4,242,5.310,
15,FC4,243,7.751,
15,FC4,244,8.240,
15,FC4,245,7.263,
15,FC4,246,5.310,
15,FC4,247,2.869,
15,FC4,248,1.404,
15,FC4,249,0.427,
15,FC4,250,0.427,
15,FC4,251,0.916,
15,FC4,252,0.916,
15,FC4,253,0.916,
15,FC4,254,0.916,
15,FC4,255,1.892,
15,FC3,0,-2.635,
15,FC3,1,-2.146,
15,FC3,2,0.295,
15,FC3,3,3.225,
15,FC3,4,5.666,
15,FC3,5,7.131,
15,FC3,6,7.131,
15,FC3,7,7.131,
15,FC3,8,6.643,
15,FC3,9,5.666,
15,FC3,10,5.178,
15,FC3,11,4.690,
15,FC3,12,4.201,
15,FC3,13,4.201,
15,FC3,14,3.713,
15,FC3,15,3.225,
15,FC3,16,2.736,
15,FC3,17,2.736,
15,FC3,18,1.760,
15,FC3,19,0.783,
15,FC3,20,-0.193,
15,FC3,21,-0.682,
15,FC3,22,0.295,
15,FC3,23,0.783,
15,FC3,24,0.783,
15,FC3,25,-0.193,
15,FC3,26,-1.658,
15,FC3,27,-1.658,
15,FC3,28,-0.193,
15,FC3,29,1.760,
15,FC3,30,4.201,
15,FC3,31,6.154,
15,FC3,32,8.108,
15,FC3,33,9.084,
15,FC3,34,8.596,
15,FC3,35,7.131,
15,FC3,36,4.690,
15,FC3,37,3.713,
15,FC3,38,3.225,
15,FC3,39,3.713,
15,FC3,40,4.201,
15,FC3,41,4.201,
15,FC3,42,4.201,
15,FC3,43,4.201,
15,FC3,44,4.201,
15,FC3,45,3.225,
15,FC3,46,1.272,
15,FC3,47,-1.658,
15,FC3,48,-3.611,
15,FC3,49,-4.100,
15,FC3,50,-3.123,
15,FC3,51,-1.170,
15,FC3,52,0.783,
15,FC3,53,3.225,
15,FC3,54,5.178,
15,FC3,55,7.619,
15,FC3,56,9.084,
15,FC3,57,9.084,
15,FC3,58,7.619,
15,FC3,59,5.666,
15,FC3,60,4.201,
15,FC3,61,3.225,
15,FC3,62,2.248,
15,FC3,63,1.760,
15,FC3,64,0.783,
15,FC3,65,1.272,
15,FC3,66,1.760,
15,FC3,67,1.760,
15,FC3,68,0.783,
15,FC3,69,-0.193,
15,FC3,70,-0.682,
15,FC3,71,1.272,
15,FC3,72,3.225,
15,FC3,73,5.178,
15,FC3,74,6.643,
15,FC3,75,8.108,
15,FC3,76,10.061,
15,FC3,77,11.525,
15,FC3,78,10.549,
15,FC3,79,8.108,
15,FC3,80,5.178,
15,FC3,81,1.760,
15,FC3,82,-0.682,
15,FC3,83,-2.146,
15,FC3,84,-4.100,
15,FC3,85,-6.053,
15,FC3,86,-7.029,
15,FC3,87,-6.053,
15,FC3,88,-3.611,
15,FC3,89,-0.682,
15,FC3,90,0.783,
15,FC3,91,1.760,
15,FC3,92,2.248,
15,FC3,93,3.225,
15,FC3,94,3.225,
15,FC3,95,2.736,
15,FC3,96,1.272,
15,FC3,97,0.295,
15,FC3,98,-0.682,
15,FC3,99,-1.658,
15,FC3,100,-2.146,
15,FC3,101,-2.635,
15,FC3,102,-3.123,
15,FC3,103,-3.611,
15,FC3,104,-4.100,
15,FC3,105,-3.611,
15,FC3,106,-3.611,
15,FC3,107,-4.588,
15,FC3,108,-5.564,
15,FC3,109,-6.541,
15,FC3,110,-7.029,
15,FC3,111,-8.006,
15,FC3,112,-8.982,
15,FC3,113,-10.447,
15,FC3,114,-10.447,
15,FC3,115,-9.471,
15,FC3,116,-7.517,
15,FC3,117,-5.076,
15,FC3,118,-2.146,
15,FC3,119,1.272,
15,FC3,120,4.201,
15,FC3,121,7.131,
15,FC3,122,9.084,
15,FC3,123,9.572,
15,FC3,124,8.596,
15,FC3,125,6.643,
15,FC3,126,4.201,
15,FC3,127,2.248,
15,FC3,128,0.783,
15,FC3,129,-1.658,
15,FC3,130,-3.611,
15,FC3,131,-6.053,
15,FC3,132,-7.029,
15,FC3,133,-7.517,
15,FC3,134,-7.029,
15,FC3,135,-7.029,
15,FC3,136,-7.029,
15,FC3,137,-7.029,
15,FC3,138,-6.541,
15,FC3,139,-5.564,
15,FC3,140,-3.611,
15,FC3,141,-1.658,
15,FC3,142,0.295,
15,FC3,143,1.272,
15,FC3,144,1.760,
15,FC3,145,1.760,
15,FC3,146,1.760,
15,FC3,147,1.760,
15,FC3,148,2.248,
15,FC3,149,2.248,
15,FC3,150,2.248,
15,FC3,151,1.272,
15,FC3,152,-0.193,
15,FC3,153,-2.146,
15,FC3,154,-4.588,
15,FC3,155,-6.541,
15,FC3,156,-7.029,
15,FC3,157,-7.029,
15,FC3,158,-6.053,
15,FC3,159,-6.053,
15,FC3,160,-6.053,
15,FC3,161,-5.564,
15,FC3,162,-4.588,
15,FC3,163,-3.123,
15,FC3,164,-1.170,
15,FC3,165,-0.193,
15,FC3,166,0.295,
15,FC3,167,1.760,
15,FC3,168,2.736,
15,FC3,169,3.713,
15,FC3,170,3.225,
15,FC3,171,0.783,
15,FC3,172,-2.635,
15,FC3,173,-6.053,
15,FC3,174,-8.006,
15,FC3,175,-8.006,
15,FC3,176,-7.029,
15,FC3,177,-5.564,
15,FC3,178,-3.611,
15,FC3,179,-2.146,
15,FC3,180,-1.170,
15,FC3,181,0.783,
15,FC3,182,1.760,
15,FC3,183,2.248,
15,FC3,184,1.272,
15,FC3,185,0.295,
15,FC3,186,-1.170,
15,FC3,187,-0.682,
15,FC3,188,0.295,
15,FC3,189,2.736,
15,FC3,190,3.713,
15,FC3,191,4.201,
15,FC3,192,3.225,
15,FC3,193,1.272,
15,FC3,194,-0.193,
15,FC3,195,-0.682,
15,FC3,196,-0.193,
15,FC3,197,0.783,
15,FC3,198,1.272,
15,FC3,199,1.272,
15,FC3,200,0.783,
15,FC3,201,-0.193,
15,FC3,202,-1.658,
15,FC3,203,-3.123,
15,FC3,204,-3.123,
15,FC3,205,-3.123,
15,FC3,206,-1.658,
15,FC3,207,-0.682,
15,FC3,208,-0.193,
15,FC3,209,0.295,
15,FC3,210,0.783,
15,FC3,211,1.272,
15,FC3,212,0.783,
15,FC3,213,-0.193,
15,FC3,214,-2.146,
15,FC3,215,-2.635,
15,FC3,216,-2.146,
15,FC3,217,-2.146,
15,FC3,218,-2.635,
15,FC3,219,-4.588,
15,FC3,220,-6.053,
15,FC3,221,-5.564,
15,FC3,222,-3.611,
15,FC3,223,-0.682,
15,FC3,224,1.272,
15,FC3,225,1.272,
15,FC3,226,-0.193,
15,FC3,227,-2.635,
15,FC3,228,-4.588,
15,FC3,229,-6.053,
15,FC3,230,-6.541,
15,FC3,231,-5.076,
15,FC3,232,-2.635,
15,FC3,233,-0.682,
15,FC3,234,0.295,
15,FC3,235,-1.170,
15,FC3,236,-3.611,
15,FC3,237,-5.564,
15,FC3,238,-6.541,
15,FC3,239,-5.564,
15,FC3,240,-5.076,
15,FC3,241,-4.588,
15,FC3,242,-4.100,
15,FC3,243,-2.146,
15,FC3,244,0.783,
15,FC3,245,3.225,
15,FC3,246,4.690,
15,FC3,247,4.201,
15,FC3,248,2.736,
15,FC3,249,0.783,
15,FC3,250,-0.193,
15,FC3,251,-0.193,
15,FC3,252,-0.193,
15,FC3,253,-0.193,
15,FC3,254,-0.193,
15,FC3,255,0.295,
15,C6,0,2.767,
15,C6,1,4.232,
15,C6,2,3.743,
15,C6,3,2.767,
15,C6,4,2.279,
15,C6,5,2.279,
15,C6,6,3.255,
15,C6,7,3.743,
15,C6,8,3.743,
15,C6,9,1.790,
15,C6,10,0.814,
15,C6,11,1.302,
15,C6,12,3.255,
15,C6,13,5.697,
15,C6,14,7.161,
15,C6,15,6.185,
15,C6,16,3.255,
15,C6,17,-0.651,
15,C6,18,-2.116,
15,C6,19,-1.139,
15,C6,20,1.790,
15,C6,21,4.720,
15,C6,22,6.673,
15,C6,23,7.161,
15,C6,24,7.161,
15,C6,25,6.673,
15,C6,26,6.673,
15,C6,27,5.208,
15,C6,28,3.743,
15,C6,29,2.279,
15,C6,30,1.302,
15,C6,31,1.790,
15,C6,32,2.767,
15,C6,33,4.720,
15,C6,34,7.161,
15,C6,35,10.579,
15,C6,36,13.021,
15,C6,37,13.509,
15,C6,38,10.091,
15,C6,39,5.697,
15,C6,40,0.814,
15,C6,41,-1.628,
15,C6,42,-2.604,
15,C6,43,-2.604,
15,C6,44,-1.628,
15,C6,45,0.814,
15,C6,46,4.232,
15,C6,47,7.161,
15,C6,48,8.626,
15,C6,49,8.138,
15,C6,50,6.673,
15,C6,51,5.208,
15,C6,52,4.720,
15,C6,53,4.720,
15,C6,54,6.185,
15,C6,55,7.650,
15,C6,56,9.115,
15,C6,57,11.068,
15,C6,58,12.044,
15,C6,59,11.556,
15,C6,60,11.068,
15,C6,61,10.091,
15,C6,62,8.138,
15,C6,63,5.697,
15,C6,64,3.255,
15,C6,65,1.302,
15,C6,66,0.326,
15,C6,67,1.790,
15,C6,68,4.232,
15,C6,69,7.161,
15,C6,70,8.138,
15,C6,71,6.673,
15,C6,72,3.743,
15,C6,73,1.302,
15,C6,74,-0.651,
15,C6,75,-1.139,
15,C6,76,-0.651,
15,C6,77,1.302,
15,C6,78,4.232,
15,C6,79,9.115,
15,C6,80,13.021,
15,C6,81,14.486,
15,C6,82,13.509,
15,C6,83,11.556,
15,C6,84,11.068,
15,C6,85,12.533,
15,C6,86,13.997,
15,C6,87,13.997,
15,C6,88,11.068,
15,C6,89,7.161,
15,C6,90,3.743,
15,C6,91,1.302,
15,C6,92,-0.163,
15,C6,93,-1.628,
15,C6,94,-2.604,
15,C6,95,-0.651,
15,C6,96,2.767,
15,C6,97,7.161,
15,C6,98,9.115,
15,C6,99,9.603,
15,C6,100,9.603,
15,C6,101,10.091,
15,C6,102,12.533,
15,C6,103,13.997,
15,C6,104,13.021,
15,C6,105,9.603,
15,C6,106,5.697,
15,C6,107,3.255,
15,C6,108,3.743,
15,C6,109,4.720,
15,C6,110,4.232,
15,C6,111,2.767,
15,C6,112,1.302,
15,C6,113,1.302,
15,C6,114,3.255,
15,C6,115,6.185,
15,C6,116,8.138,
15,C6,117,9.115,
15,C6,118,9.115,
15,C6,119,8.138,
15,C6,120,6.673,
15,C6,121,5.208,
15,C6,122,4.232,
15,C6,123,5.208,
15,C6,124,7.161,
15,C6,125,10.091,
15,C6,126,10.091,
15,C6,127,8.138,
15,C6,128,3.743,
15,C6,129,-0.163,
15,C6,130,-0.651,
15,C6,131,1.790,
15,C6,132,6.185,
15,C6,133,9.115,
15,C6,134,9.115,
15,C6,135,8.138,
15,C6,136,7.650,
15,C6,137,9.603,
15,C6,138,12.044,
15,C6,139,13.997,
15,C6,140,13.997,
15,C6,141,13.997,
15,C6,142,14.974,
15,C6,143,17.904,
15,C6,144,19.857,
15,C6,145,18.880,
15,C6,146,15.462,
15,C6,147,11.068,
15,C6,148,7.650,
15,C6,149,6.185,
15,C6,150,5.208,
15,C6,151,5.208,
15,C6,152,6.185,
15,C6,153,8.626,
15,C6,154,11.556,
15,C6,155,13.509,
15,C6,156,13.997,
15,C6,157,13.021,
15,C6,158,12.533,
15,C6,159,13.021,
15,C6,160,14.486,
15,C6,161,15.951,
15,C6,162,16.439,
15,C6,163,15.951,
15,C6,164,15.462,
15,C6,165,14.486,
15,C6,166,13.509,
15,C6,167,12.533,
15,C6,168,11.068,
15,C6,169,9.603,
15,C6,170,8.626,
15,C6,171,6.673,
15,C6,172,5.208,
15,C6,173,3.255,
15,C6,174,3.743,
15,C6,175,5.208,
15,C6,176,8.138,
15,C6,177,10.091,
15,C6,178,10.579,
15,C6,179,10.091,
15,C6,180,9.603,
15,C6,181,10.091,
15,C6,182,11.068,
15,C6,183,12.533,
15,C6,184,12.533,
15,C6,185,12.044,
15,C6,186,11.068,
15,C6,187,10.579,
15,C6,188,9.603,
15,C6,189,8.626,
15,C6,190,7.650,
15,C6,191,7.161,
15,C6,192,7.161,
15,C6,193,5.697,
15,C6,194,3.743,
15,C6,195,1.302,
15,C6,196,-0.163,
15,C6,197,0.814,
15,C6,198,2.767,
15,C6,199,5.208,
15,C6,200,7.161,
15,C6,201,8.626,
15,C6,202,10.091,
15,C6,203,12.044,
15,C6,204,13.509,
15,C6,205,13.997,
15,C6,206,13.997,
15,C6,207,12.533,
15,C6,208,11.556,
15,C6,209,10.091,
15,C6,210,8.626,
15,C6,211,6.673,
15,C6,212,4.720,
15,C6,213,3.255,
15,C6,214,3.255,
15,C6,215,4.232,
15,C6,216,6.673,
15,C6,217,9.115,
15,C6,218,11.556,
15,C6,219,13.509,
15,C6,220,14.974,
15,C6,221,15.951,
15,C6,222,16.927,
15,C6,223,17.904,
15,C6,224,18.392,
15,C6,225,17.415,
15,C6,226,14.486,
15,C6,227,11.068,
15,C6,228,7.650,
15,C6,229,6.673,
15,C6,230,8.626,
15,C6,231,11.068,
15,C6,232,13.021,
15,C6,233,12.533,
15,C6,234,10.091,
15,C6,235,7.161,
15,C6,236,5.208,
15,C6,237,4.720,
15,C6,238,5.208,
15,C6,239,6.185,
15,C6,240,8.138,
15,C6,241,11.068,
15,C6,242,14.486,
15,C6,243,17.415,
15,C6,244,18.392,
15,C6,245,16.439,
15,C6,246,13.997,
15,C6,247,11.556,
15,C6,248,11.068,
15,C6,249,10.579,
15,C6,250,8.626,
15,C6,251,6.185,
15,C6,252,4.232,
15,C6,253,5.208,
15,C6,254,8.626,
15,C6,255,13.021,
15,C5,0,0.773,
15,C5,1,1.750,
15,C5,2,3.215,
15,C5,3,5.168,
15,C5,4,6.632,
15,C5,5,7.121,
15,C5,6,6.632,
15,C5,7,6.144,
15,C5,8,6.144,
15,C5,9,7.609,
15,C5,10,9.562,
15,C5,11,10.539,
15,C5,12,11.515,
15,C5,13,12.004,
15,C5,14,11.027,
15,C5,15,9.074,
15,C5,16,7.609,
15,C5,17,6.144,
15,C5,18,5.168,
15,C5,19,3.703,
15,C5,20,2.238,
15,C5,21,1.750,
15,C5,22,2.726,
15,C5,23,3.215,
15,C5,24,3.215,
15,C5,25,1.261,
15,C5,26,-0.692,
15,C5,27,-1.180,
15,C5,28,-0.203,
15,C5,29,2.238,
15,C5,30,5.168,
15,C5,31,8.097,
15,C5,32,10.539,
15,C5,33,11.515,
15,C5,34,10.539,
15,C5,35,7.121,
15,C5,36,3.703,
15,C5,37,1.261,
15,C5,38,0.773,
15,C5,39,1.261,
15,C5,40,1.261,
15,C5,41,0.773,
15,C5,42,0.773,
15,C5,43,2.238,
15,C5,44,4.191,
15,C5,45,4.679,
15,C5,46,3.215,
15,C5,47,0.285,
15,C5,48,-1.668,
15,C5,49,-3.621,
15,C5,50,-4.110,
15,C5,51,-3.621,
15,C5,52,-0.692,
15,C5,53,4.679,
15,C5,54,11.027,
15,C5,55,17.375,
15,C5,56,19.328,
15,C5,57,17.375,
15,C5,58,12.980,
15,C5,59,9.074,
15,C5,60,8.097,
15,C5,61,8.586,
15,C5,62,9.562,
15,C5,63,9.074,
15,C5,64,9.074,
15,C5,65,9.562,
15,C5,66,10.539,
15,C5,67,10.539,
15,C5,68,9.562,
15,C5,69,8.097,
15,C5,70,7.121,
15,C5,71,7.609,
15,C5,72,9.074,
15,C5,73,10.539,
15,C5,74,11.027,
15,C5,75,10.539,
15,C5,76,9.562,
15,C5,77,9.074,
15,C5,78,8.097,
15,C5,79,5.656,
15,C5,80,3.215,
15,C5,81,1.261,
15,C5,82,0.285,
15,C5,83,-0.203,
15,C5,84,-0.203,
15,C5,85,-0.203,
15,C5,86,-0.203,
15,C5,87,0.773,
15,C5,88,1.750,
15,C5,89,2.238,
15,C5,90,1.750,
15,C5,91,0.773,
15,C5,92,-1.180,
15,C5,93,-1.668,
15,C5,94,-1.668,
15,C5,95,-1.668,
15,C5,96,-2.157,
15,C5,97,-2.157,
15,C5,98,-1.180,
15,C5,99,0.773,
15,C5,100,1.750,
15,C5,101,1.750,
15,C5,102,0.285,
15,C5,103,-1.180,
15,C5,104,-1.180,
15,C5,105,-0.692,
15,C5,106,-0.203,
15,C5,107,-0.203,
15,C5,108,-0.692,
15,C5,109,-2.157,
15,C5,110,-2.645,
15,C5,111,-3.133,
15,C5,112,-3.621,
15,C5,113,-4.598,
15,C5,114,-4.598,
15,C5,115,-3.621,
15,C5,116,-1.668,
15,C5,117,0.285,
15,C5,118,1.750,
15,C5,119,3.703,
15,C5,120,5.656,
15,C5,121,7.609,
15,C5,122,9.074,
15,C5,123,9.562,
15,C5,124,10.539,
15,C5,125,11.027,
15,C5,126,11.515,
15,C5,127,11.515,
15,C5,128,10.539,
15,C5,129,9.074,
15,C5,130,7.121,
15,C5,131,6.144,
15,C5,132,6.632,
15,C5,133,7.121,
15,C5,134,6.632,
15,C5,135,5.656,
15,C5,136,4.679,
15,C5,137,5.168,
15,C5,138,6.632,
15,C5,139,8.586,
15,C5,140,9.562,
15,C5,141,9.562,
15,C5,142,10.050,
15,C5,143,10.050,
15,C5,144,10.050,
15,C5,145,10.539,
15,C5,146,11.027,
15,C5,147,12.004,
15,C5,148,12.492,
15,C5,149,12.492,
15,C5,150,12.492,
15,C5,151,11.027,
15,C5,152,9.562,
15,C5,153,8.097,
15,C5,154,6.632,
15,C5,155,5.656,
15,C5,156,5.656,
15,C5,157,5.168,
15,C5,158,4.679,
15,C5,159,3.703,
15,C5,160,2.726,
15,C5,161,1.750,
15,C5,162,2.238,
15,C5,163,3.215,
15,C5,164,4.679,
15,C5,165,6.144,
15,C5,166,8.097,
15,C5,167,10.539,
15,C5,168,12.004,
15,C5,169,12.004,
15,C5,170,10.050,
15,C5,171,7.121,
15,C5,172,4.191,
15,C5,173,1.261,
15,C5,174,-1.180,
15,C5,175,-2.645,
15,C5,176,-2.157,
15,C5,177,-0.692,
15,C5,178,2.726,
15,C5,179,6.632,
15,C5,180,9.562,
15,C5,181,11.027,
15,C5,182,11.515,
15,C5,183,12.004,
15,C5,184,12.492,
15,C5,185,12.492,
15,C5,186,10.050,
15,C5,187,6.632,
15,C5,188,4.679,
15,C5,189,6.144,
15,C5,190,10.050,
15,C5,191,14.933,
15,C5,192,17.863,
15,C5,193,18.351,
15,C5,194,15.910,
15,C5,195,13.468,
15,C5,196,12.004,
15,C5,197,11.515,
15,C5,198,11.515,
15,C5,199,11.027,
15,C5,200,10.539,
15,C5,201,10.050,
15,C5,202,9.074,
15,C5,203,8.097,
15,C5,204,6.632,
15,C5,205,6.632,
15,C5,206,7.609,
15,C5,207,9.074,
15,C5,208,12.004,
15,C5,209,14.445,
15,C5,210,16.398,
15,C5,211,16.886,
15,C5,212,14.933,
15,C5,213,12.004,
15,C5,214,9.074,
15,C5,215,7.121,
15,C5,216,6.632,
15,C5,217,5.168,
15,C5,218,3.215,
15,C5,219,0.285,
15,C5,220,-1.668,
15,C5,221,-1.668,
15,C5,222,1.261,
15,C5,223,4.679,
15,C5,224,7.121,
15,C5,225,7.609,
15,C5,226,6.144,
15,C5,227,4.679,
15,C5,228,3.215,
15,C5,229,2.726,
15,C5,230,4.191,
15,C5,231,7.121,
15,C5,232,12.004,
15,C5,233,15.422,
15,C5,234,15.910,
15,C5,235,12.980,
15,C5,236,7.121,
15,C5,237,0.773,
15,C5,238,-3.621,
15,C5,239,-6.063,
15,C5,240,-6.551,
15,C5,241,-5.575,
15,C5,242,-3.133,
15,C5,243,-0.203,
15,C5,244,3.215,
15,C5,245,5.168,
15,C5,246,5.168,
15,C5,247,4.191,
15,C5,248,2.726,
15,C5,249,1.750,
15,C5,250,1.750,
15,C5,251,1.750,
15,C5,252,2.238,
15,C5,253,3.215,
15,C5,254,3.703,
15,C5,255,3.703,
15,F2,0,-2.716,
15,F2,1,-2.228,
15,F2,2,0.214,
15,F2,3,3.632,
15,F2,4,7.050,
15,F2,5,9.003,
15,F2,6,9.979,
15,F2,7,9.491,
15,F2,8,9.003,
15,F2,9,7.050,
15,F2,10,5.096,
15,F2,11,3.143,
15,F2,12,2.655,
15,F2,13,3.632,
15,F2,14,5.096,
15,F2,15,6.073,
15,F2,16,6.073,
15,F2,17,3.632,
15,F2,18,0.702,
15,F2,19,-1.251,
15,F2,20,-1.740,
15,F2,21,-0.275,
15,F2,22,2.167,
15,F2,23,3.143,
15,F2,24,3.143,
15,F2,25,2.167,
15,F2,26,1.190,
15,F2,27,1.190,
15,F2,28,0.702,
15,F2,29,0.702,
15,F2,30,1.190,
15,F2,31,2.655,
15,F2,32,5.585,
15,F2,33,9.979,
15,F2,34,14.374,
15,F2,35,17.303,
15,F2,36,17.303,
15,F2,37,15.350,
15,F2,38,11.932,
15,F2,39,8.514,
15,F2,40,6.073,
15,F2,41,5.096,
15,F2,42,4.120,
15,F2,43,3.632,
15,F2,44,4.120,
15,F2,45,4.608,
15,F2,46,5.585,
15,F2,47,5.585,
15,F2,48,4.608,
15,F2,49,3.143,
15,F2,50,2.167,
15,F2,51,2.655,
15,F2,52,4.120,
15,F2,53,5.585,
15,F2,54,7.050,
15,F2,55,8.514,
15,F2,56,9.979,
15,F2,57,11.932,
15,F2,58,14.374,
15,F2,59,14.862,
15,F2,60,12.909,
15,F2,61,8.514,
15,F2,62,4.608,
15,F2,63,1.190,
15,F2,64,-0.763,
15,F2,65,-1.251,
15,F2,66,-1.740,
15,F2,67,-2.228,
15,F2,68,-1.740,
15,F2,69,-0.763,
15,F2,70,0.702,
15,F2,71,1.678,
15,F2,72,1.190,
15,F2,73,0.702,
15,F2,74,0.702,
15,F2,75,2.655,
15,F2,76,5.585,
15,F2,77,8.514,
15,F2,78,10.956,
15,F2,79,11.932,
15,F2,80,11.932,
15,F2,81,9.979,
15,F2,82,7.050,
15,F2,83,3.143,
15,F2,84,-0.763,
15,F2,85,-4.669,
15,F2,86,-6.622,
15,F2,87,-7.111,
15,F2,88,-6.134,
15,F2,89,-4.669,
15,F2,90,-3.204,
15,F2,91,-1.740,
15,F2,92,-0.275,
15,F2,93,2.167,
15,F2,94,4.608,
15,F2,95,6.561,
15,F2,96,6.561,
15,F2,97,5.585,
15,F2,98,2.655,
15,F2,99,0.702,
15,F2,100,0.214,
15,F2,101,0.702,
15,F2,102,1.678,
15,F2,103,2.167,
15,F2,104,1.190,
15,F2,105,0.214,
15,F2,106,-1.740,
15,F2,107,-4.181,
15,F2,108,-7.111,
15,F2,109,-9.064,
15,F2,110,-11.017,
15,F2,111,-12.970,
15,F2,112,-13.947,
15,F2,113,-13.947,
15,F2,114,-12.970,
15,F2,115,-11.017,
15,F2,116,-8.575,
15,F2,117,-5.157,
15,F2,118,-2.228,
15,F2,119,0.214,
15,F2,120,2.655,
15,F2,121,5.585,
15,F2,122,8.026,
15,F2,123,9.491,
15,F2,124,9.003,
15,F2,125,6.073,
15,F2,126,2.167,
15,F2,127,-2.228,
15,F2,128,-5.646,
15,F2,129,-8.575,
15,F2,130,-10.529,
15,F2,131,-11.993,
15,F2,132,-12.482,
15,F2,133,-12.970,
15,F2,134,-12.970,
15,F2,135,-12.970,
15,F2,136,-13.947,
15,F2,137,-14.923,
15,F2,138,-14.435,
15,F2,139,-12.482,
15,F2,140,-9.064,
15,F2,141,-5.646,
15,F2,142,-3.693,
15,F2,143,-3.204,
15,F2,144,-3.693,
15,F2,145,-4.181,
15,F2,146,-3.693,
15,F2,147,-3.204,
15,F2,148,-3.204,
15,F2,149,-3.204,
15,F2,150,-4.181,
15,F2,151,-4.669,
15,F2,152,-5.646,
15,F2,153,-7.599,
15,F2,154,-9.552,
15,F2,155,-11.993,
15,F2,156,-13.458,
15,F2,157,-12.482,
15,F2,158,-11.017,
15,F2,159,-9.064,
15,F2,160,-8.575,
15,F2,161,-8.575,
15,F2,162,-8.087,
15,F2,163,-7.111,
15,F2,164,-6.134,
15,F2,165,-5.157,
15,F2,166,-4.669,
15,F2,167,-3.693,
15,F2,168,-2.228,
15,F2,169,-0.763,
15,F2,170,-0.763,
15,F2,171,-2.228,
15,F2,172,-5.646,
15,F2,173,-9.064,
15,F2,174,-11.017,
15,F2,175,-11.017,
15,F2,176,-9.552,
15,F2,177,-8.087,
15,F2,178,-8.087,
15,F2,179,-9.064,
15,F2,180,-9.064,
15,F2,181,-8.087,
15,F2,182,-6.622,
15,F2,183,-5.157,
15,F2,184,-5.157,
15,F2,185,-5.646,
15,F2,186,-5.646,
15,F2,187,-5.157,
15,F2,188,-3.693,
15,F2,189,-2.716,
15,F2,190,-1.740,
15,F2,191,-1.251,
15,F2,192,-1.740,
15,F2,193,-2.716,
15,F2,194,-3.204,
15,F2,195,-2.716,
15,F2,196,-1.740,
15,F2,197,-0.763,
15,F2,198,-0.275,
15,F2,199,-1.740,
15,F2,200,-4.181,
15,F2,201,-6.622,
15,F2,202,-8.087,
15,F2,203,-8.087,
15,F2,204,-6.134,
15,F2,205,-4.181,
15,F2,206,-3.204,
15,F2,207,-3.204,
15,F2,208,-4.181,
15,F2,209,-5.157,
15,F2,210,-5.646,
15,F2,211,-5.646,
15,F2,212,-5.646,
15,F2,213,-6.134,
15,F2,214,-6.134,
15,F2,215,-4.669,
15,F2,216,-2.716,
15,F2,217,-1.251,
15,F2,218,-1.251,
15,F2,219,-2.716,
15,F2,220,-4.181,
15,F2,221,-3.693,
15,F2,222,-1.740,
15,F2,223,0.214,
15,F2,224,0.702,
15,F2,225,-0.763,
15,F2,226,-4.181,
15,F2,227,-7.599,
15,F2,228,-10.529,
15,F2,229,-11.505,
15,F2,230,-10.529,
15,F2,231,-8.087,
15,F2,232,-5.646,
15,F2,233,-4.669,
15,F2,234,-6.134,
15,F2,235,-9.064,
15,F2,236,-11.505,
15,F2,237,-11.993,
15,F2,238,-10.529,
15,F2,239,-7.599,
15,F2,240,-4.669,
15,F2,241,-1.251,
15,F2,242,0.702,
15,F2,243,2.655,
15,F2,244,2.655,
15,F2,245,1.678,
15,F2,246,0.214,
15,F2,247,-1.740,
15,F2,248,-2.228,
15,F2,249,-3.204,
15,F2,250,-3.204,
15,F2,251,-3.693,
15,F2,252,-3.693,
15,F2,253,-3.204,
15,F2,254,-2.228,
15,F2,255,-0.763,
15,F1,0,-2.523,
15,F1,1,-3.499,
15,F1,2,-3.988,
15,F1,3,-2.035,
15,F1,4,1.872,
15,F1,5,5.778,
15,F1,6,9.196,
15,F1,7,10.173,
15,F1,8,8.708,
15,F1,9,6.266,
15,F1,10,3.825,
15,F1,11,2.848,
15,F1,12,2.360,
15,F1,13,2.360,
15,F1,14,1.872,
15,F1,15,1.872,
15,F1,16,1.383,
15,F1,17,1.383,
15,F1,18,0.407,
15,F1,19,-0.570,
15,F1,20,-2.035,
15,F1,21,-2.035,
15,F1,22,-1.058,
15,F1,23,0.407,
15,F1,24,1.872,
15,F1,25,1.383,
15,F1,26,-0.081,
15,F1,27,-1.546,
15,F1,28,-2.035,
15,F1,29,-1.058,
15,F1,30,1.383,
15,F1,31,3.337,
15,F1,32,5.290,
15,F1,33,7.243,
15,F1,34,9.196,
15,F1,35,11.637,
15,F1,36,13.590,
15,F1,37,13.590,
15,F1,38,12.126,
15,F1,39,9.684,
15,F1,40,6.755,
15,F1,41,5.290,
15,F1,42,2.848,
15,F1,43,2.360,
15,F1,44,1.383,
15,F1,45,1.383,
15,F1,46,0.895,
15,F1,47,0.407,
15,F1,48,-0.081,
15,F1,49,-1.058,
15,F1,50,-1.058,
15,F1,51,-0.081,
15,F1,52,2.360,
15,F1,53,5.290,
15,F1,54,8.219,
15,F1,55,10.173,
15,F1,56,10.661,
15,F1,57,11.149,
15,F1,58,11.149,
15,F1,59,11.149,
15,F1,60,10.173,
15,F1,61,8.708,
15,F1,62,6.266,
15,F1,63,3.825,
15,F1,64,2.360,
15,F1,65,1.872,
15,F1,66,1.872,
15,F1,67,1.383,
15,F1,68,0.407,
15,F1,69,-0.081,
15,F1,70,-0.570,
15,F1,71,-0.081,
15,F1,72,0.895,
15,F1,73,1.872,
15,F1,74,3.825,
15,F1,75,6.266,
15,F1,76,8.708,
15,F1,77,11.637,
15,F1,78,14.079,
15,F1,79,15.544,
15,F1,80,14.567,
15,F1,81,12.126,
15,F1,82,8.219,
15,F1,83,3.825,
15,F1,84,-0.570,
15,F1,85,-3.988,
15,F1,86,-5.452,
15,F1,87,-5.941,
15,F1,88,-4.476,
15,F1,89,-2.035,
15,F1,90,-0.081,
15,F1,91,2.360,
15,F1,92,3.825,
15,F1,93,5.778,
15,F1,94,7.243,
15,F1,95,8.219,
15,F1,96,7.731,
15,F1,97,6.755,
15,F1,98,4.313,
15,F1,99,2.360,
15,F1,100,0.407,
15,F1,101,-0.570,
15,F1,102,-0.570,
15,F1,103,-0.081,
15,F1,104,0.895,
15,F1,105,0.895,
15,F1,106,0.407,
15,F1,107,-1.546,
15,F1,108,-3.499,
15,F1,109,-5.941,
15,F1,110,-8.382,
15,F1,111,-10.335,
15,F1,112,-11.312,
15,F1,113,-11.312,
15,F1,114,-10.335,
15,F1,115,-8.382,
15,F1,116,-5.941,
15,F1,117,-3.499,
15,F1,118,-1.058,
15,F1,119,1.872,
15,F1,120,5.290,
15,F1,121,8.219,
15,F1,122,11.637,
15,F1,123,13.590,
15,F1,124,14.079,
15,F1,125,12.126,
15,F1,126,8.708,
15,F1,127,5.290,
15,F1,128,1.383,
15,F1,129,-1.546,
15,F1,130,-3.499,
15,F1,131,-5.941,
15,F1,132,-7.894,
15,F1,133,-9.359,
15,F1,134,-9.847,
15,F1,135,-9.359,
15,F1,136,-8.382,
15,F1,137,-7.894,
15,F1,138,-7.406,
15,F1,139,-5.941,
15,F1,140,-4.476,
15,F1,141,-1.058,
15,F1,142,2.360,
15,F1,143,4.313,
15,F1,144,5.290,
15,F1,145,4.801,
15,F1,146,3.825,
15,F1,147,3.825,
15,F1,148,4.313,
15,F1,149,5.290,
15,F1,150,5.290,
15,F1,151,4.801,
15,F1,152,3.825,
15,F1,153,1.872,
15,F1,154,-0.081,
15,F1,155,-2.523,
15,F1,156,-4.476,
15,F1,157,-5.452,
15,F1,158,-4.964,
15,F1,159,-3.499,
15,F1,160,-2.523,
15,F1,161,-1.546,
15,F1,162,-1.058,
15,F1,163,-1.058,
15,F1,164,-0.081,
15,F1,165,1.383,
15,F1,166,2.360,
15,F1,167,3.337,
15,F1,168,3.825,
15,F1,169,4.313,
15,F1,170,5.290,
15,F1,171,5.290,
15,F1,172,4.313,
15,F1,173,1.383,
15,F1,174,-1.546,
15,F1,175,-3.499,
15,F1,176,-4.476,
15,F1,177,-3.011,
15,F1,178,-1.058,
15,F1,179,0.407,
15,F1,180,0.895,
15,F1,181,1.383,
15,F1,182,2.848,
15,F1,183,4.313,
15,F1,184,5.290,
15,F1,185,5.778,
15,F1,186,4.801,
15,F1,187,4.313,
15,F1,188,4.801,
15,F1,189,6.266,
15,F1,190,8.708,
15,F1,191,10.661,
15,F1,192,10.661,
15,F1,193,9.196,
15,F1,194,6.755,
15,F1,195,5.290,
15,F1,196,4.801,
15,F1,197,5.290,
15,F1,198,6.755,
15,F1,199,7.731,
15,F1,200,7.731,
15,F1,201,6.755,
15,F1,202,4.801,
15,F1,203,3.825,
15,F1,204,2.848,
15,F1,205,2.848,
15,F1,206,3.825,
15,F1,207,4.313,
15,F1,208,4.313,
15,F1,209,4.313,
15,F1,210,4.313,
15,F1,211,4.801,
15,F1,212,5.778,
15,F1,213,7.243,
15,F1,214,7.731,
15,F1,215,7.731,
15,F1,216,6.755,
15,F1,217,5.778,
15,F1,218,4.801,
15,F1,219,3.337,
15,F1,220,2.360,
15,F1,221,1.383,
15,F1,222,1.383,
15,F1,223,2.848,
15,F1,224,5.290,
15,F1,225,7.243,
15,F1,226,7.243,
15,F1,227,4.801,
15,F1,228,0.895,
15,F1,229,-2.035,
15,F1,230,-3.499,
15,F1,231,-2.035,
15,F1,232,0.407,
15,F1,233,2.360,
15,F1,234,2.360,
15,F1,235,1.383,
15,F1,236,-0.081,
15,F1,237,-1.546,
15,F1,238,-1.546,
15,F1,239,-0.081,
15,F1,240,1.872,
15,F1,241,3.825,
15,F1,242,5.778,
15,F1,243,7.243,
15,F1,244,8.708,
15,F1,245,10.661,
15,F1,246,11.637,
15,F1,247,11.637,
15,F1,248,10.661,
15,F1,249,9.684,
15,F1,250,8.219,
15,F1,251,7.243,
15,F1,252,6.755,
15,F1,253,6.266,
15,F1,254,5.778,
15,F1,255,5.778,
15,TP8,0,0.641,
15,TP8,1,1.617,
15,TP8,2,2.594,
15,TP8,3,3.082,
15,TP8,4,3.082,
15,TP8,5,1.617,
15,TP8,6,0.153,
15,TP8,7,-0.824,
15,TP8,8,-0.824,
15,TP8,9,-0.824,
15,TP8,10,-0.824,
15,TP8,11,-1.312,
15,TP8,12,-0.336,
15,TP8,13,2.106,
15,TP8,14,5.035,
15,TP8,15,8.453,
15,TP8,16,9.430,
15,TP8,17,7.965,
15,TP8,18,5.524,
15,TP8,19,3.082,
15,TP8,20,2.106,
15,TP8,21,3.082,
15,TP8,22,4.059,
15,TP8,23,5.035,
15,TP8,24,5.035,
15,TP8,25,4.547,
15,TP8,26,4.059,
15,TP8,27,4.059,
15,TP8,28,3.082,
15,TP8,29,1.617,
15,TP8,30,0.153,
15,TP8,31,-0.336,
15,TP8,32,-0.336,
15,TP8,33,0.641,
15,TP8,34,2.594,
15,TP8,35,4.547,
15,TP8,36,6.500,
15,TP8,37,7.477,
15,TP8,38,6.989,
15,TP8,39,3.571,
15,TP8,40,-1.312,
15,TP8,41,-6.683,
15,TP8,42,-11.078,
15,TP8,43,-13.031,
15,TP8,44,-12.054,
15,TP8,45,-8.636,
15,TP8,46,-4.242,
15,TP8,47,0.153,
15,TP8,48,3.082,
15,TP8,49,4.547,
15,TP8,50,4.547,
15,TP8,51,3.571,
15,TP8,52,2.106,
15,TP8,53,2.594,
15,TP8,54,5.035,
15,TP8,55,8.453,
15,TP8,56,11.871,
15,TP8,57,14.313,
15,TP8,58,15.289,
15,TP8,59,14.801,
15,TP8,60,13.824,
15,TP8,61,12.848,
15,TP8,62,11.871,
15,TP8,63,9.918,
15,TP8,64,6.989,
15,TP8,65,3.571,
15,TP8,66,0.153,
15,TP8,67,-0.824,
15,TP8,68,0.153,
15,TP8,69,2.594,
15,TP8,70,5.035,
15,TP8,71,6.012,
15,TP8,72,5.035,
15,TP8,73,1.617,
15,TP8,74,-1.312,
15,TP8,75,-3.265,
15,TP8,76,-2.289,
15,TP8,77,1.129,
15,TP8,78,6.012,
15,TP8,79,11.871,
15,TP8,80,16.266,
15,TP8,81,18.707,
15,TP8,82,18.707,
15,TP8,83,17.242,
15,TP8,84,15.289,
15,TP8,85,14.313,
15,TP8,86,14.313,
15,TP8,87,14.801,
15,TP8,88,13.824,
15,TP8,89,10.406,
15,TP8,90,5.524,
15,TP8,91,0.153,
15,TP8,92,-3.754,
15,TP8,93,-4.730,
15,TP8,94,-3.754,
15,TP8,95,-2.289,
15,TP8,96,-0.336,
15,TP8,97,3.082,
15,TP8,98,6.012,
15,TP8,99,9.918,
15,TP8,100,13.824,
15,TP8,101,17.242,
15,TP8,102,19.196,
15,TP8,103,20.660,
15,TP8,104,19.684,
15,TP8,105,17.731,
15,TP8,106,13.824,
15,TP8,107,9.430,
15,TP8,108,5.524,
15,TP8,109,4.059,
15,TP8,110,3.571,
15,TP8,111,3.571,
15,TP8,112,2.594,
15,TP8,113,1.129,
15,TP8,114,0.153,
15,TP8,115,0.641,
15,TP8,116,3.082,
15,TP8,117,6.012,
15,TP8,118,8.453,
15,TP8,119,9.430,
15,TP8,120,8.942,
15,TP8,121,7.477,
15,TP8,122,6.500,
15,TP8,123,6.500,
15,TP8,124,7.477,
15,TP8,125,9.918,
15,TP8,126,11.383,
15,TP8,127,11.871,
15,TP8,128,9.918,
15,TP8,129,6.989,
15,TP8,130,4.059,
15,TP8,131,3.082,
15,TP8,132,4.547,
15,TP8,133,7.965,
15,TP8,134,10.406,
15,TP8,135,11.383,
15,TP8,136,10.895,
15,TP8,137,9.918,
15,TP8,138,10.895,
15,TP8,139,13.336,
15,TP8,140,15.289,
15,TP8,141,17.242,
15,TP8,142,18.707,
15,TP8,143,19.684,
15,TP8,144,21.637,
15,TP8,145,23.590,
15,TP8,146,23.102,
15,TP8,147,19.684,
15,TP8,148,13.336,
15,TP8,149,6.989,
15,TP8,150,3.082,
15,TP8,151,2.594,
15,TP8,152,5.524,
15,TP8,153,9.430,
15,TP8,154,12.848,
15,TP8,155,14.801,
15,TP8,156,14.801,
15,TP8,157,14.801,
15,TP8,158,14.801,
15,TP8,159,15.289,
15,TP8,160,15.289,
15,TP8,161,15.778,
15,TP8,162,15.778,
15,TP8,163,16.266,
15,TP8,164,16.266,
15,TP8,165,15.778,
15,TP8,166,15.289,
15,TP8,167,14.313,
15,TP8,168,12.848,
15,TP8,169,10.406,
15,TP8,170,7.477,
15,TP8,171,4.547,
15,TP8,172,1.129,
15,TP8,173,-0.336,
15,TP8,174,-0.824,
15,TP8,175,0.153,
15,TP8,176,2.594,
15,TP8,177,5.035,
15,TP8,178,7.477,
15,TP8,179,8.942,
15,TP8,180,9.918,
15,TP8,181,10.895,
15,TP8,182,10.895,
15,TP8,183,11.383,
15,TP8,184,10.895,
15,TP8,185,9.918,
15,TP8,186,8.453,
15,TP8,187,6.500,
15,TP8,188,5.035,
15,TP8,189,5.035,
15,TP8,190,5.524,
15,TP8,191,6.012,
15,TP8,192,6.012,
15,TP8,193,5.035,
15,TP8,194,3.082,
15,TP8,195,0.641,
15,TP8,196,-1.312,
15,TP8,197,-2.289,
15,TP8,198,-1.312,
15,TP8,199,1.129,
15,TP8,200,4.059,
15,TP8,201,6.989,
15,TP8,202,8.942,
15,TP8,203,9.430,
15,TP8,204,9.430,
15,TP8,205,9.918,
15,TP8,206,10.895,
15,TP8,207,11.871,
15,TP8,208,12.360,
15,TP8,209,11.871,
15,TP8,210,9.918,
15,TP8,211,7.477,
15,TP8,212,5.035,
15,TP8,213,2.106,
15,TP8,214,0.153,
15,TP8,215,-0.824,
15,TP8,216,0.153,
15,TP8,217,2.594,
15,TP8,218,6.500,
15,TP8,219,10.406,
15,TP8,220,13.824,
15,TP8,221,15.778,
15,TP8,222,16.754,
15,TP8,223,17.731,
15,TP8,224,18.707,
15,TP8,225,18.219,
15,TP8,226,16.266,
15,TP8,227,13.336,
15,TP8,228,9.430,
15,TP8,229,7.477,
15,TP8,230,7.477,
15,TP8,231,9.430,
15,TP8,232,12.848,
15,TP8,233,14.801,
15,TP8,234,14.801,
15,TP8,235,12.848,
15,TP8,236,10.406,
15,TP8,237,8.453,
15,TP8,238,7.477,
15,TP8,239,7.965,
15,TP8,240,8.942,
15,TP8,241,10.406,
15,TP8,242,12.848,
15,TP8,243,15.289,
15,TP8,244,17.731,
15,TP8,245,18.707,
15,TP8,246,18.707,
15,TP8,247,17.242,
15,TP8,248,15.289,
15,TP8,249,13.824,
15,TP8,250,11.871,
15,TP8,251,9.430,
15,TP8,252,6.500,
15,TP8,253,5.035,
15,TP8,254,5.524,
15,TP8,255,9.430,
15,TP7,0,-2.035,
15,TP7,1,-0.081,
15,TP7,2,2.360,
15,TP7,3,5.778,
15,TP7,4,8.708,
15,TP7,5,10.661,
15,TP7,6,10.661,
15,TP7,7,8.708,
15,TP7,8,5.778,
15,TP7,9,2.848,
15,TP7,10,1.872,
15,TP7,11,3.337,
15,TP7,12,5.290,
15,TP7,13,7.731,
15,TP7,14,8.708,
15,TP7,15,8.708,
15,TP7,16,7.731,
15,TP7,17,6.755,
15,TP7,18,6.266,
15,TP7,19,5.778,
15,TP7,20,5.290,
15,TP7,21,4.313,
15,TP7,22,2.848,
15,TP7,23,2.360,
15,TP7,24,1.872,
15,TP7,25,1.383,
15,TP7,26,0.895,
15,TP7,27,-0.570,
15,TP7,28,-2.035,
15,TP7,29,-2.523,
15,TP7,30,-0.570,
15,TP7,31,2.848,
15,TP7,32,6.755,
15,TP7,33,10.173,
15,TP7,34,10.661,
15,TP7,35,9.196,
15,TP7,36,6.755,
15,TP7,37,3.825,
15,TP7,38,1.872,
15,TP7,39,0.895,
15,TP7,40,-0.570,
15,TP7,41,-2.035,
15,TP7,42,-3.011,
15,TP7,43,-3.499,
15,TP7,44,-3.988,
15,TP7,45,-3.499,
15,TP7,46,-3.499,
15,TP7,47,-3.988,
15,TP7,48,-5.452,
15,TP7,49,-6.429,
15,TP7,50,-6.917,
15,TP7,51,-6.429,
15,TP7,52,-4.476,
15,TP7,53,-0.570,
15,TP7,54,4.801,
15,TP7,55,11.637,
15,TP7,56,17.008,
15,TP7,57,19.938,
15,TP7,58,18.962,
15,TP7,59,14.079,
15,TP7,60,8.219,
15,TP7,61,2.360,
15,TP7,62,-0.570,
15,TP7,63,-1.546,
15,TP7,64,-0.570,
15,TP7,65,1.383,
15,TP7,66,3.337,
15,TP7,67,5.778,
15,TP7,68,7.243,
15,TP7,69,7.731,
15,TP7,70,6.755,
15,TP7,71,5.778,
15,TP7,72,4.801,
15,TP7,73,5.778,
15,TP7,74,7.731,
15,TP7,75,10.173,
15,TP7,76,12.126,
15,TP7,77,13.590,
15,TP7,78,13.590,
15,TP7,79,12.614,
15,TP7,80,9.684,
15,TP7,81,5.778,
15,TP7,82,1.383,
15,TP7,83,-1.058,
15,TP7,84,-1.058,
15,TP7,85,0.895,
15,TP7,86,3.337,
15,TP7,87,4.313,
15,TP7,88,3.825,
15,TP7,89,1.383,
15,TP7,90,-1.058,
15,TP7,91,-2.523,
15,TP7,92,-2.523,
15,TP7,93,-2.523,
15,TP7,94,-3.011,
15,TP7,95,-3.988,
15,TP7,96,-5.452,
15,TP7,97,-4.964,
15,TP7,98,-2.035,
15,TP7,99,2.360,
15,TP7,100,6.755,
15,TP7,101,8.708,
15,TP7,102,7.243,
15,TP7,103,3.825,
15,TP7,104,0.407,
15,TP7,105,-1.546,
15,TP7,106,-2.035,
15,TP7,107,-0.570,
15,TP7,108,0.407,
15,TP7,109,0.895,
15,TP7,110,0.895,
15,TP7,111,-0.081,
15,TP7,112,-1.546,
15,TP7,113,-2.523,
15,TP7,114,-3.499,
15,TP7,115,-3.499,
15,TP7,116,-1.546,
15,TP7,117,1.383,
15,TP7,118,4.801,
15,TP7,119,7.731,
15,TP7,120,8.708,
15,TP7,121,9.196,
15,TP7,122,9.196,
15,TP7,123,9.196,
15,TP7,124,9.196,
15,TP7,125,8.708,
15,TP7,126,8.219,
15,TP7,127,7.243,
15,TP7,128,6.755,
15,TP7,129,6.755,
15,TP7,130,6.755,
15,TP7,131,6.266,
15,TP7,132,5.778,
15,TP7,133,5.290,
15,TP7,134,4.801,
15,TP7,135,5.290,
15,TP7,136,5.290,
15,TP7,137,5.290,
15,TP7,138,5.290,
15,TP7,139,6.266,
15,TP7,140,7.731,
15,TP7,141,10.173,
15,TP7,142,12.126,
15,TP7,143,13.102,
15,TP7,144,13.102,
15,TP7,145,12.614,
15,TP7,146,12.126,
15,TP7,147,11.637,
15,TP7,148,11.149,
15,TP7,149,10.661,
15,TP7,150,9.684,
15,TP7,151,8.219,
15,TP7,152,7.243,
15,TP7,153,6.266,
15,TP7,154,4.801,
15,TP7,155,3.337,
15,TP7,156,2.360,
15,TP7,157,1.872,
15,TP7,158,2.848,
15,TP7,159,4.313,
15,TP7,160,5.778,
15,TP7,161,6.266,
15,TP7,162,5.778,
15,TP7,163,4.313,
15,TP7,164,3.825,
15,TP7,165,4.313,
15,TP7,166,4.801,
15,TP7,167,6.266,
15,TP7,168,7.243,
15,TP7,169,8.219,
15,TP7,170,7.731,
15,TP7,171,6.266,
15,TP7,172,3.825,
15,TP7,173,1.383,
15,TP7,174,-0.570,
15,TP7,175,-2.035,
15,TP7,176,-2.523,
15,TP7,177,-2.035,
15,TP7,178,-2.035,
15,TP7,179,-1.058,
15,TP7,180,-0.081,
15,TP7,181,1.872,
15,TP7,182,3.825,
15,TP7,183,6.266,
15,TP7,184,6.755,
15,TP7,185,5.778,
15,TP7,186,2.848,
15,TP7,187,-0.570,
15,TP7,188,-3.011,
15,TP7,189,-2.035,
15,TP7,190,1.383,
15,TP7,191,6.755,
15,TP7,192,11.637,
15,TP7,193,14.079,
15,TP7,194,14.079,
15,TP7,195,12.126,
15,TP7,196,9.684,
15,TP7,197,8.219,
15,TP7,198,7.243,
15,TP7,199,6.266,
15,TP7,200,4.801,
15,TP7,201,1.872,
15,TP7,202,-1.058,
15,TP7,203,-3.011,
15,TP7,204,-3.499,
15,TP7,205,-2.035,
15,TP7,206,-0.081,
15,TP7,207,1.872,
15,TP7,208,3.825,
15,TP7,209,6.755,
15,TP7,210,9.684,
15,TP7,211,12.614,
15,TP7,212,13.590,
15,TP7,213,11.637,
15,TP7,214,7.731,
15,TP7,215,3.825,
15,TP7,216,1.872,
15,TP7,217,1.383,
15,TP7,218,2.848,
15,TP7,219,3.825,
15,TP7,220,4.313,
15,TP7,221,2.848,
15,TP7,222,1.872,
15,TP7,223,1.383,
15,TP7,224,1.383,
15,TP7,225,1.383,
15,TP7,226,1.872,
15,TP7,227,2.360,
15,TP7,228,3.337,
15,TP7,229,4.801,
15,TP7,230,6.266,
15,TP7,231,8.219,
15,TP7,232,10.173,
15,TP7,233,12.614,
15,TP7,234,14.567,
15,TP7,235,15.544,
15,TP7,236,14.079,
15,TP7,237,10.661,
15,TP7,238,4.801,
15,TP7,239,0.407,
15,TP7,240,-2.523,
15,TP7,241,-3.988,
15,TP7,242,-3.499,
15,TP7,243,-3.011,
15,TP7,244,-2.523,
15,TP7,245,-1.546,
15,TP7,246,-0.081,
15,TP7,247,0.895,
15,TP7,248,1.872,
15,TP7,249,1.872,
15,TP7,250,0.895,
15,TP7,251,0.895,
15,TP7,252,1.383,
15,TP7,253,3.337,
15,TP7,254,5.290,
15,TP7,255,7.243,
15,AFZ,0,-2.106,
15,AFZ,1,-3.082,
15,AFZ,2,-2.106,
15,AFZ,3,0.824,
15,AFZ,4,5.219,
15,AFZ,5,9.125,
15,AFZ,6,12.054,
15,AFZ,7,12.054,
15,AFZ,8,10.590,
15,AFZ,9,8.148,
15,AFZ,10,5.707,
15,AFZ,11,4.242,
15,AFZ,12,3.754,
15,AFZ,13,4.242,
15,AFZ,14,4.730,
15,AFZ,15,5.707,
15,AFZ,16,6.683,
15,AFZ,17,5.707,
15,AFZ,18,4.242,
15,AFZ,19,1.801,
15,AFZ,20,-0.153,
15,AFZ,21,-0.641,
15,AFZ,22,-0.153,
15,AFZ,23,1.801,
15,AFZ,24,2.777,
15,AFZ,25,3.265,
15,AFZ,26,1.801,
15,AFZ,27,0.824,
15,AFZ,28,-0.153,
15,AFZ,29,0.336,
15,AFZ,30,1.801,
15,AFZ,31,3.754,
15,AFZ,32,6.683,
15,AFZ,33,10.590,
15,AFZ,34,14.008,
15,AFZ,35,17.426,
15,AFZ,36,18.890,
15,AFZ,37,18.402,
15,AFZ,38,16.449,
15,AFZ,39,13.031,
15,AFZ,40,10.101,
15,AFZ,41,7.660,
15,AFZ,42,6.195,
15,AFZ,43,5.707,
15,AFZ,44,4.730,
15,AFZ,45,5.219,
15,AFZ,46,5.219,
15,AFZ,47,4.730,
15,AFZ,48,4.242,
15,AFZ,49,3.265,
15,AFZ,50,2.777,
15,AFZ,51,2.777,
15,AFZ,52,4.242,
15,AFZ,53,6.683,
15,AFZ,54,9.613,
15,AFZ,55,12.054,
15,AFZ,56,13.519,
15,AFZ,57,14.984,
15,AFZ,58,15.472,
15,AFZ,59,15.961,
15,AFZ,60,15.472,
15,AFZ,61,12.543,
15,AFZ,62,8.636,
15,AFZ,63,4.242,
15,AFZ,64,0.824,
15,AFZ,65,-0.641,
15,AFZ,66,-0.641,
15,AFZ,67,-0.153,
15,AFZ,68,-0.153,
15,AFZ,69,-0.153,
15,AFZ,70,0.336,
15,AFZ,71,1.312,
15,AFZ,72,2.777,
15,AFZ,73,3.754,
15,AFZ,74,5.219,
15,AFZ,75,6.683,
15,AFZ,76,9.125,
15,AFZ,77,12.054,
15,AFZ,78,15.472,
15,AFZ,79,18.402,
15,AFZ,80,18.402,
15,AFZ,81,15.472,
15,AFZ,82,11.078,
15,AFZ,83,6.195,
15,AFZ,84,1.312,
15,AFZ,85,-2.594,
15,AFZ,86,-6.012,
15,AFZ,87,-7.477,
15,AFZ,88,-7.477,
15,AFZ,89,-5.524,
15,AFZ,90,-2.594,
15,AFZ,91,-0.153,
15,AFZ,92,2.777,
15,AFZ,93,4.242,
15,AFZ,94,5.707,
15,AFZ,95,7.172,
15,AFZ,96,8.148,
15,AFZ,97,8.148,
15,AFZ,98,6.195,
15,AFZ,99,3.754,
15,AFZ,100,1.801,
15,AFZ,101,0.336,
15,AFZ,102,0.336,
15,AFZ,103,0.824,
15,AFZ,104,1.312,
15,AFZ,105,-0.153,
15,AFZ,106,-2.106,
15,AFZ,107,-4.547,
15,AFZ,108,-7.477,
15,AFZ,109,-9.918,
15,AFZ,110,-11.871,
15,AFZ,111,-13.824,
15,AFZ,112,-14.801,
15,AFZ,113,-15.289,
15,AFZ,114,-14.801,
15,AFZ,115,-13.824,
15,AFZ,116,-11.383,
15,AFZ,117,-7.965,
15,AFZ,118,-4.059,
15,AFZ,119,0.336,
15,AFZ,120,4.730,
15,AFZ,121,8.636,
15,AFZ,122,11.566,
15,AFZ,123,13.519,
15,AFZ,124,14.008,
15,AFZ,125,12.543,
15,AFZ,126,9.613,
15,AFZ,127,5.219,
15,AFZ,128,0.824,
15,AFZ,129,-3.571,
15,AFZ,130,-6.500,
15,AFZ,131,-8.942,
15,AFZ,132,-10.406,
15,AFZ,133,-11.383,
15,AFZ,134,-11.871,
15,AFZ,135,-11.871,
15,AFZ,136,-11.871,
15,AFZ,137,-10.895,
15,AFZ,138,-9.918,
15,AFZ,139,-7.965,
15,AFZ,140,-5.524,
15,AFZ,141,-2.594,
15,AFZ,142,-0.153,
15,AFZ,143,1.801,
15,AFZ,144,2.289,
15,AFZ,145,1.801,
15,AFZ,146,1.312,
15,AFZ,147,0.336,
15,AFZ,148,0.336,
15,AFZ,149,-0.153,
15,AFZ,150,-0.641,
15,AFZ,151,-0.641,
15,AFZ,152,-1.617,
15,AFZ,153,-3.082,
15,AFZ,154,-5.524,
15,AFZ,155,-8.453,
15,AFZ,156,-10.895,
15,AFZ,157,-11.871,
15,AFZ,158,-10.895,
15,AFZ,159,-8.942,
15,AFZ,160,-6.989,
15,AFZ,161,-6.012,
15,AFZ,162,-6.012,
15,AFZ,163,-6.012,
15,AFZ,164,-5.035,
15,AFZ,165,-3.571,
15,AFZ,166,-1.617,
15,AFZ,167,-0.153,
15,AFZ,168,0.824,
15,AFZ,169,1.312,
15,AFZ,170,1.801,
15,AFZ,171,1.312,
15,AFZ,172,-0.641,
15,AFZ,173,-4.059,
15,AFZ,174,-6.989,
15,AFZ,175,-9.430,
15,AFZ,176,-9.430,
15,AFZ,177,-7.477,
15,AFZ,178,-5.524,
15,AFZ,179,-4.059,
15,AFZ,180,-4.059,
15,AFZ,181,-4.547,
15,AFZ,182,-4.547,
15,AFZ,183,-3.571,
15,AFZ,184,-2.106,
15,AFZ,185,-2.106,
15,AFZ,186,-2.594,
15,AFZ,187,-3.571,
15,AFZ,188,-3.571,
15,AFZ,189,-1.617,
15,AFZ,190,1.312,
15,AFZ,191,4.242,
15,AFZ,192,5.219,
15,AFZ,193,4.242,
15,AFZ,194,2.289,
15,AFZ,195,0.336,
15,AFZ,196,0.336,
15,AFZ,197,1.801,
15,AFZ,198,2.777,
15,AFZ,199,2.777,
15,AFZ,200,1.801,
15,AFZ,201,-0.153,
15,AFZ,202,-2.106,
15,AFZ,203,-3.571,
15,AFZ,204,-3.571,
15,AFZ,205,-3.082,
15,AFZ,206,-1.617,
15,AFZ,207,-1.129,
15,AFZ,208,-0.641,
15,AFZ,209,-1.129,
15,AFZ,210,-1.129,
15,AFZ,211,-1.129,
15,AFZ,212,-1.129,
15,AFZ,213,-1.129,
15,AFZ,214,-1.129,
15,AFZ,215,-1.129,
15,AFZ,216,-0.641,
15,AFZ,217,0.336,
15,AFZ,218,1.801,
15,AFZ,219,1.801,
15,AFZ,220,1.312,
15,AFZ,221,0.336,
15,AFZ,222,0.336,
15,AFZ,223,1.801,
15,AFZ,224,3.754,
15,AFZ,225,4.730,
15,AFZ,226,2.777,
15,AFZ,227,-1.129,
15,AFZ,228,-6.500,
15,AFZ,229,-9.430,
15,AFZ,230,-8.942,
15,AFZ,231,-6.012,
15,AFZ,232,-2.106,
15,AFZ,233,0.336,
15,AFZ,234,0.336,
15,AFZ,235,-2.106,
15,AFZ,236,-5.035,
15,AFZ,237,-7.477,
15,AFZ,238,-7.477,
15,AFZ,239,-5.524,
15,AFZ,240,-2.594,
15,AFZ,241,0.824,
15,AFZ,242,3.754,
15,AFZ,243,6.195,
15,AFZ,244,7.172,
15,AFZ,245,7.660,
15,AFZ,246,7.172,
15,AFZ,247,5.707,
15,AFZ,248,3.754,
15,AFZ,249,2.777,
15,AFZ,250,1.312,
15,AFZ,251,0.824,
15,AFZ,252,0.336,
15,AFZ,253,0.824,
15,AFZ,254,1.801,
15,AFZ,255,3.265,
15,CP3,0,-3.540,
15,CP3,1,-3.052,
15,CP3,2,-2.563,
15,CP3,3,-2.075,
15,CP3,4,-2.075,
15,CP3,5,-2.563,
15,CP3,6,-3.052,
15,CP3,7,-4.028,
15,CP3,8,-3.540,
15,CP3,9,-2.075,
15,CP3,10,0.854,
15,CP3,11,3.784,
15,CP3,12,5.249,
15,CP3,13,5.249,
15,CP3,14,3.784,
15,CP3,15,2.319,
15,CP3,16,1.831,
15,CP3,17,1.831,
15,CP3,18,1.831,
15,CP3,19,0.854,
15,CP3,20,-0.610,
15,CP3,21,-2.563,
15,CP3,22,-4.028,
15,CP3,23,-4.517,
15,CP3,24,-5.005,
15,CP3,25,-5.493,
15,CP3,26,-6.958,
15,CP3,27,-7.446,
15,CP3,28,-7.446,
15,CP3,29,-5.493,
15,CP3,30,-3.052,
15,CP3,31,-0.122,
15,CP3,32,2.319,
15,CP3,33,3.784,
15,CP3,34,3.784,
15,CP3,35,2.319,
15,CP3,36,0.366,
15,CP3,37,-2.563,
15,CP3,38,-4.517,
15,CP3,39,-6.470,
15,CP3,40,-6.470,
15,CP3,41,-5.981,
15,CP3,42,-4.517,
15,CP3,43,-3.052,
15,CP3,44,-2.075,
15,CP3,45,-0.610,
15,CP3,46,-0.610,
15,CP3,47,-1.587,
15,CP3,48,-3.540,
15,CP3,49,-5.981,
15,CP3,50,-7.446,
15,CP3,51,-7.935,
15,CP3,52,-7.446,
15,CP3,53,-5.981,
15,CP3,54,-3.540,
15,CP3,55,-0.122,
15,CP3,56,2.319,
15,CP3,57,3.296,
15,CP3,58,1.831,
15,CP3,59,-1.099,
15,CP3,60,-4.517,
15,CP3,61,-6.470,
15,CP3,62,-6.958,
15,CP3,63,-5.493,
15,CP3,64,-3.540,
15,CP3,65,-1.587,
15,CP3,66,-0.122,
15,CP3,67,1.343,
15,CP3,68,2.319,
15,CP3,69,2.808,
15,CP3,70,1.831,
15,CP3,71,0.366,
15,CP3,72,-0.610,
15,CP3,73,-0.610,
15,CP3,74,0.366,
15,CP3,75,2.319,
15,CP3,76,3.296,
15,CP3,77,3.296,
15,CP3,78,1.831,
15,CP3,79,-0.610,
15,CP3,80,-3.540,
15,CP3,81,-5.493,
15,CP3,82,-5.981,
15,CP3,83,-5.005,
15,CP3,84,-2.563,
15,CP3,85,-0.610,
15,CP3,86,0.854,
15,CP3,87,0.366,
15,CP3,88,-0.610,
15,CP3,89,-2.075,
15,CP3,90,-2.563,
15,CP3,91,-3.052,
15,CP3,92,-3.540,
15,CP3,93,-4.517,
15,CP3,94,-6.470,
15,CP3,95,-7.935,
15,CP3,96,-8.911,
15,CP3,97,-8.911,
15,CP3,98,-7.446,
15,CP3,99,-5.493,
15,CP3,100,-4.028,
15,CP3,101,-2.563,
15,CP3,102,-3.052,
15,CP3,103,-4.028,
15,CP3,104,-5.005,
15,CP3,105,-5.493,
15,CP3,106,-4.517,
15,CP3,107,-2.563,
15,CP3,108,-0.610,
15,CP3,109,0.854,
15,CP3,110,0.854,
15,CP3,111,0.854,
15,CP3,112,-0.610,
15,CP3,113,-2.075,
15,CP3,114,-3.052,
15,CP3,115,-3.052,
15,CP3,116,-2.563,
15,CP3,117,-1.587,
15,CP3,118,-0.122,
15,CP3,119,0.366,
15,CP3,120,0.854,
15,CP3,121,0.854,
15,CP3,122,0.366,
15,CP3,123,0.366,
15,CP3,124,0.366,
15,CP3,125,-0.122,
15,CP3,126,-0.610,
15,CP3,127,-0.122,
15,CP3,128,1.343,
15,CP3,129,2.808,
15,CP3,130,4.272,
15,CP3,131,4.761,
15,CP3,132,4.272,
15,CP3,133,3.784,
15,CP3,134,3.784,
15,CP3,135,3.784,
15,CP3,136,3.784,
15,CP3,137,3.296,
15,CP3,138,2.319,
15,CP3,139,1.831,
15,CP3,140,1.831,
15,CP3,141,1.831,
15,CP3,142,1.831,
15,CP3,143,2.319,
15,CP3,144,2.808,
15,CP3,145,3.784,
15,CP3,146,4.761,
15,CP3,147,5.249,
15,CP3,148,4.761,
15,CP3,149,3.784,
15,CP3,150,2.808,
15,CP3,151,2.319,
15,CP3,152,2.319,
15,CP3,153,1.831,
15,CP3,154,0.366,
15,CP3,155,-1.099,
15,CP3,156,-2.075,
15,CP3,157,-3.052,
15,CP3,158,-3.052,
15,CP3,159,-2.563,
15,CP3,160,-2.563,
15,CP3,161,-2.563,
15,CP3,162,-2.075,
15,CP3,163,-2.075,
15,CP3,164,-1.587,
15,CP3,165,-1.587,
15,CP3,166,-1.587,
15,CP3,167,-1.099,
15,CP3,168,-0.122,
15,CP3,169,0.854,
15,CP3,170,0.854,
15,CP3,171,-0.610,
15,CP3,172,-2.075,
15,CP3,173,-4.028,
15,CP3,174,-5.005,
15,CP3,175,-5.005,
15,CP3,176,-4.517,
15,CP3,177,-3.540,
15,CP3,178,-2.563,
15,CP3,179,-0.610,
15,CP3,180,1.831,
15,CP3,181,3.784,
15,CP3,182,5.737,
15,CP3,183,6.714,
15,CP3,184,5.737,
15,CP3,185,3.784,
15,CP3,186,1.831,
15,CP3,187,-0.610,
15,CP3,188,-1.099,
15,CP3,189,-0.122,
15,CP3,190,2.319,
15,CP3,191,4.761,
15,CP3,192,6.226,
15,CP3,193,6.226,
15,CP3,194,5.249,
15,CP3,195,3.296,
15,CP3,196,1.831,
15,CP3,197,0.366,
15,CP3,198,-0.610,
15,CP3,199,-1.587,
15,CP3,200,-2.563,
15,CP3,201,-3.052,
15,CP3,202,-3.052,
15,CP3,203,-3.052,
15,CP3,204,-3.052,
15,CP3,205,-2.563,
15,CP3,206,-2.075,
15,CP3,207,-0.610,
15,CP3,208,0.854,
15,CP3,209,2.319,
15,CP3,210,3.784,
15,CP3,211,5.249,
15,CP3,212,5.737,
15,CP3,213,5.249,
15,CP3,214,3.296,
15,CP3,215,1.343,
15,CP3,216,-0.122,
15,CP3,217,-0.610,
15,CP3,218,-1.099,
15,CP3,219,-1.587,
15,CP3,220,-2.563,
15,CP3,221,-4.028,
15,CP3,222,-5.005,
15,CP3,223,-5.493,
15,CP3,224,-5.493,
15,CP3,225,-4.517,
15,CP3,226,-3.540,
15,CP3,227,-2.075,
15,CP3,228,-1.099,
15,CP3,229,0.366,
15,CP3,230,1.831,
15,CP3,231,3.784,
15,CP3,232,6.226,
15,CP3,233,8.667,
15,CP3,234,10.132,
15,CP3,235,9.644,
15,CP3,236,8.179,
15,CP3,237,4.272,
15,CP3,238,0.366,
15,CP3,239,-3.052,
15,CP3,240,-5.493,
15,CP3,241,-7.935,
15,CP3,242,-8.911,
15,CP3,243,-9.888,
15,CP3,244,-9.888,
15,CP3,245,-8.423,
15,CP3,246,-6.958,
15,CP3,247,-5.981,
15,CP3,248,-5.493,
15,CP3,249,-5.981,
15,CP3,250,-6.470,
15,CP3,251,-5.981,
15,CP3,252,-5.005,
15,CP3,253,-3.052,
15,CP3,254,-2.075,
15,CP3,255,-2.075,
15,CP4,0,-0.275,
15,CP4,1,0.214,
15,CP4,2,-0.275,
15,CP4,3,-1.740,
15,CP4,4,-3.204,
15,CP4,5,-4.669,
15,CP4,6,-5.157,
15,CP4,7,-4.669,
15,CP4,8,-3.693,
15,CP4,9,-2.716,
15,CP4,10,-2.228,
15,CP4,11,-0.763,
15,CP4,12,0.702,
15,CP4,13,2.655,
15,CP4,14,4.120,
15,CP4,15,4.120,
15,CP4,16,2.167,
15,CP4,17,-0.763,
15,CP4,18,-2.228,
15,CP4,19,-2.228,
15,CP4,20,-0.763,
15,CP4,21,1.190,
15,CP4,22,2.167,
15,CP4,23,2.167,
15,CP4,24,1.678,
15,CP4,25,0.702,
15,CP4,26,0.214,
15,CP4,27,-0.763,
15,CP4,28,-1.740,
15,CP4,29,-3.204,
15,CP4,30,-4.669,
15,CP4,31,-4.669,
15,CP4,32,-3.693,
15,CP4,33,-2.228,
15,CP4,34,-0.275,
15,CP4,35,1.678,
15,CP4,36,3.143,
15,CP4,37,4.120,
15,CP4,38,3.632,
15,CP4,39,1.190,
15,CP4,40,-2.716,
15,CP4,41,-6.134,
15,CP4,42,-8.575,
15,CP4,43,-8.575,
15,CP4,44,-7.599,
15,CP4,45,-5.646,
15,CP4,46,-3.204,
15,CP4,47,-0.763,
15,CP4,48,0.702,
15,CP4,49,1.678,
15,CP4,50,1.190,
15,CP4,51,-0.275,
15,CP4,52,-0.763,
15,CP4,53,-0.763,
15,CP4,54,1.190,
15,CP4,55,3.632,
15,CP4,56,5.585,
15,CP4,57,5.585,
15,CP4,58,6.561,
15,CP4,59,5.585,
15,CP4,60,4.608,
15,CP4,61,4.608,
15,CP4,62,4.608,
15,CP4,63,4.120,
15,CP4,64,2.655,
15,CP4,65,0.702,
15,CP4,66,-0.763,
15,CP4,67,-1.251,
15,CP4,68,-0.763,
15,CP4,69,1.190,
15,CP4,70,2.167,
15,CP4,71,2.167,
15,CP4,72,-0.275,
15,CP4,73,-2.716,
15,CP4,74,-4.669,
15,CP4,75,-5.157,
15,CP4,76,-4.669,
15,CP4,77,-2.716,
15,CP4,78,0.214,
15,CP4,79,3.143,
15,CP4,80,6.073,
15,CP4,81,7.538,
15,CP4,82,7.538,
15,CP4,83,6.561,
15,CP4,84,5.585,
15,CP4,85,5.585,
15,CP4,86,6.561,
15,CP4,87,8.026,
15,CP4,88,8.514,
15,CP4,89,6.561,
15,CP4,90,2.655,
15,CP4,91,-0.763,
15,CP4,92,-3.693,
15,CP4,93,-5.646,
15,CP4,94,-6.622,
15,CP4,95,-6.134,
15,CP4,96,-4.669,
15,CP4,97,-1.251,
15,CP4,98,2.167,
15,CP4,99,5.585,
15,CP4,100,7.538,
15,CP4,101,8.514,
15,CP4,102,8.514,
15,CP4,103,8.514,
15,CP4,104,7.538,
15,CP4,105,5.585,
15,CP4,106,3.632,
15,CP4,107,1.678,
15,CP4,108,1.190,
15,CP4,109,2.167,
15,CP4,110,4.120,
15,CP4,111,5.585,
15,CP4,112,5.096,
15,CP4,113,4.120,
15,CP4,114,3.632,
15,CP4,115,3.632,
15,CP4,116,4.608,
15,CP4,117,6.073,
15,CP4,118,6.561,
15,CP4,119,5.096,
15,CP4,120,3.143,
15,CP4,121,0.702,
15,CP4,122,-1.251,
15,CP4,123,-1.251,
15,CP4,124,-1.251,
15,CP4,125,0.214,
15,CP4,126,1.190,
15,CP4,127,1.678,
15,CP4,128,1.678,
15,CP4,129,0.702,
15,CP4,130,0.214,
15,CP4,131,1.190,
15,CP4,132,3.632,
15,CP4,133,6.073,
15,CP4,134,7.538,
15,CP4,135,7.538,
15,CP4,136,6.561,
15,CP4,137,6.561,
15,CP4,138,7.050,
15,CP4,139,8.514,
15,CP4,140,9.491,
15,CP4,141,9.491,
15,CP4,142,8.514,
15,CP4,143,8.514,
15,CP4,144,8.514,
15,CP4,145,8.514,
15,CP4,146,7.538,
15,CP4,147,5.096,
15,CP4,148,2.655,
15,CP4,149,0.702,
15,CP4,150,0.702,
15,CP4,151,1.678,
15,CP4,152,3.143,
15,CP4,153,5.096,
15,CP4,154,6.073,
15,CP4,155,7.050,
15,CP4,156,8.514,
15,CP4,157,9.003,
15,CP4,158,9.003,
15,CP4,159,8.514,
15,CP4,160,7.538,
15,CP4,161,7.538,
15,CP4,162,7.050,
15,CP4,163,7.538,
15,CP4,164,7.050,
15,CP4,165,6.073,
15,CP4,166,5.096,
15,CP4,167,3.632,
15,CP4,168,2.655,
15,CP4,169,1.678,
15,CP4,170,1.190,
15,CP4,171,0.214,
15,CP4,172,-0.275,
15,CP4,173,0.214,
15,CP4,174,1.190,
15,CP4,175,2.167,
15,CP4,176,2.655,
15,CP4,177,3.143,
15,CP4,178,3.143,
15,CP4,179,2.655,
15,CP4,180,2.655,
15,CP4,181,2.167,
15,CP4,182,1.678,
15,CP4,183,2.167,
15,CP4,184,2.655,
15,CP4,185,2.655,
15,CP4,186,2.655,
15,CP4,187,2.167,
15,CP4,188,1.190,
15,CP4,189,0.702,
15,CP4,190,0.214,
15,CP4,191,-0.275,
15,CP4,192,-0.275,
15,CP4,193,-0.763,
15,CP4,194,-1.251,
15,CP4,195,-2.228,
15,CP4,196,-4.181,
15,CP4,197,-5.157,
15,CP4,198,-5.646,
15,CP4,199,-4.181,
15,CP4,200,-1.740,
15,CP4,201,0.702,
15,CP4,202,3.143,
15,CP4,203,5.096,
15,CP4,204,5.585,
15,CP4,205,5.585,
15,CP4,206,4.608,
15,CP4,207,3.632,
15,CP4,208,1.678,
15,CP4,209,0.702,
15,CP4,210,-0.763,
15,CP4,211,-1.740,
15,CP4,212,-1.740,
15,CP4,213,-1.251,
15,CP4,214,-0.763,
15,CP4,215,0.214,
15,CP4,216,0.702,
15,CP4,217,1.678,
15,CP4,218,2.167,
15,CP4,219,2.655,
15,CP4,220,3.143,
15,CP4,221,4.120,
15,CP4,222,5.096,
15,CP4,223,6.073,
15,CP4,224,7.050,
15,CP4,225,7.538,
15,CP4,226,7.538,
15,CP4,227,6.073,
15,CP4,228,4.120,
15,CP4,229,3.143,
15,CP4,230,3.143,
15,CP4,231,3.632,
15,CP4,232,4.120,
15,CP4,233,4.120,
15,CP4,234,4.120,
15,CP4,235,3.143,
15,CP4,236,2.655,
15,CP4,237,2.167,
15,CP4,238,1.678,
15,CP4,239,1.678,
15,CP4,240,1.678,
15,CP4,241,2.655,
15,CP4,242,4.120,
15,CP4,243,5.585,
15,CP4,244,7.538,
15,CP4,245,8.026,
15,CP4,246,7.050,
15,CP4,247,5.585,
15,CP4,248,3.632,
15,CP4,249,2.655,
15,CP4,250,1.678,
15,CP4,251,0.702,
15,CP4,252,-0.763,
15,CP4,253,-1.251,
15,CP4,254,-0.763,
15,CP4,255,0.702,
15,P5,0,-2.431,
15,P5,1,-1.943,
15,P5,2,-1.455,
15,P5,3,-0.478,
15,P5,4,0.498,
15,P5,5,0.498,
15,P5,6,0.010,
15,P5,7,-1.455,
15,P5,8,-3.896,
15,P5,9,-4.873,
15,P5,10,-3.408,
15,P5,11,0.498,
15,P5,12,4.893,
15,P5,13,8.799,
15,P5,14,10.752,
15,P5,15,10.752,
15,P5,16,9.288,
15,P5,17,7.823,
15,P5,18,7.334,
15,P5,19,5.870,
15,P5,20,4.405,
15,P5,21,1.475,
15,P5,22,-0.966,
15,P5,23,-3.408,
15,P5,24,-4.384,
15,P5,25,-5.849,
15,P5,26,-7.314,
15,P5,27,-8.779,
15,P5,28,-9.267,
15,P5,29,-8.779,
15,P5,30,-5.849,
15,P5,31,-1.943,
15,P5,32,1.475,
15,P5,33,4.893,
15,P5,34,5.870,
15,P5,35,5.870,
15,P5,36,4.405,
15,P5,37,2.452,
15,P5,38,0.010,
15,P5,39,-2.920,
15,P5,40,-5.849,
15,P5,41,-8.291,
15,P5,42,-9.267,
15,P5,43,-9.267,
15,P5,44,-7.802,
15,P5,45,-5.849,
15,P5,46,-4.384,
15,P5,47,-4.384,
15,P5,48,-5.849,
15,P5,49,-7.802,
15,P5,50,-8.779,
15,P5,51,-8.291,
15,P5,52,-5.361,
15,P5,53,-1.455,
15,P5,54,2.940,
15,P5,55,7.823,
15,P5,56,11.729,
15,P5,57,12.705,
15,P5,58,11.241,
15,P5,59,7.334,
15,P5,60,2.452,
15,P5,61,-1.455,
15,P5,62,-2.920,
15,P5,63,-3.408,
15,P5,64,-2.920,
15,P5,65,-1.455,
15,P5,66,0.010,
15,P5,67,1.963,
15,P5,68,2.940,
15,P5,69,2.940,
15,P5,70,1.963,
15,P5,71,1.475,
15,P5,72,0.987,
15,P5,73,1.963,
15,P5,74,3.428,
15,P5,75,3.916,
15,P5,76,4.405,
15,P5,77,4.405,
15,P5,78,3.916,
15,P5,79,2.940,
15,P5,80,0.987,
15,P5,81,-1.943,
15,P5,82,-4.384,
15,P5,83,-3.896,
15,P5,84,-0.966,
15,P5,85,3.428,
15,P5,86,6.358,
15,P5,87,6.358,
15,P5,88,3.428,
15,P5,89,-0.478,
15,P5,90,-3.896,
15,P5,91,-4.873,
15,P5,92,-4.384,
15,P5,93,-3.408,
15,P5,94,-3.408,
15,P5,95,-4.873,
15,P5,96,-5.849,
15,P5,97,-5.361,
15,P5,98,-2.920,
15,P5,99,0.987,
15,P5,100,4.405,
15,P5,101,5.381,
15,P5,102,3.428,
15,P5,103,-0.478,
15,P5,104,-3.408,
15,P5,105,-5.361,
15,P5,106,-4.384,
15,P5,107,-1.455,
15,P5,108,1.475,
15,P5,109,4.405,
15,P5,110,5.870,
15,P5,111,6.358,
15,P5,112,4.893,
15,P5,113,3.428,
15,P5,114,1.475,
15,P5,115,1.963,
15,P5,116,3.916,
15,P5,117,6.358,
15,P5,118,7.334,
15,P5,119,7.334,
15,P5,120,6.846,
15,P5,121,6.358,
15,P5,122,6.846,
15,P5,123,6.846,
15,P5,124,5.381,
15,P5,125,3.428,
15,P5,126,0.987,
15,P5,127,0.498,
15,P5,128,2.452,
15,P5,129,4.893,
15,P5,130,7.823,
15,P5,131,9.776,
15,P5,132,11.241,
15,P5,133,12.217,
15,P5,134,12.705,
15,P5,135,12.705,
15,P5,136,11.241,
15,P5,137,10.264,
15,P5,138,9.776,
15,P5,139,10.752,
15,P5,140,11.729,
15,P5,141,12.217,
15,P5,142,11.729,
15,P5,143,10.264,
15,P5,144,9.288,
15,P5,145,9.288,
15,P5,146,9.776,
15,P5,147,9.776,
15,P5,148,8.799,
15,P5,149,7.823,
15,P5,150,6.846,
15,P5,151,6.846,
15,P5,152,7.334,
15,P5,153,7.334,
15,P5,154,5.870,
15,P5,155,4.405,
15,P5,156,3.428,
15,P5,157,3.428,
15,P5,158,4.405,
15,P5,159,5.381,
15,P5,160,5.870,
15,P5,161,5.381,
15,P5,162,4.405,
15,P5,163,3.916,
15,P5,164,2.940,
15,P5,165,2.940,
15,P5,166,3.428,
15,P5,167,3.916,
15,P5,168,4.893,
15,P5,169,5.381,
15,P5,170,5.381,
15,P5,171,4.893,
15,P5,172,3.916,
15,P5,173,2.940,
15,P5,174,1.963,
15,P5,175,0.987,
15,P5,176,0.010,
15,P5,177,-0.478,
15,P5,178,-0.478,
15,P5,179,0.498,
15,P5,180,1.963,
15,P5,181,3.428,
15,P5,182,4.405,
15,P5,183,5.381,
15,P5,184,4.405,
15,P5,185,1.963,
15,P5,186,-0.966,
15,P5,187,-3.408,
15,P5,188,-3.408,
15,P5,189,-0.478,
15,P5,190,4.893,
15,P5,191,10.264,
15,P5,192,14.170,
15,P5,193,14.659,
15,P5,194,13.682,
15,P5,195,11.241,
15,P5,196,7.823,
15,P5,197,4.893,
15,P5,198,2.452,
15,P5,199,0.498,
15,P5,200,-1.455,
15,P5,201,-2.920,
15,P5,202,-3.896,
15,P5,203,-4.384,
15,P5,204,-3.896,
15,P5,205,-2.920,
15,P5,206,-0.478,
15,P5,207,1.963,
15,P5,208,5.870,
15,P5,209,9.776,
15,P5,210,13.194,
15,P5,211,15.635,
15,P5,212,15.635,
15,P5,213,13.682,
15,P5,214,10.264,
15,P5,215,6.358,
15,P5,216,4.405,
15,P5,217,3.916,
15,P5,218,4.405,
15,P5,219,4.405,
15,P5,220,3.428,
15,P5,221,0.987,
15,P5,222,-1.943,
15,P5,223,-4.384,
15,P5,224,-5.849,
15,P5,225,-5.361,
15,P5,226,-3.896,
15,P5,227,-0.478,
15,P5,228,3.916,
15,P5,229,7.823,
15,P5,230,11.241,
15,P5,231,13.682,
15,P5,232,16.612,
15,P5,233,19.053,
15,P5,234,21.495,
15,P5,235,21.495,
15,P5,236,18.077,
15,P5,237,12.217,
15,P5,238,5.381,
15,P5,239,-0.966,
15,P5,240,-4.873,
15,P5,241,-7.314,
15,P5,242,-8.291,
15,P5,243,-7.802,
15,P5,244,-6.826,
15,P5,245,-5.361,
15,P5,246,-3.408,
15,P5,247,-2.431,
15,P5,248,-1.455,
15,P5,249,-0.966,
15,P5,250,0.010,
15,P5,251,1.963,
15,P5,252,4.405,
15,P5,253,6.846,
15,P5,254,8.799,
15,P5,255,10.264,
15,P6,0,3.489,
15,P6,1,0.559,
15,P6,2,-1.394,
15,P6,3,-4.812,
15,P6,4,-7.253,
15,P6,5,-8.230,
15,P6,6,-8.230,
15,P6,7,-7.253,
15,P6,8,-5.788,
15,P6,9,-4.812,
15,P6,10,-3.347,
15,P6,11,-2.370,
15,P6,12,-0.417,
15,P6,13,2.513,
15,P6,14,5.931,
15,P6,15,8.372,
15,P6,16,9.349,
15,P6,17,8.372,
15,P6,18,6.419,
15,P6,19,4.954,
15,P6,20,3.977,
15,P6,21,3.977,
15,P6,22,3.489,
15,P6,23,2.024,
15,P6,24,-0.417,
15,P6,25,-3.347,
15,P6,26,-4.812,
15,P6,27,-5.788,
15,P6,28,-5.788,
15,P6,29,-5.788,
15,P6,30,-5.788,
15,P6,31,-5.788,
15,P6,32,-5.788,
15,P6,33,-6.276,
15,P6,34,-5.788,
15,P6,35,-4.812,
15,P6,36,-2.858,
15,P6,37,-0.905,
15,P6,38,-0.417,
15,P6,39,-2.370,
15,P6,40,-6.276,
15,P6,41,-11.159,
15,P6,42,-14.577,
15,P6,43,-16.042,
15,P6,44,-15.554,
15,P6,45,-13.112,
15,P6,46,-9.694,
15,P6,47,-5.300,
15,P6,48,-1.394,
15,P6,49,1.536,
15,P6,50,2.513,
15,P6,51,2.024,
15,P6,52,1.048,
15,P6,53,1.048,
15,P6,54,3.001,
15,P6,55,6.907,
15,P6,56,10.813,
15,P6,57,12.767,
15,P6,58,12.278,
15,P6,59,10.813,
15,P6,60,9.349,
15,P6,61,8.372,
15,P6,62,7.884,
15,P6,63,6.907,
15,P6,64,4.466,
15,P6,65,0.559,
15,P6,66,-3.347,
15,P6,67,-6.276,
15,P6,68,-6.276,
15,P6,69,-4.323,
15,P6,70,-2.370,
15,P6,71,-1.394,
15,P6,72,-3.347,
15,P6,73,-6.276,
15,P6,74,-9.206,
15,P6,75,-9.694,
15,P6,76,-7.741,
15,P6,77,-3.835,
15,P6,78,1.536,
15,P6,79,6.419,
15,P6,80,10.813,
15,P6,81,12.767,
15,P6,82,13.255,
15,P6,83,12.278,
15,P6,84,10.813,
15,P6,85,10.325,
15,P6,86,10.325,
15,P6,87,10.813,
15,P6,88,9.349,
15,P6,89,5.931,
15,P6,90,1.048,
15,P6,91,-3.835,
15,P6,92,-6.765,
15,P6,93,-8.718,
15,P6,94,-9.206,
15,P6,95,-9.206,
15,P6,96,-8.230,
15,P6,97,-5.300,
15,P6,98,-0.417,
15,P6,99,4.466,
15,P6,100,9.349,
15,P6,101,11.790,
15,P6,102,13.255,
15,P6,103,13.255,
15,P6,104,11.302,
15,P6,105,7.884,
15,P6,106,3.977,
15,P6,107,0.559,
15,P6,108,-0.417,
15,P6,109,1.048,
15,P6,110,3.489,
15,P6,111,4.466,
15,P6,112,3.489,
15,P6,113,1.536,
15,P6,114,0.559,
15,P6,115,1.536,
15,P6,116,3.977,
15,P6,117,5.931,
15,P6,118,6.419,
15,P6,119,5.442,
15,P6,120,3.977,
15,P6,121,3.001,
15,P6,122,2.024,
15,P6,123,0.559,
15,P6,124,-0.417,
15,P6,125,-0.417,
15,P6,126,0.071,
15,P6,127,1.536,
15,P6,128,2.024,
15,P6,129,2.024,
15,P6,130,2.513,
15,P6,131,4.954,
15,P6,132,8.372,
15,P6,133,11.790,
15,P6,134,13.743,
15,P6,135,13.255,
15,P6,136,11.790,
15,P6,137,10.813,
15,P6,138,11.790,
15,P6,139,13.255,
15,P6,140,13.743,
15,P6,141,13.743,
15,P6,142,13.743,
15,P6,143,15.208,
15,P6,144,18.138,
15,P6,145,20.091,
15,P6,146,20.091,
15,P6,147,16.673,
15,P6,148,11.790,
15,P6,149,7.884,
15,P6,150,5.931,
15,P6,151,6.907,
15,P6,152,9.837,
15,P6,153,12.767,
15,P6,154,15.208,
15,P6,155,17.161,
15,P6,156,18.138,
15,P6,157,18.626,
15,P6,158,18.138,
15,P6,159,17.649,
15,P6,160,17.161,
15,P6,161,17.649,
15,P6,162,18.138,
15,P6,163,18.626,
15,P6,164,17.649,
15,P6,165,15.696,
15,P6,166,13.743,
15,P6,167,12.278,
15,P6,168,11.302,
15,P6,169,9.837,
15,P6,170,7.884,
15,P6,171,6.419,
15,P6,172,5.931,
15,P6,173,6.419,
15,P6,174,7.884,
15,P6,175,8.860,
15,P6,176,9.837,
15,P6,177,9.349,
15,P6,178,9.837,
15,P6,179,9.837,
15,P6,180,9.837,
15,P6,181,9.349,
15,P6,182,8.860,
15,P6,183,8.372,
15,P6,184,8.372,
15,P6,185,8.860,
15,P6,186,9.349,
15,P6,187,9.837,
15,P6,188,9.837,
15,P6,189,9.349,
15,P6,190,8.860,
15,P6,191,9.349,
15,P6,192,10.325,
15,P6,193,10.325,
15,P6,194,9.349,
15,P6,195,6.419,
15,P6,196,2.024,
15,P6,197,-1.394,
15,P6,198,-2.858,
15,P6,199,-1.394,
15,P6,200,2.024,
15,P6,201,5.931,
15,P6,202,8.860,
15,P6,203,10.325,
15,P6,204,10.325,
15,P6,205,9.837,
15,P6,206,9.349,
15,P6,207,9.349,
15,P6,208,10.325,
15,P6,209,11.302,
15,P6,210,11.302,
15,P6,211,10.325,
15,P6,212,8.860,
15,P6,213,7.395,
15,P6,214,6.419,
15,P6,215,6.419,
15,P6,216,7.395,
15,P6,217,8.372,
15,P6,218,9.349,
15,P6,219,10.813,
15,P6,220,12.767,
15,P6,221,14.720,
15,P6,222,16.184,
15,P6,223,17.161,
15,P6,224,16.673,
15,P6,225,16.184,
15,P6,226,15.208,
15,P6,227,15.208,
15,P6,228,14.720,
15,P6,229,14.720,
15,P6,230,15.696,
15,P6,231,17.161,
15,P6,232,19.114,
15,P6,233,20.091,
15,P6,234,20.091,
15,P6,235,19.602,
15,P6,236,18.138,
15,P6,237,16.673,
15,P6,238,15.208,
15,P6,239,14.231,
15,P6,240,14.231,
15,P6,241,15.696,
15,P6,242,17.649,
15,P6,243,20.091,
15,P6,244,22.044,
15,P6,245,23.020,
15,P6,246,23.020,
15,P6,247,22.532,
15,P6,248,21.556,
15,P6,249,20.579,
15,P6,250,19.114,
15,P6,251,16.673,
15,P6,252,14.231,
15,P6,253,12.278,
15,P6,254,12.278,
15,P6,255,14.720,
15,C1,0,-0.326,
15,C1,1,-0.326,
15,C1,2,0.163,
15,C1,3,0.163,
15,C1,4,0.163,
15,C1,5,-0.814,
15,C1,6,-1.302,
15,C1,7,-1.302,
15,C1,8,-0.814,
15,C1,9,-0.326,
15,C1,10,0.651,
15,C1,11,0.651,
15,C1,12,0.651,
15,C1,13,0.163,
15,C1,14,0.163,
15,C1,15,0.163,
15,C1,16,0.163,
15,C1,17,0.163,
15,C1,18,0.163,
15,C1,19,-0.326,
15,C1,20,-1.302,
15,C1,21,-1.790,
15,C1,22,-2.279,
15,C1,23,-2.767,
15,C1,24,-2.767,
15,C1,25,-2.767,
15,C1,26,-3.255,
15,C1,27,-3.255,
15,C1,28,-2.767,
15,C1,29,-2.279,
15,C1,30,-1.302,
15,C1,31,-0.326,
15,C1,32,0.651,
15,C1,33,0.651,
15,C1,34,0.163,
15,C1,35,-1.302,
15,C1,36,-2.767,
15,C1,37,-3.743,
15,C1,38,-4.232,
15,C1,39,-2.767,
15,C1,40,-1.302,
15,C1,41,-0.326,
15,C1,42,0.163,
15,C1,43,0.163,
15,C1,44,0.163,
15,C1,45,-0.326,
15,C1,46,-0.326,
15,C1,47,-1.790,
15,C1,48,-2.767,
15,C1,49,-4.720,
15,C1,50,-5.697,
15,C1,51,-6.185,
15,C1,52,-5.697,
15,C1,53,-4.720,
15,C1,54,-3.255,
15,C1,55,-1.790,
15,C1,56,-1.302,
15,C1,57,-0.814,
15,C1,58,-1.302,
15,C1,59,-2.767,
15,C1,60,-3.743,
15,C1,61,-4.232,
15,C1,62,-3.743,
15,C1,63,-3.255,
15,C1,64,-2.279,
15,C1,65,-2.279,
15,C1,66,-1.790,
15,C1,67,-1.302,
15,C1,68,-0.814,
15,C1,69,-1.302,
15,C1,70,-1.790,
15,C1,71,-2.279,
15,C1,72,-2.279,
15,C1,73,-1.302,
15,C1,74,-0.814,
15,C1,75,-0.814,
15,C1,76,-1.790,
15,C1,77,-2.279,
15,C1,78,-3.255,
15,C1,79,-3.743,
15,C1,80,-4.232,
15,C1,81,-4.720,
15,C1,82,-5.208,
15,C1,83,-5.208,
15,C1,84,-4.720,
15,C1,85,-4.232,
15,C1,86,-4.232,
15,C1,87,-4.232,
15,C1,88,-4.232,
15,C1,89,-4.232,
15,C1,90,-3.743,
15,C1,91,-3.255,
15,C1,92,-2.767,
15,C1,93,-2.279,
15,C1,94,-2.767,
15,C1,95,-3.255,
15,C1,96,-4.232,
15,C1,97,-4.720,
15,C1,98,-4.720,
15,C1,99,-4.720,
15,C1,100,-4.232,
15,C1,101,-3.743,
15,C1,102,-3.743,
15,C1,103,-4.232,
15,C1,104,-4.232,
15,C1,105,-4.720,
15,C1,106,-4.720,
15,C1,107,-4.720,
15,C1,108,-4.232,
15,C1,109,-3.743,
15,C1,110,-3.255,
15,C1,111,-3.255,
15,C1,112,-3.743,
15,C1,113,-4.232,
15,C1,114,-5.208,
15,C1,115,-5.208,
15,C1,116,-5.208,
15,C1,117,-5.208,
15,C1,118,-4.232,
15,C1,119,-4.232,
15,C1,120,-3.743,
15,C1,121,-2.767,
15,C1,122,-2.279,
15,C1,123,-2.279,
15,C1,124,-2.767,
15,C1,125,-3.255,
15,C1,126,-3.743,
15,C1,127,-2.767,
15,C1,128,-2.279,
15,C1,129,-1.790,
15,C1,130,-2.279,
15,C1,131,-3.255,
15,C1,132,-3.255,
15,C1,133,-3.743,
15,C1,134,-3.255,
15,C1,135,-3.743,
15,C1,136,-4.232,
15,C1,137,-5.208,
15,C1,138,-5.208,
15,C1,139,-5.208,
15,C1,140,-4.720,
15,C1,141,-4.232,
15,C1,142,-3.255,
15,C1,143,-3.255,
15,C1,144,-2.767,
15,C1,145,-2.279,
15,C1,146,-1.790,
15,C1,147,-1.302,
15,C1,148,-1.302,
15,C1,149,-1.790,
15,C1,150,-1.790,
15,C1,151,-2.279,
15,C1,152,-2.279,
15,C1,153,-2.767,
15,C1,154,-3.255,
15,C1,155,-4.232,
15,C1,156,-4.232,
15,C1,157,-4.720,
15,C1,158,-4.720,
15,C1,159,-4.232,
15,C1,160,-4.232,
15,C1,161,-4.232,
15,C1,162,-4.232,
15,C1,163,-4.232,
15,C1,164,-3.743,
15,C1,165,-3.255,
15,C1,166,-3.255,
15,C1,167,-2.767,
15,C1,168,-1.790,
15,C1,169,-1.790,
15,C1,170,-1.302,
15,C1,171,-1.790,
15,C1,172,-3.255,
15,C1,173,-4.720,
15,C1,174,-6.185,
15,C1,175,-7.161,
15,C1,176,-7.650,
15,C1,177,-7.161,
15,C1,178,-5.697,
15,C1,179,-4.232,
15,C1,180,-3.255,
15,C1,181,-2.279,
15,C1,182,-2.279,
15,C1,183,-2.767,
15,C1,184,-3.743,
15,C1,185,-4.720,
15,C1,186,-5.208,
15,C1,187,-5.208,
15,C1,188,-4.720,
15,C1,189,-4.232,
15,C1,190,-2.767,
15,C1,191,-1.790,
15,C1,192,-1.302,
15,C1,193,-1.790,
15,C1,194,-2.279,
15,C1,195,-3.255,
15,C1,196,-3.743,
15,C1,197,-3.743,
15,C1,198,-3.255,
15,C1,199,-3.255,
15,C1,200,-2.767,
15,C1,201,-3.255,
15,C1,202,-4.232,
15,C1,203,-4.720,
15,C1,204,-4.720,
15,C1,205,-4.232,
15,C1,206,-3.743,
15,C1,207,-2.767,
15,C1,208,-2.767,
15,C1,209,-3.255,
15,C1,210,-3.255,
15,C1,211,-3.255,
15,C1,212,-2.767,
15,C1,213,-2.279,
15,C1,214,-2.767,
15,C1,215,-3.255,
15,C1,216,-4.720,
15,C1,217,-5.697,
15,C1,218,-6.673,
15,C1,219,-7.161,
15,C1,220,-7.650,
15,C1,221,-7.650,
15,C1,222,-7.161,
15,C1,223,-7.161,
15,C1,224,-6.673,
15,C1,225,-6.185,
15,C1,226,-6.185,
15,C1,227,-5.697,
15,C1,228,-5.208,
15,C1,229,-5.208,
15,C1,230,-5.697,
15,C1,231,-5.697,
15,C1,232,-4.720,
15,C1,233,-3.743,
15,C1,234,-2.767,
15,C1,235,-2.767,
15,C1,236,-3.255,
15,C1,237,-4.720,
15,C1,238,-5.697,
15,C1,239,-6.673,
15,C1,240,-7.650,
15,C1,241,-8.138,
15,C1,242,-8.626,
15,C1,243,-8.626,
15,C1,244,-8.626,
15,C1,245,-7.161,
15,C1,246,-6.185,
15,C1,247,-5.208,
15,C1,248,-5.208,
15,C1,249,-5.697,
15,C1,250,-6.673,
15,C1,251,-6.673,
15,C1,252,-6.673,
15,C1,253,-6.185,
15,C1,254,-6.185,
15,C1,255,-6.673,
15,C2,0,0.305,
15,C2,1,-0.183,
15,C2,2,-0.671,
15,C2,3,-1.648,
15,C2,4,-1.648,
15,C2,5,-1.160,
15,C2,6,-0.183,
15,C2,7,0.305,
15,C2,8,-0.183,
15,C2,9,-0.671,
15,C2,10,-1.160,
15,C2,11,-1.160,
15,C2,12,-0.671,
15,C2,13,0.793,
15,C2,14,1.282,
15,C2,15,1.770,
15,C2,16,0.793,
15,C2,17,-0.671,
15,C2,18,-1.648,
15,C2,19,-2.625,
15,C2,20,-1.648,
15,C2,21,-0.671,
15,C2,22,0.305,
15,C2,23,1.282,
15,C2,24,1.282,
15,C2,25,0.793,
15,C2,26,-0.183,
15,C2,27,-1.160,
15,C2,28,-1.648,
15,C2,29,-2.136,
15,C2,30,-2.136,
15,C2,31,-2.136,
15,C2,32,-1.160,
15,C2,33,-0.671,
15,C2,34,1.282,
15,C2,35,2.747,
15,C2,36,4.700,
15,C2,37,4.700,
15,C2,38,3.723,
15,C2,39,1.770,
15,C2,40,-0.183,
15,C2,41,-1.648,
15,C2,42,-2.136,
15,C2,43,-2.625,
15,C2,44,-2.625,
15,C2,45,-2.625,
15,C2,46,-1.648,
15,C2,47,-0.671,
15,C2,48,0.305,
15,C2,49,0.793,
15,C2,50,0.793,
15,C2,51,-0.183,
15,C2,52,-0.671,
15,C2,53,-0.183,
15,C2,54,0.793,
15,C2,55,2.258,
15,C2,56,2.747,
15,C2,57,3.235,
15,C2,58,3.235,
15,C2,59,3.235,
15,C2,60,3.235,
15,C2,61,2.747,
15,C2,62,2.258,
15,C2,63,1.770,
15,C2,64,1.282,
15,C2,65,0.305,
15,C2,66,-0.671,
15,C2,67,-1.160,
15,C2,68,-0.671,
15,C2,69,-0.183,
15,C2,70,0.305,
15,C2,71,0.305,
15,C2,72,-0.183,
15,C2,73,-1.160,
15,C2,74,-1.648,
15,C2,75,-1.160,
15,C2,76,-0.183,
15,C2,77,1.282,
15,C2,78,2.258,
15,C2,79,3.235,
15,C2,80,4.211,
15,C2,81,4.211,
15,C2,82,3.723,
15,C2,83,2.258,
15,C2,84,0.793,
15,C2,85,0.305,
15,C2,86,0.793,
15,C2,87,1.770,
15,C2,88,2.258,
15,C2,89,1.282,
15,C2,90,0.305,
15,C2,91,-1.160,
15,C2,92,-2.136,
15,C2,93,-2.136,
15,C2,94,-2.136,
15,C2,95,-1.160,
15,C2,96,-0.671,
15,C2,97,0.793,
15,C2,98,2.258,
15,C2,99,2.747,
15,C2,100,2.747,
15,C2,101,2.747,
15,C2,102,2.747,
15,C2,103,2.747,
15,C2,104,3.235,
15,C2,105,2.747,
15,C2,106,1.770,
15,C2,107,0.305,
15,C2,108,-0.183,
15,C2,109,-0.183,
15,C2,110,-0.183,
15,C2,111,0.305,
15,C2,112,0.305,
15,C2,113,0.305,
15,C2,114,0.305,
15,C2,115,1.282,
15,C2,116,1.770,
15,C2,117,2.258,
15,C2,118,1.770,
15,C2,119,1.282,
15,C2,120,0.793,
15,C2,121,0.305,
15,C2,122,-0.183,
15,C2,123,-0.183,
15,C2,124,0.305,
15,C2,125,0.793,
15,C2,126,1.282,
15,C2,127,1.282,
15,C2,128,0.793,
15,C2,129,-0.183,
15,C2,130,-1.160,
15,C2,131,-1.648,
15,C2,132,-0.671,
15,C2,133,0.793,
15,C2,134,1.770,
15,C2,135,2.258,
15,C2,136,2.258,
15,C2,137,2.258,
15,C2,138,1.770,
15,C2,139,2.258,
15,C2,140,2.258,
15,C2,141,2.258,
15,C2,142,2.747,
15,C2,143,2.747,
15,C2,144,3.235,
15,C2,145,3.235,
15,C2,146,2.747,
15,C2,147,2.258,
15,C2,148,1.770,
15,C2,149,1.282,
15,C2,150,1.282,
15,C2,151,1.282,
15,C2,152,1.770,
15,C2,153,1.282,
15,C2,154,1.770,
15,C2,155,1.770,
15,C2,156,2.258,
15,C2,157,2.747,
15,C2,158,3.235,
15,C2,159,3.235,
15,C2,160,3.235,
15,C2,161,3.723,
15,C2,162,3.235,
15,C2,163,2.747,
15,C2,164,2.258,
15,C2,165,1.282,
15,C2,166,1.282,
15,C2,167,1.282,
15,C2,168,0.793,
15,C2,169,1.282,
15,C2,170,0.793,
15,C2,171,0.793,
15,C2,172,1.282,
15,C2,173,1.282,
15,C2,174,1.770,
15,C2,175,2.258,
15,C2,176,1.770,
15,C2,177,1.770,
15,C2,178,1.282,
15,C2,179,0.305,
15,C2,180,0.305,
15,C2,181,-0.183,
15,C2,182,0.305,
15,C2,183,0.793,
15,C2,184,1.282,
15,C2,185,1.770,
15,C2,186,2.258,
15,C2,187,2.258,
15,C2,188,1.770,
15,C2,189,1.282,
15,C2,190,0.793,
15,C2,191,0.793,
15,C2,192,0.793,
15,C2,193,0.793,
15,C2,194,0.793,
15,C2,195,0.793,
15,C2,196,0.305,
15,C2,197,-0.671,
15,C2,198,-1.160,
15,C2,199,-1.160,
15,C2,200,-0.183,
15,C2,201,0.305,
15,C2,202,1.282,
15,C2,203,2.258,
15,C2,204,2.747,
15,C2,205,3.235,
15,C2,206,3.723,
15,C2,207,3.235,
15,C2,208,2.258,
15,C2,209,0.793,
15,C2,210,-0.671,
15,C2,211,-1.160,
15,C2,212,-1.160,
15,C2,213,-0.671,
15,C2,214,-0.671,
15,C2,215,-0.183,
15,C2,216,0.305,
15,C2,217,0.793,
15,C2,218,1.770,
15,C2,219,2.747,
15,C2,220,3.235,
15,C2,221,3.235,
15,C2,222,2.747,
15,C2,223,3.235,
15,C2,224,3.235,
15,C2,225,3.723,
15,C2,226,3.235,
15,C2,227,2.747,
15,C2,228,1.282,
15,C2,229,0.793,
15,C2,230,0.793,
15,C2,231,1.282,
15,C2,232,1.770,
15,C2,233,1.770,
15,C2,234,1.282,
15,C2,235,0.793,
15,C2,236,-0.183,
15,C2,237,-0.671,
15,C2,238,-0.671,
15,C2,239,0.305,
15,C2,240,1.282,
15,C2,241,2.747,
15,C2,242,4.211,
15,C2,243,4.700,
15,C2,244,4.700,
15,C2,245,3.723,
15,C2,246,2.747,
15,C2,247,2.258,
15,C2,248,1.770,
15,C2,249,1.770,
15,C2,250,1.282,
15,C2,251,0.793,
15,C2,252,0.305,
15,C2,253,-0.183,
15,C2,254,0.305,
15,C2,255,1.282,
15,PO7,0,-2.330,
15,PO7,1,-3.306,
15,PO7,2,-3.306,
15,PO7,3,-2.818,
15,PO7,4,-0.865,
15,PO7,5,0.600,
15,PO7,6,1.088,
15,PO7,7,0.112,
15,PO7,8,-3.306,
15,PO7,9,-5.747,
15,PO7,10,-5.259,
15,PO7,11,-0.865,
15,PO7,12,5.971,
15,PO7,13,11.831,
15,PO7,14,15.249,
15,PO7,15,15.249,
15,PO7,16,13.784,
15,PO7,17,11.342,
15,PO7,18,10.366,
15,PO7,19,8.901,
15,PO7,20,5.971,
15,PO7,21,1.088,
15,PO7,22,-3.794,
15,PO7,23,-7.212,
15,PO7,24,-9.654,
15,PO7,25,-10.630,
15,PO7,26,-11.607,
15,PO7,27,-12.583,
15,PO7,28,-12.583,
15,PO7,29,-11.607,
15,PO7,30,-8.189,
15,PO7,31,-4.283,
15,PO7,32,-0.376,
15,PO7,33,3.042,
15,PO7,34,5.971,
15,PO7,35,7.924,
15,PO7,36,7.924,
15,PO7,37,5.971,
15,PO7,38,1.577,
15,PO7,39,-3.794,
15,PO7,40,-9.654,
15,PO7,41,-14.537,
15,PO7,42,-17.466,
15,PO7,43,-18.443,
15,PO7,44,-17.466,
15,PO7,45,-15.025,
15,PO7,46,-11.607,
15,PO7,47,-9.165,
15,PO7,48,-7.701,
15,PO7,49,-6.724,
15,PO7,50,-6.236,
15,PO7,51,-4.283,
15,PO7,52,-0.376,
15,PO7,53,4.995,
15,PO7,54,10.366,
15,PO7,55,16.225,
15,PO7,56,20.131,
15,PO7,57,20.620,
15,PO7,58,18.178,
15,PO7,59,13.784,
15,PO7,60,8.901,
15,PO7,61,4.995,
15,PO7,62,2.065,
15,PO7,63,0.112,
15,PO7,64,-1.353,
15,PO7,65,-2.330,
15,PO7,66,-1.841,
15,PO7,67,-0.865,
15,PO7,68,-0.376,
15,PO7,69,-0.376,
15,PO7,70,-0.865,
15,PO7,71,-1.841,
15,PO7,72,-1.841,
15,PO7,73,-0.865,
15,PO7,74,0.600,
15,PO7,75,2.065,
15,PO7,76,3.042,
15,PO7,77,4.995,
15,PO7,78,6.948,
15,PO7,79,8.413,
15,PO7,80,8.413,
15,PO7,81,6.948,
15,PO7,82,4.506,
15,PO7,83,3.530,
15,PO7,84,5.971,
15,PO7,85,9.389,
15,PO7,86,11.342,
15,PO7,87,9.389,
15,PO7,88,3.530,
15,PO7,89,-3.794,
15,PO7,90,-9.165,
15,PO7,91,-11.119,
15,PO7,92,-10.142,
15,PO7,93,-7.701,
15,PO7,94,-6.724,
15,PO7,95,-6.236,
15,PO7,96,-6.236,
15,PO7,97,-3.306,
15,PO7,98,1.088,
15,PO7,99,6.948,
15,PO7,100,11.831,
15,PO7,101,13.295,
15,PO7,102,11.831,
15,PO7,103,7.924,
15,PO7,104,4.506,
15,PO7,105,2.065,
15,PO7,106,1.088,
15,PO7,107,1.088,
15,PO7,108,2.553,
15,PO7,109,4.506,
15,PO7,110,5.971,
15,PO7,111,5.483,
15,PO7,112,3.042,
15,PO7,113,0.600,
15,PO7,114,-0.865,
15,PO7,115,0.112,
15,PO7,116,3.042,
15,PO7,117,6.948,
15,PO7,118,8.901,
15,PO7,119,9.389,
15,PO7,120,9.389,
15,PO7,121,10.854,
15,PO7,122,12.319,
15,PO7,123,12.319,
15,PO7,124,10.854,
15,PO7,125,6.948,
15,PO7,126,3.042,
15,PO7,127,1.577,
15,PO7,128,2.553,
15,PO7,129,5.971,
15,PO7,130,9.878,
15,PO7,131,13.295,
15,PO7,132,15.737,
15,PO7,133,16.713,
15,PO7,134,16.225,
15,PO7,135,14.760,
15,PO7,136,13.295,
15,PO7,137,12.807,
15,PO7,138,13.784,
15,PO7,139,16.225,
15,PO7,140,17.690,
15,PO7,141,17.690,
15,PO7,142,17.202,
15,PO7,143,15.737,
15,PO7,144,16.225,
15,PO7,145,15.737,
15,PO7,146,15.249,
15,PO7,147,13.784,
15,PO7,148,10.854,
15,PO7,149,9.389,
15,PO7,150,8.901,
15,PO7,151,9.389,
15,PO7,152,9.878,
15,PO7,153,8.901,
15,PO7,154,7.436,
15,PO7,155,5.483,
15,PO7,156,5.483,
15,PO7,157,6.460,
15,PO7,158,8.413,
15,PO7,159,9.878,
15,PO7,160,9.878,
15,PO7,161,9.389,
15,PO7,162,8.413,
15,PO7,163,6.948,
15,PO7,164,5.971,
15,PO7,165,5.483,
15,PO7,166,5.483,
15,PO7,167,5.971,
15,PO7,168,5.971,
15,PO7,169,6.460,
15,PO7,170,6.460,
15,PO7,171,6.460,
15,PO7,172,6.948,
15,PO7,173,7.436,
15,PO7,174,6.948,
15,PO7,175,5.483,
15,PO7,176,3.530,
15,PO7,177,2.065,
15,PO7,178,1.088,
15,PO7,179,0.600,
15,PO7,180,1.088,
15,PO7,181,1.577,
15,PO7,182,2.553,
15,PO7,183,3.042,
15,PO7,184,2.065,
15,PO7,185,-0.865,
15,PO7,186,-4.771,
15,PO7,187,-7.701,
15,PO7,188,-7.212,
15,PO7,189,-2.818,
15,PO7,190,4.506,
15,PO7,191,11.342,
15,PO7,192,16.713,
15,PO7,193,18.178,
15,PO7,194,17.202,
15,PO7,195,14.272,
15,PO7,196,10.366,
15,PO7,197,5.483,
15,PO7,198,1.088,
15,PO7,199,-2.818,
15,PO7,200,-5.747,
15,PO7,201,-7.212,
15,PO7,202,-7.212,
15,PO7,203,-7.212,
15,PO7,204,-6.236,
15,PO7,205,-4.771,
15,PO7,206,-1.841,
15,PO7,207,1.577,
15,PO7,208,6.948,
15,PO7,209,11.831,
15,PO7,210,16.225,
15,PO7,211,19.155,
15,PO7,212,18.667,
15,PO7,213,15.249,
15,PO7,214,10.366,
15,PO7,215,6.460,
15,PO7,216,4.506,
15,PO7,217,5.483,
15,PO7,218,7.436,
15,PO7,219,8.413,
15,PO7,220,6.948,
15,PO7,221,3.042,
15,PO7,222,-1.353,
15,PO7,223,-5.747,
15,PO7,224,-7.212,
15,PO7,225,-7.212,
15,PO7,226,-3.794,
15,PO7,227,1.577,
15,PO7,228,6.948,
15,PO7,229,11.342,
15,PO7,230,15.249,
15,PO7,231,18.178,
15,PO7,232,21.596,
15,PO7,233,25.991,
15,PO7,234,28.432,
15,PO7,235,27.456,
15,PO7,236,23.061,
15,PO7,237,15.737,
15,PO7,238,7.436,
15,PO7,239,1.577,
15,PO7,240,-2.818,
15,PO7,241,-4.771,
15,PO7,242,-5.259,
15,PO7,243,-4.771,
15,PO7,244,-3.306,
15,PO7,245,-2.330,
15,PO7,246,-1.353,
15,PO7,247,-1.841,
15,PO7,248,-2.330,
15,PO7,249,-1.353,
15,PO7,250,0.600,
15,PO7,251,4.506,
15,PO7,252,7.924,
15,PO7,253,10.854,
15,PO7,254,12.807,
15,PO7,255,15.249,
15,PO8,0,0.559,
15,PO8,1,-1.882,
15,PO8,2,-4.323,
15,PO8,3,-6.765,
15,PO8,4,-9.694,
15,PO8,5,-12.136,
15,PO8,6,-13.112,
15,PO8,7,-12.624,
15,PO8,8,-10.183,
15,PO8,9,-7.253,
15,PO8,10,-4.323,
15,PO8,11,-1.394,
15,PO8,12,2.024,
15,PO8,13,6.419,
15,PO8,14,11.790,
15,PO8,15,15.696,
15,PO8,16,16.673,
15,PO8,17,14.231,
15,PO8,18,10.813,
15,PO8,19,8.372,
15,PO8,20,6.907,
15,PO8,21,4.954,
15,PO8,22,1.048,
15,PO8,23,-3.835,
15,PO8,24,-8.718,
15,PO8,25,-11.648,
15,PO8,26,-13.112,
15,PO8,27,-13.601,
15,PO8,28,-14.089,
15,PO8,29,-14.577,
15,PO8,30,-13.601,
15,PO8,31,-12.136,
15,PO8,32,-10.183,
15,PO8,33,-8.718,
15,PO8,34,-7.741,
15,PO8,35,-6.276,
15,PO8,36,-3.835,
15,PO8,37,-2.370,
15,PO8,38,-3.347,
15,PO8,39,-7.253,
15,PO8,40,-13.601,
15,PO8,41,-19.460,
15,PO8,42,-23.855,
15,PO8,43,-24.831,
15,PO8,44,-23.366,
15,PO8,45,-19.460,
15,PO8,46,-13.601,
15,PO8,47,-6.276,
15,PO8,48,0.559,
15,PO8,49,4.466,
15,PO8,50,5.442,
15,PO8,51,3.977,
15,PO8,52,3.489,
15,PO8,53,5.931,
15,PO8,54,11.302,
15,PO8,55,17.649,
15,PO8,56,21.556,
15,PO8,57,22.044,
15,PO8,58,19.602,
15,PO8,59,16.184,
15,PO8,60,12.767,
15,PO8,61,10.325,
15,PO8,62,8.372,
15,PO8,63,5.931,
15,PO8,64,3.001,
15,PO8,65,-0.905,
15,PO8,66,-4.323,
15,PO8,67,-6.765,
15,PO8,68,-6.276,
15,PO8,69,-3.347,
15,PO8,70,1.048,
15,PO8,71,3.001,
15,PO8,72,3.001,
15,PO8,73,0.559,
15,PO8,74,-1.882,
15,PO8,75,-1.882,
15,PO8,76,1.536,
15,PO8,77,6.907,
15,PO8,78,11.790,
15,PO8,79,15.696,
15,PO8,80,16.673,
15,PO8,81,16.184,
15,PO8,82,14.720,
15,PO8,83,13.255,
15,PO8,84,12.278,
15,PO8,85,11.302,
15,PO8,86,11.302,
15,PO8,87,10.325,
15,PO8,88,7.884,
15,PO8,89,3.489,
15,PO8,90,-1.394,
15,PO8,91,-5.300,
15,PO8,92,-7.253,
15,PO8,93,-7.253,
15,PO8,94,-5.788,
15,PO8,95,-3.835,
15,PO8,96,-0.905,
15,PO8,97,4.466,
15,PO8,98,10.325,
15,PO8,99,15.696,
15,PO8,100,19.114,
15,PO8,101,20.579,
15,PO8,102,21.556,
15,PO8,103,21.556,
15,PO8,104,20.091,
15,PO8,105,16.184,
15,PO8,106,9.837,
15,PO8,107,3.977,
15,PO8,108,1.536,
15,PO8,109,3.001,
15,PO8,110,5.442,
15,PO8,111,5.931,
15,PO8,112,3.977,
15,PO8,113,1.536,
15,PO8,114,1.048,
15,PO8,115,2.513,
15,PO8,116,5.931,
15,PO8,117,8.372,
15,PO8,118,9.349,
15,PO8,119,9.837,
15,PO8,120,10.325,
15,PO8,121,9.837,
15,PO8,122,8.860,
15,PO8,123,6.907,
15,PO8,124,5.442,
15,PO8,125,5.931,
15,PO8,126,7.395,
15,PO8,127,8.860,
15,PO8,128,9.349,
15,PO8,129,8.860,
15,PO8,130,9.837,
15,PO8,131,11.790,
15,PO8,132,15.208,
15,PO8,133,17.649,
15,PO8,134,17.649,
15,PO8,135,15.208,
15,PO8,136,13.255,
15,PO8,137,13.255,
15,PO8,138,14.720,
15,PO8,139,16.673,
15,PO8,140,17.649,
15,PO8,141,18.626,
15,PO8,142,20.579,
15,PO8,143,23.509,
15,PO8,144,26.927,
15,PO8,145,27.903,
15,PO8,146,24.974,
15,PO8,147,19.114,
15,PO8,148,12.767,
15,PO8,149,9.349,
15,PO8,150,8.860,
15,PO8,151,10.813,
15,PO8,152,13.743,
15,PO8,153,16.184,
15,PO8,154,18.138,
15,PO8,155,20.091,
15,PO8,156,21.556,
15,PO8,157,22.044,
15,PO8,158,21.556,
15,PO8,159,20.579,
15,PO8,160,19.602,
15,PO8,161,19.114,
15,PO8,162,19.602,
15,PO8,163,19.114,
15,PO8,164,18.138,
15,PO8,165,17.649,
15,PO8,166,18.138,
15,PO8,167,18.138,
15,PO8,168,17.649,
15,PO8,169,16.184,
15,PO8,170,13.255,
15,PO8,171,11.302,
15,PO8,172,10.813,
15,PO8,173,12.278,
15,PO8,174,13.255,
15,PO8,175,12.767,
15,PO8,176,11.302,
15,PO8,177,10.325,
15,PO8,178,10.813,
15,PO8,179,12.278,
15,PO8,180,13.743,
15,PO8,181,13.255,
15,PO8,182,11.302,
15,PO8,183,8.860,
15,PO8,184,6.907,
15,PO8,185,5.931,
15,PO8,186,5.442,
15,PO8,187,5.442,
15,PO8,188,5.442,
15,PO8,189,6.419,
15,PO8,190,7.884,
15,PO8,191,8.860,
15,PO8,192,9.349,
15,PO8,193,8.372,
15,PO8,194,6.907,
15,PO8,195,3.977,
15,PO8,196,1.048,
15,PO8,197,-0.905,
15,PO8,198,-1.882,
15,PO8,199,-1.394,
15,PO8,200,1.048,
15,PO8,201,3.977,
15,PO8,202,6.419,
15,PO8,203,6.907,
15,PO8,204,5.931,
15,PO8,205,3.977,
15,PO8,206,3.489,
15,PO8,207,3.977,
15,PO8,208,6.419,
15,PO8,209,8.860,
15,PO8,210,9.349,
15,PO8,211,7.395,
15,PO8,212,3.977,
15,PO8,213,0.071,
15,PO8,214,-0.905,
15,PO8,215,0.071,
15,PO8,216,3.001,
15,PO8,217,5.442,
15,PO8,218,6.907,
15,PO8,219,8.860,
15,PO8,220,10.813,
15,PO8,221,13.255,
15,PO8,222,15.696,
15,PO8,223,16.184,
15,PO8,224,15.696,
15,PO8,225,14.720,
15,PO8,226,13.255,
15,PO8,227,12.767,
15,PO8,228,12.278,
15,PO8,229,12.278,
15,PO8,230,12.767,
15,PO8,231,13.255,
15,PO8,232,14.720,
15,PO8,233,16.673,
15,PO8,234,18.626,
15,PO8,235,19.602,
15,PO8,236,19.602,
15,PO8,237,18.626,
15,PO8,238,16.184,
15,PO8,239,13.743,
15,PO8,240,11.790,
15,PO8,241,11.790,
15,PO8,242,13.743,
15,PO8,243,17.161,
15,PO8,244,20.091,
15,PO8,245,21.556,
15,PO8,246,21.556,
15,PO8,247,20.579,
15,PO8,248,19.114,
15,PO8,249,18.138,
15,PO8,250,15.696,
15,PO8,251,11.790,
15,PO8,252,7.884,
15,PO8,253,4.954,
15,PO8,254,4.954,
15,PO8,255,8.372,
15,FCZ,0,-0.295,
15,FCZ,1,-0.783,
15,FCZ,2,-0.783,
15,FCZ,3,0.193,
15,FCZ,4,2.635,
15,FCZ,5,4.588,
15,FCZ,6,6.053,
15,FCZ,7,6.541,
15,FCZ,8,6.053,
15,FCZ,9,4.588,
15,FCZ,10,3.123,
15,FCZ,11,2.146,
15,FCZ,12,1.170,
15,FCZ,13,0.682,
15,FCZ,14,0.682,
15,FCZ,15,1.170,
15,FCZ,16,2.146,
15,FCZ,17,2.635,
15,FCZ,18,1.658,
15,FCZ,19,0.682,
15,FCZ,20,-0.295,
15,FCZ,21,-0.295,
15,FCZ,22,0.682,
15,FCZ,23,1.658,
15,FCZ,24,1.658,
15,FCZ,25,1.170,
15,FCZ,26,0.193,
15,FCZ,27,0.193,
15,FCZ,28,0.193,
15,FCZ,29,1.170,
15,FCZ,30,1.658,
15,FCZ,31,1.170,
15,FCZ,32,1.658,
15,FCZ,33,2.146,
15,FCZ,34,4.100,
15,FCZ,35,6.053,
15,FCZ,36,7.517,
15,FCZ,37,8.006,
15,FCZ,38,6.541,
15,FCZ,39,5.076,
15,FCZ,40,3.123,
15,FCZ,41,2.635,
15,FCZ,42,2.635,
15,FCZ,43,2.635,
15,FCZ,44,2.146,
15,FCZ,45,1.170,
15,FCZ,46,0.682,
15,FCZ,47,-0.295,
15,FCZ,48,-0.783,
15,FCZ,49,-0.783,
15,FCZ,50,-0.783,
15,FCZ,51,-0.295,
15,FCZ,52,0.682,
15,FCZ,53,2.146,
15,FCZ,54,3.611,
15,FCZ,55,4.100,
15,FCZ,56,4.588,
15,FCZ,57,5.076,
15,FCZ,58,5.076,
15,FCZ,59,5.564,
15,FCZ,60,5.564,
15,FCZ,61,5.076,
15,FCZ,62,4.100,
15,FCZ,63,2.635,
15,FCZ,64,1.658,
15,FCZ,65,0.682,
15,FCZ,66,-0.295,
15,FCZ,67,-0.295,
15,FCZ,68,-1.272,
15,FCZ,69,-1.272,
15,FCZ,70,-1.272,
15,FCZ,71,-0.295,
15,FCZ,72,0.682,
15,FCZ,73,2.146,
15,FCZ,74,2.635,
15,FCZ,75,3.123,
15,FCZ,76,3.611,
15,FCZ,77,4.588,
15,FCZ,78,5.564,
15,FCZ,79,6.541,
15,FCZ,80,6.541,
15,FCZ,81,5.564,
15,FCZ,82,3.611,
15,FCZ,83,1.658,
15,FCZ,84,-0.783,
15,FCZ,85,-2.248,
15,FCZ,86,-3.225,
15,FCZ,87,-3.713,
15,FCZ,88,-4.201,
15,FCZ,89,-3.713,
15,FCZ,90,-2.248,
15,FCZ,91,-0.783,
15,FCZ,92,0.682,
15,FCZ,93,1.658,
15,FCZ,94,2.146,
15,FCZ,95,3.123,
15,FCZ,96,3.611,
15,FCZ,97,3.611,
15,FCZ,98,3.123,
15,FCZ,99,2.146,
15,FCZ,100,0.682,
15,FCZ,101,0.193,
15,FCZ,102,0.682,
15,FCZ,103,0.682,
15,FCZ,104,1.170,
15,FCZ,105,0.193,
15,FCZ,106,-1.272,
15,FCZ,107,-2.736,
15,FCZ,108,-4.201,
15,FCZ,109,-5.178,
15,FCZ,110,-5.666,
15,FCZ,111,-6.643,
15,FCZ,112,-7.131,
15,FCZ,113,-7.619,
15,FCZ,114,-7.131,
15,FCZ,115,-6.643,
15,FCZ,116,-5.178,
15,FCZ,117,-4.201,
15,FCZ,118,-2.736,
15,FCZ,119,-1.272,
15,FCZ,120,-0.295,
15,FCZ,121,1.170,
15,FCZ,122,2.635,
15,FCZ,123,3.611,
15,FCZ,124,3.611,
15,FCZ,125,3.123,
15,FCZ,126,1.170,
15,FCZ,127,-0.783,
15,FCZ,128,-3.225,
15,FCZ,129,-4.690,
15,FCZ,130,-6.154,
15,FCZ,131,-7.619,
15,FCZ,132,-8.596,
15,FCZ,133,-9.572,
15,FCZ,134,-9.572,
15,FCZ,135,-9.572,
15,FCZ,136,-9.084,
15,FCZ,137,-9.084,
15,FCZ,138,-8.596,
15,FCZ,139,-7.619,
15,FCZ,140,-6.643,
15,FCZ,141,-5.178,
15,FCZ,142,-3.225,
15,FCZ,143,-1.760,
15,FCZ,144,-1.760,
15,FCZ,145,-1.760,
15,FCZ,146,-1.760,
15,FCZ,147,-1.760,
15,FCZ,148,-1.760,
15,FCZ,149,-1.272,
15,FCZ,150,-1.272,
15,FCZ,151,-1.760,
15,FCZ,152,-2.736,
15,FCZ,153,-4.201,
15,FCZ,154,-5.666,
15,FCZ,155,-6.643,
15,FCZ,156,-7.619,
15,FCZ,157,-7.619,
15,FCZ,158,-7.131,
15,FCZ,159,-6.643,
15,FCZ,160,-5.666,
15,FCZ,161,-4.690,
15,FCZ,162,-4.690,
15,FCZ,163,-4.690,
15,FCZ,164,-4.201,
15,FCZ,165,-3.713,
15,FCZ,166,-2.736,
15,FCZ,167,-1.760,
15,FCZ,168,-1.272,
15,FCZ,169,-0.783,
15,FCZ,170,-0.783,
15,FCZ,171,-0.783,
15,FCZ,172,-1.272,
15,FCZ,173,-2.736,
15,FCZ,174,-4.690,
15,FCZ,175,-6.154,
15,FCZ,176,-7.131,
15,FCZ,177,-6.643,
15,FCZ,178,-5.666,
15,FCZ,179,-4.690,
15,FCZ,180,-4.690,
15,FCZ,181,-4.690,
15,FCZ,182,-4.690,
15,FCZ,183,-4.201,
15,FCZ,184,-3.225,
15,FCZ,185,-2.736,
15,FCZ,186,-2.248,
15,FCZ,187,-2.736,
15,FCZ,188,-2.736,
15,FCZ,189,-2.736,
15,FCZ,190,-2.248,
15,FCZ,191,-2.248,
15,FCZ,192,-2.248,
15,FCZ,193,-2.736,
15,FCZ,194,-3.225,
15,FCZ,195,-2.736,
15,FCZ,196,-1.760,
15,FCZ,197,-0.783,
15,FCZ,198,-0.783,
15,FCZ,199,-0.783,
15,FCZ,200,-1.760,
15,FCZ,201,-2.736,
15,FCZ,202,-3.713,
15,FCZ,203,-4.201,
15,FCZ,204,-4.201,
15,FCZ,205,-3.713,
15,FCZ,206,-3.713,
15,FCZ,207,-3.713,
15,FCZ,208,-4.201,
15,FCZ,209,-4.201,
15,FCZ,210,-4.690,
15,FCZ,211,-4.201,
15,FCZ,212,-4.201,
15,FCZ,213,-4.201,
15,FCZ,214,-4.201,
15,FCZ,215,-3.713,
15,FCZ,216,-3.713,
15,FCZ,217,-3.225,
15,FCZ,218,-2.736,
15,FCZ,219,-3.225,
15,FCZ,220,-3.713,
15,FCZ,221,-4.690,
15,FCZ,222,-5.178,
15,FCZ,223,-4.201,
15,FCZ,224,-2.736,
15,FCZ,225,-1.760,
15,FCZ,226,-1.760,
15,FCZ,227,-3.225,
15,FCZ,228,-5.666,
15,FCZ,229,-7.619,
15,FCZ,230,-8.596,
15,FCZ,231,-8.108,
15,FCZ,232,-6.643,
15,FCZ,233,-6.643,
15,FCZ,234,-6.154,
15,FCZ,235,-6.643,
15,FCZ,236,-7.619,
15,FCZ,237,-7.619,
15,FCZ,238,-7.619,
15,FCZ,239,-6.643,
15,FCZ,240,-5.666,
15,FCZ,241,-4.201,
15,FCZ,242,-2.248,
15,FCZ,243,-1.272,
15,FCZ,244,-0.295,
15,FCZ,245,-0.295,
15,FCZ,246,0.193,
15,FCZ,247,-0.783,
15,FCZ,248,-1.272,
15,FCZ,249,-1.760,
15,FCZ,250,-2.736,
15,FCZ,251,-3.225,
15,FCZ,252,-3.713,
15,FCZ,253,-3.225,
15,FCZ,254,-2.736,
15,FCZ,255,-2.248,
15,POZ,0,-0.916,
15,POZ,1,-1.892,
15,POZ,2,-3.845,
15,POZ,3,-6.775,
15,POZ,4,-9.216,
15,POZ,5,-11.169,
15,POZ,6,-11.658,
15,POZ,7,-11.658,
15,POZ,8,-10.681,
15,POZ,9,-9.216,
15,POZ,10,-6.775,
15,POZ,11,-2.869,
15,POZ,12,1.526,
15,POZ,13,6.409,
15,POZ,14,8.850,
15,POZ,15,8.850,
15,POZ,16,6.409,
15,POZ,17,3.967,
15,POZ,18,2.502,
15,POZ,19,2.014,
15,POZ,20,2.014,
15,POZ,21,1.038,
15,POZ,22,-1.892,
15,POZ,23,-5.798,
15,POZ,24,-9.216,
15,POZ,25,-11.169,
15,POZ,26,-11.169,
15,POZ,27,-11.169,
15,POZ,28,-10.681,
15,POZ,29,-9.705,
15,POZ,30,-8.728,
15,POZ,31,-6.775,
15,POZ,32,-4.822,
15,POZ,33,-2.869,
15,POZ,34,-1.892,
15,POZ,35,-0.916,
15,POZ,36,-0.427,
15,POZ,37,-0.427,
15,POZ,38,-1.404,
15,POZ,39,-4.333,
15,POZ,40,-9.216,
15,POZ,41,-13.611,
15,POZ,42,-17.517,
15,POZ,43,-18.982,
15,POZ,44,-18.005,
15,POZ,45,-15.076,
15,POZ,46,-10.681,
15,POZ,47,-5.798,
15,POZ,48,-2.380,
15,POZ,49,-0.916,
15,POZ,50,-0.427,
15,POZ,51,-0.916,
15,POZ,52,-1.404,
15,POZ,53,0.061,
15,POZ,54,2.502,
15,POZ,55,5.920,
15,POZ,56,7.385,
15,POZ,57,6.897,
15,POZ,58,4.944,
15,POZ,59,1.526,
15,POZ,60,-0.427,
15,POZ,61,-1.404,
15,POZ,62,-1.892,
15,POZ,63,-1.892,
15,POZ,64,-2.869,
15,POZ,65,-3.845,
15,POZ,66,-5.310,
15,POZ,67,-5.310,
15,POZ,68,-4.822,
15,POZ,69,-3.357,
15,POZ,70,-2.380,
15,POZ,71,-2.380,
15,POZ,72,-3.357,
15,POZ,73,-4.822,
15,POZ,74,-5.798,
15,POZ,75,-5.798,
15,POZ,76,-4.333,
15,POZ,77,-1.892,
15,POZ,78,1.526,
15,POZ,79,4.456,
15,POZ,80,6.409,
15,POZ,81,6.897,
15,POZ,82,5.920,
15,POZ,83,5.432,
15,POZ,84,4.456,
15,POZ,85,4.944,
15,POZ,86,4.944,
15,POZ,87,3.967,
15,POZ,88,1.038,
15,POZ,89,-2.869,
15,POZ,90,-7.751,
15,POZ,91,-10.681,
15,POZ,92,-12.146,
15,POZ,93,-12.634,
15,POZ,94,-12.146,
15,POZ,95,-11.658,
15,POZ,96,-10.681,
15,POZ,97,-8.728,
15,POZ,98,-4.822,
15,POZ,99,0.061,
15,POZ,100,4.944,
15,POZ,101,7.874,
15,POZ,102,8.362,
15,POZ,103,6.897,
15,POZ,104,4.456,
15,POZ,105,2.014,
15,POZ,106,-0.427,
15,POZ,107,-2.380,
15,POZ,108,-2.380,
15,POZ,109,-1.404,
15,POZ,110,0.549,
15,POZ,111,1.526,
15,POZ,112,1.038,
15,POZ,113,0.061,
15,POZ,114,-1.404,
15,POZ,115,-1.892,
15,POZ,116,-0.427,
15,POZ,117,1.526,
15,POZ,118,2.991,
15,POZ,119,3.479,
15,POZ,120,2.991,
15,POZ,121,2.502,
15,POZ,122,2.014,
15,POZ,123,0.549,
15,POZ,124,-1.892,
15,POZ,125,-3.845,
15,POZ,126,-5.310,
15,POZ,127,-4.333,
15,POZ,128,-1.404,
15,POZ,129,2.991,
15,POZ,130,6.897,
15,POZ,131,9.827,
15,POZ,132,11.780,
15,POZ,133,12.268,
15,POZ,134,11.780,
15,POZ,135,10.803,
15,POZ,136,9.338,
15,POZ,137,8.362,
15,POZ,138,8.362,
15,POZ,139,8.850,
15,POZ,140,9.827,
15,POZ,141,10.315,
15,POZ,142,10.315,
15,POZ,143,10.803,
15,POZ,144,11.780,
15,POZ,145,12.268,
15,POZ,146,12.268,
15,POZ,147,10.315,
15,POZ,148,7.874,
15,POZ,149,5.432,
15,POZ,150,3.967,
15,POZ,151,4.456,
15,POZ,152,5.432,
15,POZ,153,6.897,
15,POZ,154,7.874,
15,POZ,155,7.385,
15,POZ,156,7.385,
15,POZ,157,7.385,
15,POZ,158,8.362,
15,POZ,159,9.338,
15,POZ,160,9.827,
15,POZ,161,9.827,
15,POZ,162,8.850,
15,POZ,163,8.362,
15,POZ,164,7.874,
15,POZ,165,6.409,
15,POZ,166,5.920,
15,POZ,167,4.944,
15,POZ,168,4.456,
15,POZ,169,3.967,
15,POZ,170,3.479,
15,POZ,171,2.991,
15,POZ,172,3.967,
15,POZ,173,4.944,
15,POZ,174,5.920,
15,POZ,175,6.897,
15,POZ,176,7.385,
15,POZ,177,6.897,
15,POZ,178,5.432,
15,POZ,179,3.479,
15,POZ,180,2.014,
15,POZ,181,0.061,
15,POZ,182,-1.404,
15,POZ,183,-2.380,
15,POZ,184,-3.845,
15,POZ,185,-4.822,
15,POZ,186,-6.775,
15,POZ,187,-7.751,
15,POZ,188,-7.263,
15,POZ,189,-4.333,
15,POZ,190,-0.427,
15,POZ,191,3.967,
15,POZ,192,7.385,
15,POZ,193,8.362,
15,POZ,194,7.874,
15,POZ,195,5.920,
15,POZ,196,2.991,
15,POZ,197,-0.427,
15,POZ,198,-2.869,
15,POZ,199,-4.822,
15,POZ,200,-5.798,
15,POZ,201,-4.822,
15,POZ,202,-3.357,
15,POZ,203,-2.380,
15,POZ,204,-2.380,
15,POZ,205,-3.357,
15,POZ,206,-4.333,
15,POZ,207,-4.822,
15,POZ,208,-3.845,
15,POZ,209,-0.916,
15,POZ,210,2.991,
15,POZ,211,5.920,
15,POZ,212,7.874,
15,POZ,213,7.874,
15,POZ,214,6.897,
15,POZ,215,5.432,
15,POZ,216,4.456,
15,POZ,217,3.967,
15,POZ,218,3.479,
15,POZ,219,3.479,
15,POZ,220,3.479,
15,POZ,221,3.479,
15,POZ,222,2.502,
15,POZ,223,0.549,
15,POZ,224,-1.892,
15,POZ,225,-4.822,
15,POZ,226,-6.775,
15,POZ,227,-6.287,
15,POZ,228,-3.845,
15,POZ,229,0.061,
15,POZ,230,4.456,
15,POZ,231,8.362,
15,POZ,232,11.780,
15,POZ,233,14.221,
15,POZ,234,16.663,
15,POZ,235,17.639,
15,POZ,236,17.151,
15,POZ,237,14.709,
15,POZ,238,9.827,
15,POZ,239,4.944,
15,POZ,240,1.038,
15,POZ,241,-0.916,
15,POZ,242,-0.427,
15,POZ,243,1.038,
15,POZ,244,2.991,
15,POZ,245,4.456,
15,POZ,246,3.967,
15,POZ,247,2.991,
15,POZ,248,1.038,
15,POZ,249,-0.916,
15,POZ,250,-2.869,
15,POZ,251,-3.845,
15,POZ,252,-4.333,
15,POZ,253,-4.333,
15,POZ,254,-2.869,
15,POZ,255,-0.916,
15,OZ,0,-2.330,
15,OZ,1,-3.306,
15,OZ,2,-5.259,
15,OZ,3,-7.701,
15,OZ,4,-10.142,
15,OZ,5,-11.607,
15,OZ,6,-12.583,
15,OZ,7,-13.072,
15,OZ,8,-12.583,
15,OZ,9,-11.607,
15,OZ,10,-9.654,
15,OZ,11,-4.283,
15,OZ,12,1.088,
15,OZ,13,6.948,
15,OZ,14,10.366,
15,OZ,15,11.831,
15,OZ,16,10.366,
15,OZ,17,7.924,
15,OZ,18,4.995,
15,OZ,19,3.042,
15,OZ,20,2.065,
15,OZ,21,0.112,
15,OZ,22,-2.818,
15,OZ,23,-6.724,
15,OZ,24,-11.119,
15,OZ,25,-14.537,
15,OZ,26,-16.001,
15,OZ,27,-15.025,
15,OZ,28,-12.583,
15,OZ,29,-9.165,
15,OZ,30,-6.724,
15,OZ,31,-4.771,
15,OZ,32,-3.306,
15,OZ,33,-2.330,
15,OZ,34,-1.353,
15,OZ,35,0.112,
15,OZ,36,2.065,
15,OZ,37,4.018,
15,OZ,38,5.483,
15,OZ,39,4.506,
15,OZ,40,1.577,
15,OZ,41,-4.283,
15,OZ,42,-10.142,
15,OZ,43,-14.048,
15,OZ,44,-14.537,
15,OZ,45,-11.119,
15,OZ,46,-5.259,
15,OZ,47,0.112,
15,OZ,48,3.530,
15,OZ,49,4.506,
15,OZ,50,4.506,
15,OZ,51,4.018,
15,OZ,52,4.018,
15,OZ,53,5.483,
15,OZ,54,8.413,
15,OZ,55,11.831,
15,OZ,56,15.249,
15,OZ,57,17.202,
15,OZ,58,16.225,
15,OZ,59,13.784,
15,OZ,60,9.878,
15,OZ,61,5.971,
15,OZ,62,3.530,
15,OZ,63,2.065,
15,OZ,64,0.600,
15,OZ,65,-0.865,
15,OZ,66,-2.330,
15,OZ,67,-3.306,
15,OZ,68,-3.306,
15,OZ,69,-2.330,
15,OZ,70,-0.376,
15,OZ,71,2.065,
15,OZ,72,3.042,
15,OZ,73,3.042,
15,OZ,74,2.553,
15,OZ,75,2.065,
15,OZ,76,2.553,
15,OZ,77,4.018,
15,OZ,78,6.460,
15,OZ,79,7.924,
15,OZ,80,7.924,
15,OZ,81,7.436,
15,OZ,82,6.460,
15,OZ,83,5.971,
15,OZ,84,6.948,
15,OZ,85,7.924,
15,OZ,86,7.436,
15,OZ,87,4.506,
15,OZ,88,0.112,
15,OZ,89,-5.747,
15,OZ,90,-11.607,
15,OZ,91,-15.025,
15,OZ,92,-16.978,
15,OZ,93,-16.978,
15,OZ,94,-15.513,
15,OZ,95,-14.048,
15,OZ,96,-12.583,
15,OZ,97,-10.142,
15,OZ,98,-6.236,
15,OZ,99,-0.865,
15,OZ,100,4.018,
15,OZ,101,7.436,
15,OZ,102,8.413,
15,OZ,103,7.924,
15,OZ,104,5.971,
15,OZ,105,2.553,
15,OZ,106,-0.865,
15,OZ,107,-5.259,
15,OZ,108,-8.677,
15,OZ,109,-9.654,
15,OZ,110,-9.165,
15,OZ,111,-7.701,
15,OZ,112,-7.701,
15,OZ,113,-8.677,
15,OZ,114,-11.119,
15,OZ,115,-12.583,
15,OZ,116,-12.095,
15,OZ,117,-9.654,
15,OZ,118,-6.724,
15,OZ,119,-3.794,
15,OZ,120,-1.353,
15,OZ,121,0.600,
15,OZ,122,2.065,
15,OZ,123,3.042,
15,OZ,124,2.553,
15,OZ,125,0.600,
15,OZ,126,-1.841,
15,OZ,127,-3.794,
15,OZ,128,-4.283,
15,OZ,129,-3.794,
15,OZ,130,-2.818,
15,OZ,131,-0.865,
15,OZ,132,2.065,
15,OZ,133,4.506,
15,OZ,134,6.460,
15,OZ,135,5.483,
15,OZ,136,3.042,
15,OZ,137,0.600,
15,OZ,138,0.600,
15,OZ,139,3.042,
15,OZ,140,6.460,
15,OZ,141,8.901,
15,OZ,142,9.878,
15,OZ,143,9.878,
15,OZ,144,10.366,
15,OZ,145,11.831,
15,OZ,146,13.295,
15,OZ,147,13.295,
15,OZ,148,10.366,
15,OZ,149,6.460,
15,OZ,150,3.042,
15,OZ,151,1.577,
15,OZ,152,2.065,
15,OZ,153,4.506,
15,OZ,154,5.971,
15,OZ,155,6.948,
15,OZ,156,7.436,
15,OZ,157,7.436,
15,OZ,158,7.924,
15,OZ,159,8.413,
15,OZ,160,9.389,
15,OZ,161,9.389,
15,OZ,162,8.413,
15,OZ,163,6.948,
15,OZ,164,6.460,
15,OZ,165,5.971,
15,OZ,166,5.483,
15,OZ,167,5.483,
15,OZ,168,4.506,
15,OZ,169,3.530,
15,OZ,170,2.065,
15,OZ,171,2.553,
15,OZ,172,4.995,
15,OZ,173,7.924,
15,OZ,174,9.878,
15,OZ,175,10.366,
15,OZ,176,8.413,
15,OZ,177,5.971,
15,OZ,178,3.530,
15,OZ,179,1.577,
15,OZ,180,0.112,
15,OZ,181,-1.841,
15,OZ,182,-3.794,
15,OZ,183,-6.236,
15,OZ,184,-9.165,
15,OZ,185,-12.583,
15,OZ,186,-15.513,
15,OZ,187,-17.466,
15,OZ,188,-17.466,
15,OZ,189,-15.513,
15,OZ,190,-11.607,
15,OZ,191,-6.724,
15,OZ,192,-1.841,
15,OZ,193,1.088,
15,OZ,194,3.042,
15,OZ,195,1.577,
15,OZ,196,-1.353,
15,OZ,197,-6.236,
15,OZ,198,-11.119,
15,OZ,199,-14.048,
15,OZ,200,-14.048,
15,OZ,201,-12.583,
15,OZ,202,-10.630,
15,OZ,203,-9.654,
15,OZ,204,-10.142,
15,OZ,205,-11.607,
15,OZ,206,-11.607,
15,OZ,207,-11.119,
15,OZ,208,-9.165,
15,OZ,209,-6.236,
15,OZ,210,-3.306,
15,OZ,211,-1.353,
15,OZ,212,-1.353,
15,OZ,213,-2.818,
15,OZ,214,-5.259,
15,OZ,215,-7.212,
15,OZ,216,-8.189,
15,OZ,217,-8.189,
15,OZ,218,-6.236,
15,OZ,219,-4.771,
15,OZ,220,-3.794,
15,OZ,221,-3.306,
15,OZ,222,-3.306,
15,OZ,223,-4.283,
15,OZ,224,-4.771,
15,OZ,225,-5.747,
15,OZ,226,-6.724,
15,OZ,227,-6.724,
15,OZ,228,-5.747,
15,OZ,229,-2.818,
15,OZ,230,0.600,
15,OZ,231,4.995,
15,OZ,232,8.413,
15,OZ,233,11.342,
15,OZ,234,13.295,
15,OZ,235,13.784,
15,OZ,236,13.295,
15,OZ,237,11.831,
15,OZ,238,8.901,
15,OZ,239,5.483,
15,OZ,240,2.065,
15,OZ,241,1.088,
15,OZ,242,2.065,
15,OZ,243,4.506,
15,OZ,244,7.436,
15,OZ,245,8.413,
15,OZ,246,7.436,
15,OZ,247,4.506,
15,OZ,248,1.088,
15,OZ,249,-2.818,
15,OZ,250,-6.236,
15,OZ,251,-9.165,
15,OZ,252,-12.095,
15,OZ,253,-13.560,
15,OZ,254,-12.095,
15,OZ,255,-7.701,
15,P2,0,0.712,
15,P2,1,0.224,
15,P2,2,-1.729,
15,P2,3,-4.171,
15,P2,4,-7.100,
15,P2,5,-9.054,
15,P2,6,-10.030,
15,P2,7,-9.054,
15,P2,8,-7.589,
15,P2,9,-6.124,
15,P2,10,-4.659,
15,P2,11,-2.218,
15,P2,12,0.224,
15,P2,13,2.665,
15,P2,14,4.618,
15,P2,15,4.618,
15,P2,16,3.642,
15,P2,17,1.689,
15,P2,18,0.224,
15,P2,19,-0.264,
15,P2,20,0.224,
15,P2,21,0.224,
15,P2,22,-0.753,
15,P2,23,-2.218,
15,P2,24,-4.171,
15,P2,25,-6.124,
15,P2,26,-6.612,
15,P2,27,-6.612,
15,P2,28,-6.612,
15,P2,29,-6.124,
15,P2,30,-6.124,
15,P2,31,-5.147,
15,P2,32,-4.171,
15,P2,33,-3.194,
15,P2,34,-2.706,
15,P2,35,-2.218,
15,P2,36,-1.729,
15,P2,37,-1.729,
15,P2,38,-2.218,
15,P2,39,-3.682,
15,P2,40,-7.100,
15,P2,41,-10.030,
15,P2,42,-12.960,
15,P2,43,-13.448,
15,P2,44,-11.983,
15,P2,45,-9.542,
15,P2,46,-5.636,
15,P2,47,-1.729,
15,P2,48,1.200,
15,P2,49,2.665,
15,P2,50,2.665,
15,P2,51,2.177,
15,P2,52,1.200,
15,P2,53,1.200,
15,P2,54,2.665,
15,P2,55,4.618,
15,P2,56,6.571,
15,P2,57,7.060,
15,P2,58,5.595,
15,P2,59,3.642,
15,P2,60,1.200,
15,P2,61,0.712,
15,P2,62,0.712,
15,P2,63,0.712,
15,P2,64,0.712,
15,P2,65,-0.753,
15,P2,66,-2.218,
15,P2,67,-2.706,
15,P2,68,-2.218,
15,P2,69,-0.753,
15,P2,70,0.224,
15,P2,71,0.712,
15,P2,72,-1.241,
15,P2,73,-3.682,
15,P2,74,-5.147,
15,P2,75,-5.636,
15,P2,76,-4.171,
15,P2,77,-2.218,
15,P2,78,0.712,
15,P2,79,3.153,
15,P2,80,5.107,
15,P2,81,6.083,
15,P2,82,6.083,
15,P2,83,5.595,
15,P2,84,5.107,
15,P2,85,4.618,
15,P2,86,5.107,
15,P2,87,5.107,
15,P2,88,4.130,
15,P2,89,2.177,
15,P2,90,-0.753,
15,P2,91,-3.194,
15,P2,92,-5.147,
15,P2,93,-6.124,
15,P2,94,-6.612,
15,P2,95,-6.612,
15,P2,96,-5.636,
15,P2,97,-3.194,
15,P2,98,0.224,
15,P2,99,4.130,
15,P2,100,7.548,
15,P2,101,9.501,
15,P2,102,9.989,
15,P2,103,9.013,
15,P2,104,7.060,
15,P2,105,5.595,
15,P2,106,3.642,
15,P2,107,2.665,
15,P2,108,2.665,
15,P2,109,3.642,
15,P2,110,5.107,
15,P2,111,6.571,
15,P2,112,6.083,
15,P2,113,4.618,
15,P2,114,3.642,
15,P2,115,2.665,
15,P2,116,3.642,
15,P2,117,5.107,
15,P2,118,5.595,
15,P2,119,4.618,
15,P2,120,3.153,
15,P2,121,1.200,
15,P2,122,-0.264,
15,P2,123,-1.241,
15,P2,124,-1.729,
15,P2,125,-1.241,
15,P2,126,-1.241,
15,P2,127,0.224,
15,P2,128,1.689,
15,P2,129,3.153,
15,P2,130,5.107,
15,P2,131,7.060,
15,P2,132,8.525,
15,P2,133,9.989,
15,P2,134,10.478,
15,P2,135,9.501,
15,P2,136,8.525,
15,P2,137,7.548,
15,P2,138,7.060,
15,P2,139,7.548,
15,P2,140,8.036,
15,P2,141,8.036,
15,P2,142,7.548,
15,P2,143,7.548,
15,P2,144,8.036,
15,P2,145,7.548,
15,P2,146,7.060,
15,P2,147,5.107,
15,P2,148,3.153,
15,P2,149,1.200,
15,P2,150,0.712,
15,P2,151,1.689,
15,P2,152,3.642,
15,P2,153,5.595,
15,P2,154,7.060,
15,P2,155,7.548,
15,P2,156,8.036,
15,P2,157,8.036,
15,P2,158,8.036,
15,P2,159,8.036,
15,P2,160,8.036,
15,P2,161,7.548,
15,P2,162,7.060,
15,P2,163,6.571,
15,P2,164,5.595,
15,P2,165,4.618,
15,P2,166,4.130,
15,P2,167,3.642,
15,P2,168,2.665,
15,P2,169,1.689,
15,P2,170,0.712,
15,P2,171,0.712,
15,P2,172,0.712,
15,P2,173,2.177,
15,P2,174,3.153,
15,P2,175,4.130,
15,P2,176,4.130,
15,P2,177,3.642,
15,P2,178,2.665,
15,P2,179,2.177,
15,P2,180,1.689,
15,P2,181,0.712,
15,P2,182,-0.264,
15,P2,183,-0.264,
15,P2,184,-1.241,
15,P2,185,-1.241,
15,P2,186,-1.729,
15,P2,187,-2.218,
15,P2,188,-2.218,
15,P2,189,-1.729,
15,P2,190,-0.753,
15,P2,191,0.224,
15,P2,192,1.200,
15,P2,193,1.689,
15,P2,194,1.200,
15,P2,195,-0.264,
15,P2,196,-2.218,
15,P2,197,-4.171,
15,P2,198,-5.636,
15,P2,199,-5.636,
15,P2,200,-4.171,
15,P2,201,-1.729,
15,P2,202,0.712,
15,P2,203,2.177,
15,P2,204,2.665,
15,P2,205,1.689,
15,P2,206,0.712,
15,P2,207,-0.753,
15,P2,208,-0.753,
15,P2,209,-0.264,
15,P2,210,0.224,
15,P2,211,1.200,
15,P2,212,1.689,
15,P2,213,1.689,
15,P2,214,1.689,
15,P2,215,2.177,
15,P2,216,2.177,
15,P2,217,2.177,
15,P2,218,2.665,
15,P2,219,3.153,
15,P2,220,3.153,
15,P2,221,3.642,
15,P2,222,3.642,
15,P2,223,3.642,
15,P2,224,3.153,
15,P2,225,2.665,
15,P2,226,2.177,
15,P2,227,1.689,
15,P2,228,1.689,
15,P2,229,2.665,
15,P2,230,3.153,
15,P2,231,5.107,
15,P2,232,7.060,
15,P2,233,8.525,
15,P2,234,9.989,
15,P2,235,10.478,
15,P2,236,9.501,
15,P2,237,8.036,
15,P2,238,5.595,
15,P2,239,2.665,
15,P2,240,0.712,
15,P2,241,-0.264,
15,P2,242,0.712,
15,P2,243,2.177,
15,P2,244,4.130,
15,P2,245,5.595,
15,P2,246,5.107,
15,P2,247,4.130,
15,P2,248,2.665,
15,P2,249,1.689,
15,P2,250,0.224,
15,P2,251,-0.753,
15,P2,252,-2.706,
15,P2,253,-3.682,
15,P2,254,-4.171,
15,P2,255,-2.706,
15,P1,0,-1.811,
15,P1,1,-2.299,
15,P1,2,-3.276,
15,P1,3,-4.740,
15,P1,4,-6.205,
15,P1,5,-6.205,
15,P1,6,-5.229,
15,P1,7,-3.764,
15,P1,8,-2.299,
15,P1,9,-1.322,
15,P1,10,0.142,
15,P1,11,2.584,
15,P1,12,6.002,
15,P1,13,8.443,
15,P1,14,9.908,
15,P1,15,9.420,
15,P1,16,7.467,
15,P1,17,5.514,
15,P1,18,4.049,
15,P1,19,3.072,
15,P1,20,2.584,
15,P1,21,1.119,
15,P1,22,-0.834,
15,P1,23,-3.276,
15,P1,24,-5.229,
15,P1,25,-6.694,
15,P1,26,-7.182,
15,P1,27,-8.158,
15,P1,28,-8.647,
15,P1,29,-8.158,
15,P1,30,-7.182,
15,P1,31,-5.229,
15,P1,32,-3.276,
15,P1,33,-0.834,
15,P1,34,0.142,
15,P1,35,0.631,
15,P1,36,-0.346,
15,P1,37,-2.299,
15,P1,38,-4.740,
15,P1,39,-7.670,
15,P1,40,-10.600,
15,P1,41,-12.553,
15,P1,42,-13.041,
15,P1,43,-12.065,
15,P1,44,-10.111,
15,P1,45,-7.670,
15,P1,46,-4.740,
15,P1,47,-2.787,
15,P1,48,-1.811,
15,P1,49,-1.811,
15,P1,50,-2.299,
15,P1,51,-2.299,
15,P1,52,-1.811,
15,P1,53,-0.346,
15,P1,54,2.096,
15,P1,55,4.537,
15,P1,56,5.514,
15,P1,57,5.514,
15,P1,58,4.049,
15,P1,59,1.607,
15,P1,60,-0.346,
15,P1,61,-1.811,
15,P1,62,-1.322,
15,P1,63,-0.834,
15,P1,64,0.142,
15,P1,65,0.142,
15,P1,66,0.631,
15,P1,67,1.119,
15,P1,68,2.584,
15,P1,69,4.537,
15,P1,70,5.025,
15,P1,71,4.049,
15,P1,72,2.096,
15,P1,73,0.631,
15,P1,74,0.142,
15,P1,75,0.631,
15,P1,76,1.119,
15,P1,77,1.119,
15,P1,78,0.631,
15,P1,79,-0.834,
15,P1,80,-1.322,
15,P1,81,-0.834,
15,P1,82,0.142,
15,P1,83,2.096,
15,P1,84,3.560,
15,P1,85,5.025,
15,P1,86,5.514,
15,P1,87,4.537,
15,P1,88,3.072,
15,P1,89,1.119,
15,P1,90,-0.346,
15,P1,91,-1.322,
15,P1,92,-1.322,
15,P1,93,-1.811,
15,P1,94,-3.276,
15,P1,95,-4.740,
15,P1,96,-5.229,
15,P1,97,-4.252,
15,P1,98,-1.322,
15,P1,99,1.607,
15,P1,100,4.537,
15,P1,101,5.025,
15,P1,102,4.049,
15,P1,103,1.607,
15,P1,104,0.142,
15,P1,105,0.142,
15,P1,106,1.119,
15,P1,107,3.560,
15,P1,108,5.514,
15,P1,109,7.467,
15,P1,110,7.955,
15,P1,111,7.955,
15,P1,112,6.978,
15,P1,113,5.025,
15,P1,114,3.072,
15,P1,115,2.096,
15,P1,116,2.096,
15,P1,117,2.584,
15,P1,118,3.072,
15,P1,119,4.049,
15,P1,120,5.025,
15,P1,121,5.514,
15,P1,122,5.514,
15,P1,123,5.025,
15,P1,124,3.560,
15,P1,125,1.607,
15,P1,126,0.631,
15,P1,127,0.631,
15,P1,128,2.096,
15,P1,129,4.049,
15,P1,130,6.002,
15,P1,131,6.978,
15,P1,132,7.467,
15,P1,133,7.467,
15,P1,134,7.955,
15,P1,135,7.955,
15,P1,136,7.955,
15,P1,137,7.467,
15,P1,138,6.978,
15,P1,139,7.467,
15,P1,140,7.955,
15,P1,141,7.955,
15,P1,142,7.467,
15,P1,143,6.978,
15,P1,144,6.490,
15,P1,145,6.978,
15,P1,146,7.955,
15,P1,147,8.443,
15,P1,148,7.955,
15,P1,149,7.467,
15,P1,150,7.467,
15,P1,151,8.931,
15,P1,152,10.396,
15,P1,153,11.373,
15,P1,154,10.396,
15,P1,155,7.955,
15,P1,156,6.002,
15,P1,157,5.025,
15,P1,158,5.025,
15,P1,159,5.514,
15,P1,160,4.537,
15,P1,161,3.560,
15,P1,162,3.072,
15,P1,163,4.049,
15,P1,164,5.514,
15,P1,165,6.490,
15,P1,166,6.490,
15,P1,167,6.002,
15,P1,168,5.514,
15,P1,169,5.514,
15,P1,170,6.490,
15,P1,171,6.978,
15,P1,172,6.490,
15,P1,173,5.025,
15,P1,174,4.049,
15,P1,175,4.537,
15,P1,176,6.002,
15,P1,177,7.955,
15,P1,178,8.931,
15,P1,179,7.955,
15,P1,180,6.002,
15,P1,181,4.537,
15,P1,182,4.049,
15,P1,183,5.025,
15,P1,184,5.514,
15,P1,185,5.514,
15,P1,186,3.560,
15,P1,187,2.584,
15,P1,188,2.584,
15,P1,189,5.025,
15,P1,190,8.931,
15,P1,191,11.861,
15,P1,192,13.326,
15,P1,193,13.326,
15,P1,194,12.349,
15,P1,195,10.885,
15,P1,196,10.396,
15,P1,197,9.420,
15,P1,198,7.955,
15,P1,199,6.978,
15,P1,200,6.002,
15,P1,201,6.978,
15,P1,202,8.443,
15,P1,203,9.420,
15,P1,204,9.908,
15,P1,205,8.931,
15,P1,206,7.955,
15,P1,207,7.467,
15,P1,208,8.931,
15,P1,209,10.885,
15,P1,210,13.326,
15,P1,211,14.791,
15,P1,212,15.279,
15,P1,213,14.791,
15,P1,214,13.814,
15,P1,215,13.326,
15,P1,216,13.326,
15,P1,217,12.349,
15,P1,218,11.373,
15,P1,219,9.908,
15,P1,220,8.443,
15,P1,221,6.978,
15,P1,222,5.514,
15,P1,223,4.537,
15,P1,224,3.560,
15,P1,225,3.072,
15,P1,226,3.072,
15,P1,227,4.049,
15,P1,228,6.978,
15,P1,229,10.396,
15,P1,230,13.814,
15,P1,231,17.232,
15,P1,232,19.674,
15,P1,233,21.627,
15,P1,234,22.603,
15,P1,235,22.115,
15,P1,236,20.162,
15,P1,237,16.256,
15,P1,238,11.861,
15,P1,239,7.467,
15,P1,240,3.072,
15,P1,241,0.142,
15,P1,242,-1.322,
15,P1,243,-0.834,
15,P1,244,-0.346,
15,P1,245,1.119,
15,P1,246,2.096,
15,P1,247,2.584,
15,P1,248,2.096,
15,P1,249,1.607,
15,P1,250,1.119,
15,P1,251,0.631,
15,P1,252,1.607,
15,P1,253,3.072,
15,P1,254,5.025,
15,P1,255,6.978,
15,CPZ,0,-0.783,
15,CPZ,1,-0.295,
15,CPZ,2,-0.783,
15,CPZ,3,-1.760,
15,CPZ,4,-3.225,
15,CPZ,5,-4.201,
15,CPZ,6,-5.178,
15,CPZ,7,-5.178,
15,CPZ,8,-4.690,
15,CPZ,9,-3.713,
15,CPZ,10,-2.736,
15,CPZ,11,-1.272,
15,CPZ,12,-0.295,
15,CPZ,13,0.682,
15,CPZ,14,1.170,
15,CPZ,15,0.682,
15,CPZ,16,0.193,
15,CPZ,17,-0.295,
15,CPZ,18,-0.295,
15,CPZ,19,-0.295,
15,CPZ,20,0.193,
15,CPZ,21,0.193,
15,CPZ,22,-0.295,
15,CPZ,23,-1.760,
15,CPZ,24,-2.248,
15,CPZ,25,-2.736,
15,CPZ,26,-2.248,
15,CPZ,27,-2.248,
15,CPZ,28,-2.248,
15,CPZ,29,-2.248,
15,CPZ,30,-2.248,
15,CPZ,31,-2.248,
15,CPZ,32,-1.760,
15,CPZ,33,-1.272,
15,CPZ,34,-1.760,
15,CPZ,35,-2.248,
15,CPZ,36,-2.736,
15,CPZ,37,-3.225,
15,CPZ,38,-3.225,
15,CPZ,39,-3.225,
15,CPZ,40,-3.713,
15,CPZ,41,-4.201,
15,CPZ,42,-5.178,
15,CPZ,43,-5.178,
15,CPZ,44,-4.690,
15,CPZ,45,-3.713,
15,CPZ,46,-2.248,
15,CPZ,47,-1.272,
15,CPZ,48,-0.295,
15,CPZ,49,0.193,
15,CPZ,50,0.193,
15,CPZ,51,-0.295,
15,CPZ,52,-1.272,
15,CPZ,53,-1.760,
15,CPZ,54,-1.760,
15,CPZ,55,-1.272,
15,CPZ,56,-0.295,
15,CPZ,57,-0.295,
15,CPZ,58,-0.295,
15,CPZ,59,-1.272,
15,CPZ,60,-1.760,
15,CPZ,61,-1.760,
15,CPZ,62,-1.272,
15,CPZ,63,-0.783,
15,CPZ,64,-0.783,
15,CPZ,65,-0.783,
15,CPZ,66,-0.783,
15,CPZ,67,-0.783,
15,CPZ,68,-0.295,
15,CPZ,69,0.193,
15,CPZ,70,0.193,
15,CPZ,71,-0.295,
15,CPZ,72,-1.272,
15,CPZ,73,-2.248,
15,CPZ,74,-2.736,
15,CPZ,75,-3.713,
15,CPZ,76,-3.225,
15,CPZ,77,-2.736,
15,CPZ,78,-2.248,
15,CPZ,79,-1.272,
15,CPZ,80,-0.783,
15,CPZ,81,-0.295,
15,CPZ,82,0.193,
15,CPZ,83,0.682,
15,CPZ,84,1.170,
15,CPZ,85,2.146,
15,CPZ,86,2.635,
15,CPZ,87,3.123,
15,CPZ,88,3.123,
15,CPZ,89,1.658,
15,CPZ,90,0.682,
15,CPZ,91,-0.783,
15,CPZ,92,-1.272,
15,CPZ,93,-2.248,
15,CPZ,94,-2.736,
15,CPZ,95,-3.225,
15,CPZ,96,-3.713,
15,CPZ,97,-2.736,
15,CPZ,98,-1.760,
15,CPZ,99,0.193,
15,CPZ,100,1.658,
15,CPZ,101,2.635,
15,CPZ,102,2.635,
15,CPZ,103,1.658,
15,CPZ,104,1.170,
15,CPZ,105,1.170,
15,CPZ,106,1.170,
15,CPZ,107,1.658,
15,CPZ,108,2.635,
15,CPZ,109,3.611,
15,CPZ,110,4.588,
15,CPZ,111,5.564,
15,CPZ,112,5.564,
15,CPZ,113,4.588,
15,CPZ,114,3.611,
15,CPZ,115,3.123,
15,CPZ,116,2.635,
15,CPZ,117,2.635,
15,CPZ,118,2.146,
15,CPZ,119,1.658,
15,CPZ,120,0.682,
15,CPZ,121,-0.295,
15,CPZ,122,-1.760,
15,CPZ,123,-2.248,
15,CPZ,124,-2.736,
15,CPZ,125,-2.248,
15,CPZ,126,-1.760,
15,CPZ,127,-0.295,
15,CPZ,128,1.170,
15,CPZ,129,2.146,
15,CPZ,130,3.611,
15,CPZ,131,4.588,
15,CPZ,132,6.053,
15,CPZ,133,6.541,
15,CPZ,134,7.029,
15,CPZ,135,6.541,
15,CPZ,136,6.053,
15,CPZ,137,5.076,
15,CPZ,138,4.588,
15,CPZ,139,4.588,
15,CPZ,140,4.100,
15,CPZ,141,3.611,
15,CPZ,142,3.123,
15,CPZ,143,2.635,
15,CPZ,144,2.146,
15,CPZ,145,2.146,
15,CPZ,146,2.146,
15,CPZ,147,1.658,
15,CPZ,148,1.170,
15,CPZ,149,1.170,
15,CPZ,150,1.170,
15,CPZ,151,1.658,
15,CPZ,152,2.635,
15,CPZ,153,3.611,
15,CPZ,154,3.611,
15,CPZ,155,4.100,
15,CPZ,156,4.100,
15,CPZ,157,4.100,
15,CPZ,158,4.100,
15,CPZ,159,4.100,
15,CPZ,160,3.611,
15,CPZ,161,3.123,
15,CPZ,162,3.123,
15,CPZ,163,2.635,
15,CPZ,164,2.146,
15,CPZ,165,1.658,
15,CPZ,166,1.170,
15,CPZ,167,1.170,
15,CPZ,168,0.193,
15,CPZ,169,0.193,
15,CPZ,170,-0.295,
15,CPZ,171,-0.295,
15,CPZ,172,-0.295,
15,CPZ,173,0.682,
15,CPZ,174,1.658,
15,CPZ,175,2.146,
15,CPZ,176,2.146,
15,CPZ,177,1.658,
15,CPZ,178,1.170,
15,CPZ,179,0.682,
15,CPZ,180,0.682,
15,CPZ,181,0.682,
15,CPZ,182,0.682,
15,CPZ,183,0.682,
15,CPZ,184,0.193,
15,CPZ,185,-0.295,
15,CPZ,186,-0.783,
15,CPZ,187,-1.272,
15,CPZ,188,-1.272,
15,CPZ,189,-0.783,
15,CPZ,190,-0.295,
15,CPZ,191,0.193,
15,CPZ,192,0.682,
15,CPZ,193,1.170,
15,CPZ,194,0.682,
15,CPZ,195,0.193,
15,CPZ,196,-0.295,
15,CPZ,197,-1.272,
15,CPZ,198,-1.760,
15,CPZ,199,-1.760,
15,CPZ,200,-1.272,
15,CPZ,201,-0.295,
15,CPZ,202,0.193,
15,CPZ,203,1.170,
15,CPZ,204,1.170,
15,CPZ,205,0.682,
15,CPZ,206,0.193,
15,CPZ,207,-0.295,
15,CPZ,208,-0.295,
15,CPZ,209,-0.295,
15,CPZ,210,0.193,
15,CPZ,211,1.170,
15,CPZ,212,1.658,
15,CPZ,213,2.146,
15,CPZ,214,2.146,
15,CPZ,215,2.146,
15,CPZ,216,2.146,
15,CPZ,217,1.658,
15,CPZ,218,1.170,
15,CPZ,219,0.682,
15,CPZ,220,0.682,
15,CPZ,221,0.682,
15,CPZ,222,0.193,
15,CPZ,223,-0.295,
15,CPZ,224,-0.783,
15,CPZ,225,-1.272,
15,CPZ,226,-1.272,
15,CPZ,227,-0.783,
15,CPZ,228,0.193,
15,CPZ,229,1.658,
15,CPZ,230,2.635,
15,CPZ,231,3.611,
15,CPZ,232,4.588,
15,CPZ,233,5.564,
15,CPZ,234,6.541,
15,CPZ,235,7.517,
15,CPZ,236,7.517,
15,CPZ,237,7.029,
15,CPZ,238,5.076,
15,CPZ,239,2.635,
15,CPZ,240,0.682,
15,CPZ,241,-1.272,
15,CPZ,242,-1.760,
15,CPZ,243,-1.760,
15,CPZ,244,-1.272,
15,CPZ,245,-0.783,
15,CPZ,246,-0.783,
15,CPZ,247,-0.783,
15,CPZ,248,-1.272,
15,CPZ,249,-0.783,
15,CPZ,250,-0.783,
15,CPZ,251,-0.783,
15,CPZ,252,-1.272,
15,CPZ,253,-1.272,
15,CPZ,254,-1.760,
15,CPZ,255,-1.760,
15,nd,0,-5.585,
15,nd,1,-2.167,
15,nd,2,2.716,
15,nd,3,9.552,
15,nd,4,15.900,
15,nd,5,20.782,
15,nd,6,23.224,
15,nd,7,22.247,
15,nd,8,20.294,
15,nd,9,17.365,
15,nd,10,14.435,
15,nd,11,11.993,
15,nd,12,10.040,
15,nd,13,10.040,
15,nd,14,11.017,
15,nd,15,12.482,
15,nd,16,12.482,
15,nd,17,11.017,
15,nd,18,8.087,
15,nd,19,4.181,
15,nd,20,0.275,
15,nd,21,-1.190,
15,nd,22,-0.702,
15,nd,23,0.763,
15,nd,24,1.740,
15,nd,25,2.228,
15,nd,26,1.740,
15,nd,27,0.763,
15,nd,28,0.763,
15,nd,29,2.716,
15,nd,30,6.134,
15,nd,31,11.017,
15,nd,32,15.900,
15,nd,33,19.806,
15,nd,34,23.712,
15,nd,35,25.665,
15,nd,36,26.642,
15,nd,37,25.665,
15,nd,38,23.224,
15,nd,39,19.806,
15,nd,40,15.900,
15,nd,41,11.993,
15,nd,42,8.575,
15,nd,43,6.134,
15,nd,44,4.669,
15,nd,45,4.669,
15,nd,46,5.157,
15,nd,47,5.157,
15,nd,48,5.646,
15,nd,49,5.646,
15,nd,50,5.646,
15,nd,51,6.622,
15,nd,52,8.575,
15,nd,53,12.482,
15,nd,54,18.341,
15,nd,55,24.689,
15,nd,56,30.548,
15,nd,57,34.454,
15,nd,58,35.431,
15,nd,59,33.966,
15,nd,60,30.060,
15,nd,61,24.200,
15,nd,62,18.341,
15,nd,63,13.947,
15,nd,64,11.505,
15,nd,65,11.017,
15,nd,66,11.993,
15,nd,67,12.970,
15,nd,68,12.482,
15,nd,69,11.505,
15,nd,70,9.552,
15,nd,71,8.575,
15,nd,72,9.064,
15,nd,73,10.529,
15,nd,74,12.482,
15,nd,75,14.923,
15,nd,76,18.829,
15,nd,77,23.712,
15,nd,78,29.083,
15,nd,79,32.501,
15,nd,80,33.478,
15,nd,81,30.548,
15,nd,82,25.177,
15,nd,83,18.341,
15,nd,84,12.482,
15,nd,85,8.087,
15,nd,86,5.157,
15,nd,87,3.693,
15,nd,88,2.228,
15,nd,89,1.251,
15,nd,90,1.740,
15,nd,91,2.716,
15,nd,92,3.693,
15,nd,93,4.669,
15,nd,94,4.669,
15,nd,95,4.669,
15,nd,96,4.181,
15,nd,97,4.669,
15,nd,98,6.134,
15,nd,99,8.087,
15,nd,100,9.552,
15,nd,101,10.040,
15,nd,102,8.575,
15,nd,103,5.646,
15,nd,104,1.740,
15,nd,105,-2.167,
15,nd,106,-4.608,
15,nd,107,-6.073,
15,nd,108,-6.073,
15,nd,109,-5.585,
15,nd,110,-5.585,
15,nd,111,-6.561,
15,nd,112,-8.026,
15,nd,113,-10.468,
15,nd,114,-11.932,
15,nd,115,-11.444,
15,nd,116,-8.514,
15,nd,117,-2.655,
15,nd,118,3.693,
15,nd,119,9.552,
15,nd,120,13.947,
15,nd,121,16.876,
15,nd,122,18.341,
15,nd,123,19.806,
15,nd,124,20.294,
15,nd,125,19.318,
15,nd,126,17.365,
15,nd,127,15.411,
15,nd,128,13.458,
15,nd,129,11.505,
15,nd,130,9.064,
15,nd,131,6.134,
15,nd,132,3.693,
15,nd,133,1.740,
15,nd,134,1.740,
15,nd,135,3.204,
15,nd,136,4.669,
15,nd,137,6.622,
15,nd,138,8.087,
15,nd,139,10.040,
15,nd,140,12.970,
15,nd,141,16.876,
15,nd,142,20.294,
15,nd,143,22.736,
15,nd,144,23.712,
15,nd,145,23.712,
15,nd,146,23.224,
15,nd,147,21.759,
15,nd,148,18.829,
15,nd,149,14.923,
15,nd,150,11.505,
15,nd,151,9.064,
15,nd,152,8.575,
15,nd,153,9.064,
15,nd,154,7.599,
15,nd,155,4.181,
15,nd,156,0.763,
15,nd,157,-0.702,
15,nd,158,0.763,
15,nd,159,4.669,
15,nd,160,8.087,
15,nd,161,9.064,
15,nd,162,9.064,
15,nd,163,9.064,
15,nd,164,10.040,
15,nd,165,12.482,
15,nd,166,14.923,
15,nd,167,15.411,
15,nd,168,14.435,
15,nd,169,12.482,
15,nd,170,10.529,
15,nd,171,8.575,
15,nd,172,6.622,
15,nd,173,3.693,
15,nd,174,0.763,
15,nd,175,-0.702,
15,nd,176,0.275,
15,nd,177,3.204,
15,nd,178,5.646,
15,nd,179,6.622,
15,nd,180,6.622,
15,nd,181,6.134,
15,nd,182,6.622,
15,nd,183,7.599,
15,nd,184,7.599,
15,nd,185,4.669,
15,nd,186,0.275,
15,nd,187,-3.632,
15,nd,188,-3.143,
15,nd,189,2.228,
15,nd,190,11.017,
15,nd,191,20.294,
15,nd,192,25.665,
15,nd,193,26.154,
15,nd,194,22.247,
15,nd,195,17.365,
15,nd,196,13.947,
15,nd,197,12.970,
15,nd,198,14.435,
15,nd,199,15.411,
15,nd,200,14.435,
15,nd,201,11.993,
15,nd,202,9.064,
15,nd,203,5.646,
15,nd,204,4.181,
15,nd,205,3.693,
15,nd,206,4.669,
15,nd,207,7.111,
15,nd,208,10.529,
15,nd,209,14.435,
15,nd,210,17.853,
15,nd,211,19.806,
15,nd,212,19.806,
15,nd,213,16.876,
15,nd,214,12.482,
15,nd,215,9.552,
15,nd,216,9.064,
15,nd,217,11.017,
15,nd,218,14.435,
15,nd,219,17.365,
15,nd,220,18.341,
15,nd,221,18.341,
15,nd,222,18.829,
15,nd,223,19.806,
15,nd,224,20.782,
15,nd,225,19.318,
15,nd,226,14.435,
15,nd,227,8.087,
15,nd,228,1.740,
15,nd,229,-0.702,
15,nd,230,1.251,
15,nd,231,6.622,
15,nd,232,12.970,
15,nd,233,18.341,
15,nd,234,20.294,
15,nd,235,18.829,
15,nd,236,14.923,
15,nd,237,11.017,
15,nd,238,8.575,
15,nd,239,8.575,
15,nd,240,11.017,
15,nd,241,13.947,
15,nd,242,16.876,
15,nd,243,18.829,
15,nd,244,20.294,
15,nd,245,21.271,
15,nd,246,21.271,
15,nd,247,20.294,
15,nd,248,17.365,
15,nd,249,13.458,
15,nd,250,9.064,
15,nd,251,6.134,
15,nd,252,5.157,
15,nd,253,7.599,
15,nd,254,11.017,
15,nd,255,15.411,
15,Y,0,-5.473,
15,Y,1,-2.055,
15,Y,2,3.805,
15,Y,3,10.152,
15,Y,4,16.988,
15,Y,5,21.383,
15,Y,6,23.824,
15,Y,7,23.336,
15,Y,8,21.383,
15,Y,9,18.453,
15,Y,10,14.547,
15,Y,11,12.105,
15,Y,12,10.640,
15,Y,13,10.640,
15,Y,14,11.617,
15,Y,15,13.082,
15,Y,16,13.570,
15,Y,17,12.105,
15,Y,18,8.687,
15,Y,19,4.293,
15,Y,20,0.875,
15,Y,21,-1.078,
15,Y,22,-1.078,
15,Y,23,0.875,
15,Y,24,2.340,
15,Y,25,2.828,
15,Y,26,1.851,
15,Y,27,0.875,
15,Y,28,1.363,
15,Y,29,3.316,
15,Y,30,7.222,
15,Y,31,12.105,
15,Y,32,16.988,
15,Y,33,21.383,
15,Y,34,24.801,
15,Y,35,26.754,
15,Y,36,27.730,
15,Y,37,26.754,
15,Y,38,24.312,
15,Y,39,20.406,
15,Y,40,16.500,
15,Y,41,12.594,
15,Y,42,9.176,
15,Y,43,6.734,
15,Y,44,5.269,
15,Y,45,4.781,
15,Y,46,5.269,
15,Y,47,5.758,
15,Y,48,6.246,
15,Y,49,6.246,
15,Y,50,6.246,
15,Y,51,6.734,
15,Y,52,9.176,
15,Y,53,13.570,
15,Y,54,19.918,
15,Y,55,26.754,
15,Y,56,32.613,
15,Y,57,36.519,
15,Y,58,37.496,
15,Y,59,35.543,
15,Y,60,31.148,
15,Y,61,25.777,
15,Y,62,19.918,
15,Y,63,15.035,
15,Y,64,12.105,
15,Y,65,11.617,
15,Y,66,12.594,
15,Y,67,13.570,
15,Y,68,13.570,
15,Y,69,12.105,
15,Y,70,10.640,
15,Y,71,9.664,
15,Y,72,9.664,
15,Y,73,11.129,
15,Y,74,13.570,
15,Y,75,16.012,
15,Y,76,19.918,
15,Y,77,25.289,
15,Y,78,30.660,
15,Y,79,34.566,
15,Y,80,35.055,
15,Y,81,32.125,
15,Y,82,26.265,
15,Y,83,19.430,
15,Y,84,13.082,
15,Y,85,8.687,
15,Y,86,5.758,
15,Y,87,4.293,
15,Y,88,2.828,
15,Y,89,1.851,
15,Y,90,1.851,
15,Y,91,2.828,
15,Y,92,4.293,
15,Y,93,5.269,
15,Y,94,5.269,
15,Y,95,4.781,
15,Y,96,4.293,
15,Y,97,4.781,
15,Y,98,6.246,
15,Y,99,8.687,
15,Y,100,10.152,
15,Y,101,10.640,
15,Y,102,9.176,
15,Y,103,5.758,
15,Y,104,1.851,
15,Y,105,-1.567,
15,Y,106,-4.496,
15,Y,107,-5.473,
15,Y,108,-5.961,
15,Y,109,-5.473,
15,Y,110,-5.961,
15,Y,111,-6.938,
15,Y,112,-8.403,
15,Y,113,-10.844,
15,Y,114,-11.820,
15,Y,115,-11.332,
15,Y,116,-8.403,
15,Y,117,-2.543,
15,Y,118,4.293,
15,Y,119,10.640,
15,Y,120,15.035,
15,Y,121,17.965,
15,Y,122,19.918,
15,Y,123,20.894,
15,Y,124,21.383,
15,Y,125,20.406,
15,Y,126,18.941,
15,Y,127,16.012,
15,Y,128,14.058,
15,Y,129,12.105,
15,Y,130,9.664,
15,Y,131,6.734,
15,Y,132,3.805,
15,Y,133,1.851,
15,Y,134,1.851,
15,Y,135,3.316,
15,Y,136,4.781,
15,Y,137,7.222,
15,Y,138,8.687,
15,Y,139,11.129,
15,Y,140,14.058,
15,Y,141,17.965,
15,Y,142,21.383,
15,Y,143,24.312,
15,Y,144,25.289,
15,Y,145,25.289,
15,Y,146,24.312,
15,Y,147,22.847,
15,Y,148,19.918,
15,Y,149,16.012,
15,Y,150,12.105,
15,Y,151,10.152,
15,Y,152,9.664,
15,Y,153,9.176,
15,Y,154,7.711,
15,Y,155,4.781,
15,Y,156,0.875,
15,Y,157,-0.590,
15,Y,158,0.875,
15,Y,159,5.269,
15,Y,160,8.687,
15,Y,161,9.664,
15,Y,162,9.664,
15,Y,163,9.664,
15,Y,164,11.129,
15,Y,165,13.570,
15,Y,166,16.012,
15,Y,167,16.988,
15,Y,168,15.523,
15,Y,169,13.082,
15,Y,170,11.129,
15,Y,171,9.176,
15,Y,172,6.734,
15,Y,173,4.293,
15,Y,174,1.363,
15,Y,175,-0.102,
15,Y,176,0.875,
15,Y,177,3.316,
15,Y,178,5.758,
15,Y,179,7.222,
15,Y,180,7.222,
15,Y,181,6.734,
15,Y,182,7.711,
15,Y,183,8.687,
15,Y,184,8.199,
15,Y,185,5.758,
15,Y,186,0.875,
15,Y,187,-3.031,
15,Y,188,-2.543,
15,Y,189,2.828,
15,Y,190,12.594,
15,Y,191,21.871,
15,Y,192,27.242,
15,Y,193,27.730,
15,Y,194,23.336,
15,Y,195,18.453,
15,Y,196,15.035,
15,Y,197,14.547,
15,Y,198,16.012,
15,Y,199,16.500,
15,Y,200,15.523,
15,Y,201,13.082,
15,Y,202,9.176,
15,Y,203,6.734,
15,Y,204,4.293,
15,Y,205,4.293,
15,Y,206,5.269,
15,Y,207,7.711,
15,Y,208,11.129,
15,Y,209,15.035,
15,Y,210,18.941,
15,Y,211,21.383,
15,Y,212,20.894,
15,Y,213,17.965,
15,Y,214,13.570,
15,Y,215,10.640,
15,Y,216,9.664,
15,Y,217,12.105,
15,Y,218,15.523,
15,Y,219,18.453,
15,Y,220,19.430,
15,Y,221,19.430,
15,Y,222,19.430,
15,Y,223,20.406,
15,Y,224,21.383,
15,Y,225,19.918,
15,Y,226,15.035,
15,Y,227,8.199,
15,Y,228,1.851,
15,Y,229,-1.078,
15,Y,230,1.363,
15,Y,231,7.222,
15,Y,232,14.547,
15,Y,233,19.430,
15,Y,234,20.894,
15,Y,235,19.430,
15,Y,236,15.523,
15,Y,237,11.617,
15,Y,238,9.664,
15,Y,239,9.664,
15,Y,240,12.105,
15,Y,241,15.035,
15,Y,242,17.476,
15,Y,243,19.430,
15,Y,244,20.894,
15,Y,245,21.871,
15,Y,246,22.359,
15,Y,247,21.383,
15,Y,248,18.453,
15,Y,249,14.547,
15,Y,250,9.664,
15,Y,251,6.734,
15,Y,252,6.246,
15,Y,253,8.199,
15,Y,254,12.105,
15,Y,255,16.500,
